0.0
3.0
-1.0
0.0
6.0
32.0
-3.0
36.0
-3.0
35.0
-1.0
0.0
-1.0
30.0
-3.0
35.0
2.0
31.0
34.0
3.0
32.0
3.0
36.0
251.0
-3.0
4.0
1.0
30.0
-1.0
-7.0
29.0
-2.0
-4.0
-11.0
36.0
11.0
31.0
3.0
36.0
2.0
36.0
-3.0
31.0
-3.0
38.0
2.0
35.0
-4.0
34.0
-2.0
6.0
-8.0
38.0
-1.0
33.0
2.0
30.0
7.0
2.0
4.0
34.0
-2.0
-1.0
3.0
31.0
-5.0
8.0
31.0
0.0
4.0
1.0
2.0
32.0
5.0
-6.0
0.0
34.0
-1.0
28.0
-12.0
35.0
-1.0
31.0
2.0
-2.0
0.0
30.0
0.0
35.0
-4.0
33.0
-3.0
33.0
-5.0
32.0
2.0
31.0
-4.0
264.0
35.0
-2.0
2.0
31.0
-4.0
31.0
-3.0
36.0
-4.0
31.0
-2.0
30.0
-2.0
0.0
31.0
1.0
32.0
-2.0
30.0
115.0
31.0
0.0
32.0
-4.0
38.0
-1.0
2.0
34.0
0.0
34.0
-1.0
36.0
-5.0
2.0
31.0
-11.0
36.0
2.0
33.0
3.0
35.0
-9.0
-3.0
-1.0
36.0
-6.0
2.0
-3.0
33.0
-1.0
-1.0
31.0
-2.0
33.0
-3.0
33.0
3.0
28.0
-5.0
0.0
32.0
-4.0
33.0
2.0
2.0
0.0
31.0
123.0
34.0
-4.0
-2.0
32.0
-3.0
39.0
-1.0
31.0
-1.0
31.0
2.0
36.0
2.0
32.0
2.0
35.0
2.0
37.0
4.0
-2.0
36.0
-4.0
34.0
285.0
28.0
-3.0
32.0
-3.0
35.0
1.0
-4.0
35.0
-1.0
31.0
-3.0
189.0
32.0
-1.0
34.0
-1.0
34.0
-15.0
32.0
-5.0
31.0
-31.0
44.0
-8.0
37.0
-9.0
36.0
0.0
-3.0
29.0
-5.0
32.0
-1.0
33.0
4.0
32.0
71.0
31.0
3.0
30.0
0.0
38.0
-5.0
36.0
0.0
3.0
34.0
3.0
-5.0
-3.0
3.0
-8.0
32.0
3.0
-4.0
7.0
2.0
3.0
-8.0
36.0
3.0
3.0
-3.0
-1.0
32.0
2.0
31.0
-2.0
35.0
-3.0
31.0
0.0
37.0
0.0
-3.0
33.0
-1.0
31.0
-1.0
32.0
-4.0
34.0
0.0
35.0
2.0
34.0
2.0
34.0
4.0
6.0
34.0
-8.0
35.0
-1.0
-3.0
29.0
-2.0
35.0
-6.0
33.0
-1.0
31.0
2.0
31.0
2.0
-1.0
-1.0
2.0
33.0
3.0
29.0
0.0
0.0
2.0
-1.0
36.0
-2.0
31.0
0.0
-4.0
33.0
-4.0
35.0
1.0
32.0
-2.0
36.0
2.0
35.0
1.0
32.0
2.0
28.0
-4.0
2.0
2.0
36.0
1.0
-1.0
39.0
7.0
4.0
33.0
-9.0
33.0
1.0
36.0
-1.0
-1.0
1.0
34.0
4.0
-4.0
29.0
408.0
21.0
1.0
33.0
3.0
1.0
-5.0
2.0
-1.0
2.0
32.0
0.0
31.0
0.0
34.0
4.0
34.0
-3.0
35.0
1.0
-1.0
-1.0
35.0
-3.0
0.0
-4.0
1.0
1.0
30.0
5.0
2.0
34.0
0.0
34.0
2.0
32.0
49.0
-9.0
0.0
4.0
31.0
-1.0
28.0
3.0
32.0
0.0
-4.0
35.0
-1.0
-9.0
36.0
-1.0
35.0
0.0
126.0
4.0
2.0
31.0
3.0
32.0
-1.0
35.0
3.0
37.0
6.0
0.0
-6.0
2.0
0.0
30.0
6.0
-5.0
36.0
-4.0
28.0
307.0
-3.0
36.0
-2.0
30.0
-1.0
31.0
-2.0
35.0
0.0
29.0
2.0
-6.0
33.0
1.0
31.0
2.0
1.0
35.0
-4.0
33.0
-3.0
27.0
4.0
33.0
3.0
32.0
-1.0
3.0
31.0
-2.0
35.0
3.0
-1.0
31.0
0.0
0.0
-5.0
-1.0
33.0
-1.0
347.0
-6.0
38.0
-1.0
-5.0
-3.0
0.0
38.0
3.0
29.0
4.0
31.0
2.0
0.0
35.0
-3.0
33.0
-1.0
3.0
3.0
32.0
-3.0
0.0
34.0
7.0
-1.0
1.0
-5.0
6.0
-4.0
36.0
5.0
-1.0
32.0
0.0
5.0
32.0
2.0
0.0
34.0
-4.0
33.0
-1.0
4.0
32.0
-4.0
36.0
3.0
1.0
0.0
2.0
-2.0
34.0
-5.0
-1.0
32.0
-1.0
-3.0
34.0
-3.0
35.0
3.0
32.0
-2.0
31.0
-3.0
-1.0
32.0
-3.0
0.0
-1.0
31.0
-2.0
32.0
8.0
34.0
-4.0
32.0
5.0
2.0
33.0
2.0
-9.0
34.0
6.0
35.0
2.0
35.0
-1.0
32.0
0.0
2.0
2.0
2.0
34.0
0.0
3.0
0.0
35.0
5.0
30.0
0.0
34.0
-2.0
-4.0
33.0
-1.0
29.0
-5.0
-4.0
-5.0
32.0
6.0
4.0
37.0
-3.0
29.0
2.0
35.0
-1.0
-1.0
32.0
-3.0
34.0
1.0
32.0
-4.0
34.0
4.0
-6.0
35.0
-1.0
35.0
3.0
318.0
28.0
-1.0
35.0
2.0
29.0
3.0
28.0
4.0
-1.0
31.0
-2.0
424.0
15.0
-1.0
34.0
3.0
31.0
-1.0
32.0
1.0
6.0
3.0
36.0
-9.0
34.0
3.0
-8.0
36.0
-1.0
-1.0
29.0
4.0
2.0
30.0
-1.0
38.0
3.0
38.0
-3.0
0.0
35.0
-1.0
2.0
-2.0
0.0
3.0
-1.0
35.0
0.0
30.0
130.0
-3.0
32.0
135.0
4.0
2.0
32.0
2.0
30.0
2.0
6.0
-1.0
34.0
3.0
0.0
0.0
32.0
6.0
32.0
-4.0
52.0
-1.0
28.0
-1.0
-2.0
-1.0
35.0
0.0
34.0
-2.0
2.0
37.0
-1.0
29.0
1.0
37.0
3.0
33.0
5.0
35.0
-2.0
31.0
2.0
-5.0
30.0
-1.0
-1.0
36.0
3.0
33.0
2.0
4.0
30.0
2.0
31.0
-6.0
6.0
0.0
6.0
33.0
4.0
30.0
0.0
33.0
4.0
28.0
-11.0
35.0
3.0
7.0
36.0
3.0
-1.0
32.0
0.0
35.0
-4.0
28.0
2.0
35.0
-2.0
-1.0
3.0
36.0
1.0
35.0
-1.0
33.0
-1.0
38.0
-1.0
31.0
-1.0
32.0
-3.0
-6.0
-18.0
36.0
4.0
31.0
-1.0
2.0
37.0
-1.0
-1.0
30.0
-9.0
34.0
2.0
0.0
33.0
339.0
30.0
-1.0
-1.0
2.0
0.0
33.0
-1.0
30.0
-3.0
33.0
-2.0
33.0
4.0
35.0
-5.0
4.0
-1.0
-3.0
-2.0
32.0
2.0
-5.0
35.0
3.0
35.0
-9.0
33.0
0.0
5.0
32.0
0.0
-4.0
32.0
-3.0
32.0
-6.0
-3.0
29.0
-4.0
29.0
-5.0
2.0
35.0
-2.0
-1.0
-3.0
31.0
0.0
-1.0
32.0
-2.0
3.0
-2.0
36.0
-1.0
32.0
23.0
-3.0
29.0
0.0
-1.0
34.0
5.0
-1.0
-1.0
4.0
35.0
0.0
2.0
6.0
-1.0
4.0
2.0
31.0
-2.0
34.0
-5.0
33.0
0.0
31.0
2.0
32.0
-1.0
34.0
4.0
31.0
-12.0
32.0
2.0
2.0
0.0
-16.0
31.0
2.0
32.0
3.0
35.0
7.0
31.0
3.0
32.0
8.0
4.0
1.0
34.0
-8.0
36.0
4.0
36.0
-7.0
28.0
1.0
32.0
-3.0
6.0
32.0
2.0
36.0
3.0
-5.0
4.0
-12.0
28.0
-1.0
2.0
32.0
-6.0
38.0
3.0
32.0
-4.0
32.0
3.0
31.0
-17.0
-2.0
30.0
0.0
34.0
-2.0
35.0
-1.0
33.0
-3.0
36.0
0.0
32.0
-1.0
0.0
33.0
2.0
35.0
1.0
-7.0
2.0
-1.0
31.0
-1.0
-3.0
34.0
0.0
34.0
-2.0
35.0
-5.0
241.0
1.0
4.0
35.0
-1.0
30.0
-3.0
32.0
-1.0
-4.0
31.0
-4.0
33.0
-3.0
31.0
3.0
35.0
2.0
-3.0
3.0
34.0
-3.0
31.0
7.0
0.0
32.0
3.0
33.0
258.0
-1.0
36.0
1.0
34.0
-2.0
35.0
0.0
36.0
2.0
3.0
36.0
-1.0
28.0
-3.0
31.0
2.0
-1.0
-10.0
33.0
-4.0
36.0
6.0
29.0
-2.0
0.0
-1.0
3.0
31.0
3.0
33.0
-1.0
35.0
0.0
7.0
-12.0
34.0
-2.0
1.0
1.0
31.0
-1.0
-1.0
31.0
72.0
30.0
2.0
-5.0
4.0
-6.0
33.0
4.0
38.0
-2.0
33.0
2.0
36.0
6.0
-1.0
6.0
26.0
5.0
29.0
0.0
-1.0
38.0
2.0
38.0
-3.0
33.0
-8.0
33.0
5.0
1.0
34.0
0.0
32.0
0.0
32.0
1.0
0.0
-1.0
-1.0
34.0
2.0
38.0
-1.0
3.0
31.0
2.0
36.0
0.0
36.0
-1.0
6.0
29.0
-2.0
36.0
-20.0
36.0
-2.0
2.0
35.0
-3.0
30.0
1.0
31.0
-9.0
-7.0
36.0
-4.0
-3.0
-2.0
37.0
0.0
2.0
33.0
0.0
-1.0
33.0
-20.0
34.0
-5.0
4.0
2.0
2.0
4.0
31.0
-1.0
29.0
7.0
33.0
3.0
-1.0
29.0
4.0
1.0
34.0
0.0
33.0
2.0
2.0
34.0
-1.0
25.0
2.0
32.0
3.0
34.0
-8.0
36.0
-5.0
35.0
7.0
31.0
2.0
-1.0
0.0
36.0
-4.0
34.0
-2.0
37.0
3.0
0.0
-5.0
2.0
-2.0
32.0
-1.0
2.0
-5.0
38.0
-3.0
38.0
-3.0
33.0
0.0
34.0
0.0
36.0
-6.0
39.0
-2.0
34.0
3.0
4.0
39.0
2.0
-1.0
30.0
2.0
30.0
-6.0
33.0
2.0
31.0
4.0
0.0
-1.0
35.0
49.0
31.0
-2.0
29.0
4.0
38.0
-1.0
32.0
0.0
35.0
3.0
33.0
-6.0
30.0
-6.0
33.0
0.0
32.0
0.0
5.0
33.0
-5.0
36.0
-2.0
-1.0
6.0
30.0
4.0
1.0
34.0
2.0
31.0
4.0
32.0
5.0
2.0
-1.0
33.0
-4.0
389.0
27.0
-1.0
29.0
4.0
-1.0
0.0
31.0
-3.0
0.0
34.0
5.0
26.0
-8.0
34.0
1.0
32.0
2.0
36.0
5.0
39.0
2.0
0.0
32.0
4.0
-3.0
30.0
6.0
-3.0
2.0
3.0
-1.0
30.0
-1.0
2.0
34.0
-1.0
32.0
3.0
31.0
3.0
29.0
-4.0
36.0
-3.0
32.0
-2.0
4.0
29.0
-4.0
32.0
0.0
30.0
3.0
32.0
3.0
1.0
3.0
0.0
0.0
30.0
2.0
32.0
0.0
38.0
1.0
35.0
0.0
-4.0
2.0
-6.0
30.0
-3.0
2.0
31.0
-1.0
31.0
-1.0
-3.0
2.0
3.0
-2.0
36.0
0.0
0.0
40.0
-2.0
38.0
-4.0
35.0
-2.0
30.0
-1.0
3.0
4.0
33.0
-1.0
33.0
1.0
-3.0
-4.0
-3.0
36.0
6.0
35.0
-1.0
-1.0
36.0
1.0
-1.0
36.0
-2.0
2.0
-2.0
-2.0
31.0
-9.0
31.0
2.0
31.0
2.0
4.0
2.0
9.0
31.0
0.0
4.0
4.0
3.0
31.0
3.0
33.0
6.0
35.0
-7.0
2.0
3.0
-37.0
51.0
1.0
2.0
-3.0
35.0
1.0
30.0
1.0
4.0
32.0
-8.0
35.0
2.0
-1.0
0.0
31.0
-4.0
35.0
-21.0
43.0
3.0
0.0
4.0
33.0
5.0
-1.0
2.0
32.0
-1.0
-17.0
37.0
6.0
2.0
-3.0
-2.0
5.0
2.0
28.0
-1.0
2.0
34.0
-1.0
-4.0
0.0
33.0
1.0
2.0
351.0
-3.0
36.0
0.0
34.0
-5.0
-1.0
29.0
0.0
-3.0
29.0
2.0
32.0
-3.0
36.0
4.0
-2.0
3.0
0.0
0.0
2.0
31.0
4.0
5.0
35.0
-3.0
1.0
32.0
1.0
33.0
-1.0
-2.0
2.0
39.0
-1.0
2.0
29.0
-8.0
36.0
3.0
2.0
-3.0
-10.0
28.0
2.0
-1.0
31.0
2.0
-3.0
0.0
33.0
59.0
-4.0
37.0
4.0
33.0
3.0
36.0
4.0
1.0
31.0
4.0
36.0
2.0
36.0
-1.0
29.0
2.0
32.0
2.0
4.0
29.0
-11.0
-4.0
-2.0
34.0
4.0
30.0
-3.0
-17.0
35.0
-3.0
171.0
-7.0
59.0
-1.0
2.0
34.0
-3.0
-7.0
35.0
3.0
34.0
3.0
31.0
-1.0
1.0
35.0
-3.0
-13.0
0.0
2.0
34.0
-3.0
-2.0
-4.0
28.0
2.0
2.0
34.0
-4.0
2.0
28.0
4.0
34.0
1.0
32.0
2.0
-5.0
2.0
3.0
35.0
2.0
37.0
-4.0
0.0
34.0
-3.0
-2.0
-1.0
32.0
3.0
2.0
30.0
3.0
2.0
0.0
33.0
-4.0
-2.0
-1.0
0.0
33.0
-4.0
-1.0
31.0
2.0
3.0
31.0
-1.0
36.0
-1.0
35.0
-1.0
-2.0
32.0
-1.0
31.0
1.0
37.0
3.0
-9.0
32.0
0.0
0.0
33.0
-2.0
27.0
-4.0
31.0
4.0
-8.0
37.0
-6.0
27.0
4.0
35.0
7.0
31.0
-7.0
56.0
34.0
-1.0
32.0
-1.0
-4.0
-1.0
-4.0
29.0
1.0
-3.0
3.0
35.0
2.0
-2.0
2.0
2.0
31.0
0.0
2.0
7.0
31.0
-1.0
-6.0
4.0
0.0
-1.0
2.0
4.0
31.0
-10.0
-8.0
34.0
-10.0
38.0
2.0
-25.0
37.0
6.0
28.0
-2.0
-3.0
33.0
-2.0
-1.0
28.0
0.0
31.0
-5.0
33.0
3.0
-3.0
31.0
-1.0
33.0
-3.0
39.0
-4.0
28.0
-4.0
31.0
3.0
31.0
-2.0
35.0
-3.0
-1.0
36.0
-2.0
31.0
0.0
36.0
-1.0
0.0
33.0
-1.0
38.0
-9.0
31.0
-4.0
0.0
29.0
3.0
-1.0
36.0
-3.0
29.0
-5.0
32.0
-2.0
34.0
0.0
33.0
2.0
31.0
-3.0
0.0
-2.0
-1.0
-6.0
-3.0
35.0
2.0
31.0
-4.0
30.0
-5.0
32.0
-9.0
35.0
-1.0
-1.0
34.0
-3.0
34.0
-2.0
31.0
2.0
38.0
0.0
1.0
34.0
8.0
-6.0
34.0
-1.0
30.0
3.0
0.0
28.0
-4.0
32.0
3.0
0.0
32.0
4.0
4.0
4.0
34.0
0.0
31.0
-3.0
31.0
-3.0
2.0
37.0
0.0
31.0
-10.0
39.0
-8.0
32.0
79.0
33.0
-2.0
38.0
2.0
2.0
31.0
4.0
36.0
2.0
35.0
0.0
28.0
0.0
-3.0
1.0
31.0
-6.0
4.0
-2.0
-2.0
30.0
-4.0
0.0
2.0
32.0
-4.0
39.0
4.0
32.0
4.0
35.0
-6.0
37.0
4.0
37.0
-9.0
37.0
3.0
2.0
35.0
2.0
-3.0
31.0
2.0
-2.0
4.0
-12.0
27.0
3.0
35.0
2.0
35.0
-1.0
3.0
35.0
2.0
37.0
-1.0
34.0
-3.0
36.0
-5.0
36.0
3.0
36.0
0.0
31.0
-1.0
32.0
-1.0
33.0
-4.0
36.0
0.0
6.0
-1.0
2.0
3.0
2.0
0.0
3.0
36.0
-3.0
37.0
-1.0
2.0
1.0
36.0
4.0
0.0
34.0
2.0
31.0
0.0
32.0
-4.0
-1.0
32.0
4.0
28.0
-6.0
31.0
0.0
-6.0
36.0
-6.0
38.0
-5.0
35.0
2.0
2.0
7.0
-2.0
35.0
0.0
29.0
5.0
34.0
-1.0
35.0
0.0
31.0
150.0
34.0
3.0
29.0
2.0
32.0
1.0
36.0
-2.0
34.0
4.0
2.0
37.0
-1.0
4.0
-1.0
28.0
2.0
34.0
0.0
32.0
-2.0
34.0
5.0
32.0
0.0
0.0
-1.0
31.0
-4.0
32.0
2.0
36.0
-4.0
31.0
0.0
-6.0
-1.0
92.0
31.0
6.0
30.0
-1.0
35.0
4.0
-2.0
34.0
-1.0
35.0
2.0
31.0
0.0
35.0
2.0
32.0
0.0
2.0
4.0
31.0
1.0
0.0
36.0
-1.0
1.0
35.0
-10.0
34.0
-14.0
36.0
0.0
36.0
4.0
39.0
-9.0
0.0
2.0
-2.0
-5.0
37.0
-2.0
5.0
32.0
1.0
-3.0
32.0
4.0
34.0
-4.0
32.0
3.0
30.0
3.0
-4.0
0.0
3.0
0.0
-4.0
29.0
-1.0
-12.0
33.0
2.0
34.0
2.0
31.0
2.0
32.0
2.0
-1.0
-12.0
34.0
-5.0
-4.0
36.0
3.0
2.0
30.0
-5.0
29.0
-1.0
32.0
2.0
-7.0
3.0
33.0
3.0
6.0
-1.0
0.0
32.0
0.0
36.0
2.0
31.0
6.0
31.0
0.0
33.0
2.0
34.0
2.0
34.0
-1.0
37.0
-1.0
35.0
7.0
-1.0
-1.0
4.0
4.0
4.0
32.0
-6.0
-1.0
-3.0
2.0
31.0
4.0
36.0
2.0
32.0
5.0
37.0
-15.0
42.0
-1.0
33.0
-10.0
35.0
72.0
-1.0
38.0
0.0
30.0
-2.0
34.0
2.0
32.0
-6.0
37.0
-2.0
34.0
-1.0
34.0
-3.0
34.0
-1.0
34.0
-1.0
0.0
32.0
-3.0
34.0
2.0
4.0
-4.0
36.0
-4.0
2.0
31.0
-2.0
38.0
-2.0
36.0
3.0
31.0
2.0
-1.0
4.0
0.0
0.0
34.0
0.0
37.0
4.0
36.0
0.0
26.0
2.0
29.0
-3.0
4.0
-2.0
36.0
71.0
28.0
3.0
2.0
24.0
-2.0
32.0
97.0
32.0
4.0
3.0
35.0
4.0
36.0
-5.0
-2.0
32.0
-2.0
43.0
2.0
-1.0
2.0
32.0
3.0
31.0
-1.0
33.0
-4.0
4.0
35.0
4.0
33.0
99.0
0.0
32.0
-6.0
0.0
32.0
-12.0
38.0
-2.0
3.0
38.0
4.0
28.0
2.0
35.0
-1.0
-6.0
2.0
-9.0
-1.0
33.0
1.0
36.0
-1.0
34.0
-1.0
32.0
-1.0
32.0
-1.0
35.0
-2.0
31.0
0.0
31.0
-5.0
35.0
1.0
31.0
2.0
32.0
-2.0
29.0
-1.0
34.0
0.0
-6.0
34.0
-3.0
38.0
0.0
-1.0
35.0
-16.0
33.0
-5.0
34.0
0.0
34.0
0.0
38.0
3.0
31.0
0.0
4.0
-4.0
-4.0
30.0
3.0
31.0
-4.0
-1.0
32.0
5.0
35.0
-4.0
34.0
3.0
31.0
3.0
31.0
3.0
30.0
2.0
5.0
-4.0
1.0
30.0
88.0
32.0
-1.0
34.0
-1.0
2.0
4.0
-5.0
27.0
4.0
-3.0
1.0
-1.0
32.0
3.0
-3.0
6.0
35.0
1.0
32.0
1.0
31.0
-1.0
0.0
31.0
-13.0
34.0
-6.0
32.0
2.0
36.0
-3.0
-4.0
2.0
-4.0
28.0
4.0
0.0
34.0
-1.0
-1.0
33.0
1.0
0.0
-1.0
28.0
-2.0
32.0
4.0
35.0
-1.0
2.0
36.0
0.0
31.0
-1.0
27.0
-1.0
2.0
-4.0
38.0
2.0
31.0
3.0
-3.0
31.0
-4.0
-1.0
79.0
2.0
35.0
-1.0
32.0
6.0
30.0
4.0
32.0
-1.0
34.0
2.0
2.0
38.0
-1.0
38.0
5.0
32.0
-2.0
32.0
1.0
-2.0
38.0
-3.0
-24.0
39.0
-2.0
31.0
2.0
34.0
-3.0
2.0
31.0
3.0
2.0
2.0
0.0
0.0
28.0
3.0
-1.0
32.0
-1.0
31.0
-4.0
32.0
4.0
32.0
2.0
34.0
0.0
40.0
-1.0
34.0
-3.0
2.0
29.0
-1.0
33.0
-2.0
32.0
0.0
36.0
0.0
4.0
34.0
-1.0
-11.0
33.0
1.0
31.0
0.0
35.0
-7.0
2.0
37.0
-4.0
31.0
4.0
32.0
3.0
36.0
-2.0
2.0
-6.0
34.0
-14.0
2.0
33.0
-1.0
4.0
-1.0
-3.0
2.0
31.0
3.0
30.0
2.0
-2.0
-5.0
33.0
-6.0
36.0
-8.0
36.0
3.0
2.0
33.0
-7.0
34.0
-1.0
0.0
-1.0
29.0
0.0
3.0
36.0
-7.0
-2.0
0.0
4.0
-3.0
-1.0
-5.0
3.0
29.0
-5.0
3.0
-1.0
31.0
-2.0
-8.0
31.0
-1.0
32.0
-12.0
30.0
0.0
4.0
-1.0
29.0
-2.0
30.0
3.0
2.0
35.0
-1.0
-1.0
2.0
35.0
-2.0
34.0
-1.0
35.0
0.0
31.0
4.0
32.0
-8.0
31.0
-1.0
33.0
0.0
35.0
108.0
-1.0
31.0
3.0
0.0
31.0
2.0
31.0
-2.0
-4.0
0.0
31.0
3.0
2.0
32.0
-3.0
31.0
4.0
-1.0
36.0
-9.0
36.0
3.0
32.0
2.0
-5.0
33.0
2.0
2.0
-7.0
274.0
-2.0
37.0
4.0
34.0
-2.0
3.0
28.0
2.0
4.0
9.0
29.0
2.0
3.0
55.0
2.0
0.0
0.0
29.0
4.0
66.0
-1.0
1.0
0.0
29.0
-2.0
31.0
2.0
1.0
31.0
0.0
0.0
1.0
-2.0
0.0
35.0
-7.0
4.0
33.0
5.0
-6.0
31.0
4.0
-4.0
-4.0
28.0
0.0
0.0
33.0
6.0
30.0
-4.0
0.0
32.0
2.0
39.0
0.0
34.0
-1.0
34.0
3.0
-1.0
-20.0
33.0
-13.0
32.0
4.0
36.0
6.0
2.0
2.0
32.0
2.0
0.0
-4.0
30.0
-5.0
0.0
2.0
38.0
-1.0
0.0
0.0
31.0
-2.0
7.0
-1.0
32.0
0.0
-4.0
1.0
33.0
0.0
-6.0
-2.0
36.0
0.0
2.0
30.0
-1.0
33.0
-1.0
32.0
-1.0
32.0
4.0
-1.0
35.0
0.0
1.0
39.0
-4.0
34.0
0.0
-1.0
36.0
3.0
-1.0
-3.0
-3.0
-3.0
35.0
2.0
35.0
4.0
2.0
-9.0
29.0
-1.0
-2.0
-1.0
-2.0
-1.0
29.0
-4.0
31.0
-1.0
0.0
0.0
32.0
301.0
28.0
3.0
2.0
34.0
-6.0
31.0
-1.0
-4.0
-5.0
2.0
30.0
136.0
30.0
2.0
31.0
0.0
3.0
-4.0
32.0
-2.0
-3.0
29.0
-4.0
30.0
3.0
-1.0
33.0
4.0
39.0
2.0
-1.0
31.0
133.0
0.0
-1.0
34.0
-2.0
32.0
-5.0
35.0
-4.0
36.0
5.0
34.0
-7.0
34.0
-10.0
33.0
2.0
4.0
1.0
32.0
-4.0
3.0
-1.0
5.0
34.0
2.0
2.0
28.0
0.0
-4.0
33.0
2.0
-2.0
35.0
146.0
35.0
3.0
32.0
-10.0
35.0
-1.0
36.0
2.0
1.0
35.0
0.0
-2.0
-5.0
3.0
-1.0
-1.0
28.0
-1.0
29.0
-13.0
36.0
2.0
33.0
-1.0
29.0
-1.0
36.0
4.0
34.0
2.0
3.0
35.0
2.0
1.0
-1.0
-4.0
34.0
2.0
-2.0
33.0
0.0
4.0
31.0
3.0
27.0
-2.0
30.0
-2.0
3.0
-1.0
30.0
2.0
30.0
-1.0
31.0
0.0
32.0
3.0
33.0
3.0
-1.0
32.0
-3.0
0.0
32.0
2.0
33.0
-1.0
33.0
-2.0
34.0
4.0
2.0
-1.0
2.0
2.0
36.0
-2.0
29.0
-4.0
33.0
-24.0
42.0
4.0
-2.0
35.0
-1.0
-1.0
-1.0
32.0
2.0
3.0
3.0
3.0
31.0
2.0
31.0
-5.0
35.0
-7.0
32.0
-1.0
2.0
1.0
31.0
-1.0
32.0
-1.0
-3.0
33.0
-2.0
4.0
32.0
-3.0
35.0
-3.0
-3.0
34.0
3.0
3.0
323.0
32.0
-2.0
33.0
-10.0
34.0
2.0
0.0
2.0
1.0
30.0
0.0
3.0
-1.0
0.0
36.0
-3.0
-2.0
27.0
-3.0
35.0
3.0
0.0
-1.0
37.0
5.0
31.0
-1.0
0.0
38.0
0.0
33.0
-2.0
32.0
0.0
31.0
2.0
-1.0
4.0
31.0
3.0
38.0
152.0
0.0
32.0
2.0
36.0
4.0
33.0
-2.0
33.0
-1.0
38.0
4.0
-2.0
4.0
32.0
4.0
31.0
0.0
33.0
2.0
-1.0
34.0
-4.0
-6.0
35.0
3.0
33.0
4.0
-5.0
3.0
-7.0
36.0
164.0
32.0
0.0
-2.0
-4.0
0.0
64.0
31.0
-2.0
31.0
1.0
33.0
-1.0
3.0
0.0
34.0
-1.0
28.0
-2.0
34.0
-2.0
31.0
-9.0
0.0
38.0
-6.0
34.0
4.0
2.0
30.0
-1.0
31.0
0.0
30.0
-3.0
2.0
33.0
-1.0
3.0
-3.0
-1.0
-1.0
31.0
1.0
36.0
4.0
33.0
-1.0
36.0
-1.0
2.0
-1.0
34.0
-3.0
31.0
-1.0
31.0
276.0
31.0
2.0
-3.0
28.0
-6.0
36.0
0.0
-5.0
33.0
3.0
33.0
-3.0
31.0
-4.0
7.0
31.0
-1.0
32.0
2.0
34.0
-5.0
34.0
3.0
33.0
2.0
31.0
2.0
34.0
3.0
37.0
-1.0
-2.0
35.0
1.0
2.0
31.0
2.0
4.0
2.0
31.0
3.0
33.0
1.0
32.0
4.0
2.0
-2.0
28.0
-1.0
32.0
-3.0
3.0
-4.0
33.0
-1.0
-2.0
31.0
0.0
-6.0
29.0
-4.0
4.0
1.0
34.0
-5.0
5.0
29.0
3.0
3.0
31.0
2.0
-3.0
33.0
4.0
-1.0
33.0
-9.0
4.0
35.0
-4.0
4.0
28.0
1.0
33.0
3.0
32.0
0.0
3.0
-1.0
-5.0
34.0
-4.0
-1.0
32.0
-2.0
36.0
3.0
34.0
5.0
36.0
-4.0
-3.0
30.0
5.0
1.0
33.0
1.0
31.0
-4.0
3.0
-1.0
32.0
-4.0
32.0
2.0
36.0
-10.0
33.0
2.0
-2.0
31.0
-2.0
29.0
1.0
37.0
228.0
-4.0
36.0
2.0
0.0
33.0
-1.0
31.0
3.0
32.0
-12.0
33.0
0.0
-4.0
3.0
31.0
-6.0
2.0
-1.0
2.0
1.0
0.0
32.0
0.0
7.0
4.0
34.0
-2.0
-4.0
34.0
-2.0
33.0
-3.0
-4.0
29.0
-9.0
31.0
2.0
32.0
0.0
-4.0
28.0
6.0
35.0
-8.0
38.0
8.0
33.0
4.0
31.0
-1.0
2.0
2.0
31.0
-7.0
0.0
36.0
0.0
34.0
0.0
-2.0
29.0
-2.0
31.0
-8.0
36.0
0.0
29.0
-1.0
34.0
-7.0
32.0
-6.0
37.0
-3.0
37.0
-1.0
34.0
1.0
33.0
6.0
1.0
31.0
-2.0
35.0
-3.0
31.0
1.0
36.0
-1.0
-5.0
31.0
2.0
37.0
2.0
2.0
32.0
-1.0
36.0
-5.0
33.0
-1.0
-4.0
28.0
-5.0
-6.0
35.0
-10.0
4.0
-4.0
-1.0
1.0
31.0
0.0
4.0
-8.0
35.0
4.0
29.0
3.0
-1.0
39.0
2.0
-1.0
35.0
-1.0
34.0
2.0
-1.0
287.0
28.0
-1.0
-3.0
31.0
2.0
39.0
-1.0
31.0
-7.0
39.0
2.0
33.0
1.0
31.0
3.0
3.0
0.0
31.0
3.0
-4.0
33.0
-8.0
2.0
-2.0
26.0
-2.0
29.0
0.0
29.0
-8.0
31.0
2.0
2.0
0.0
34.0
208.0
28.0
4.0
-1.0
31.0
-3.0
-6.0
35.0
3.0
37.0
1.0
32.0
2.0
-3.0
36.0
2.0
-1.0
1.0
32.0
-4.0
3.0
38.0
-3.0
3.0
31.0
100.0
-1.0
31.0
-1.0
-1.0
3.0
1.0
-2.0
2.0
2.0
27.0
-1.0
26.0
3.0
3.0
34.0
1.0
-1.0
33.0
3.0
35.0
-2.0
34.0
-4.0
31.0
1.0
31.0
-3.0
35.0
-3.0
35.0
7.0
0.0
1.0
3.0
2.0
2.0
2.0
32.0
-2.0
2.0
-2.0
34.0
-3.0
31.0
-1.0
-1.0
1.0
31.0
3.0
30.0
3.0
2.0
38.0
3.0
-2.0
-1.0
2.0
2.0
-5.0
32.0
-5.0
33.0
2.0
30.0
-4.0
32.0
-1.0
32.0
-5.0
-1.0
-1.0
28.0
1.0
38.0
-5.0
3.0
1.0
0.0
38.0
2.0
4.0
29.0
3.0
37.0
0.0
34.0
-2.0
2.0
31.0
3.0
102.0
2.0
37.0
-4.0
4.0
1.0
-13.0
36.0
-6.0
31.0
1.0
36.0
-23.0
32.0
3.0
-1.0
-1.0
33.0
-1.0
27.0
4.0
32.0
-50.0
55.0
0.0
30.0
0.0
34.0
-1.0
0.0
-1.0
-3.0
32.0
1.0
32.0
-1.0
34.0
6.0
31.0
0.0
2.0
32.0
2.0
34.0
0.0
30.0
-1.0
1.0
0.0
-10.0
0.0
28.0
-12.0
32.0
0.0
-2.0
0.0
32.0
-3.0
33.0
1.0
30.0
66.0
32.0
-2.0
35.0
1.0
34.0
2.0
34.0
-4.0
36.0
1.0
37.0
-1.0
34.0
-13.0
31.0
66.0
28.0
-1.0
4.0
29.0
-1.0
37.0
2.0
28.0
4.0
31.0
0.0
7.0
31.0
-2.0
-2.0
34.0
-4.0
35.0
0.0
-1.0
0.0
35.0
-3.0
2.0
35.0
2.0
34.0
3.0
35.0
0.0
-2.0
-4.0
-2.0
32.0
-1.0
-1.0
4.0
2.0
36.0
2.0
31.0
3.0
0.0
35.0
-1.0
36.0
-1.0
2.0
36.0
-3.0
33.0
-2.0
-7.0
1.0
-9.0
-2.0
-3.0
33.0
3.0
38.0
-4.0
-23.0
34.0
-7.0
4.0
28.0
-28.0
36.0
4.0
34.0
0.0
3.0
0.0
-1.0
26.0
2.0
1.0
1.0
-5.0
-1.0
34.0
3.0
4.0
28.0
-1.0
34.0
-2.0
36.0
-1.0
32.0
349.0
29.0
2.0
33.0
-9.0
31.0
6.0
-1.0
0.0
32.0
3.0
31.0
0.0
31.0
2.0
28.0
1.0
0.0
34.0
-1.0
33.0
-1.0
1.0
35.0
6.0
34.0
-5.0
31.0
3.0
30.0
5.0
-1.0
35.0
2.0
31.0
-1.0
31.0
3.0
33.0
2.0
31.0
7.0
34.0
6.0
1.0
-4.0
1.0
35.0
2.0
28.0
-1.0
0.0
30.0
2.0
0.0
2.0
30.0
6.0
32.0
-12.0
32.0
4.0
-2.0
34.0
-1.0
31.0
-4.0
-6.0
32.0
-3.0
-1.0
35.0
1.0
-4.0
35.0
350.0
2.0
34.0
-5.0
33.0
-1.0
0.0
31.0
-2.0
-1.0
32.0
-35.0
41.0
-3.0
-1.0
2.0
-2.0
0.0
33.0
-3.0
6.0
32.0
3.0
34.0
-1.0
3.0
32.0
3.0
36.0
-1.0
0.0
36.0
-2.0
31.0
134.0
-8.0
31.0
-1.0
34.0
-1.0
2.0
34.0
0.0
2.0
31.0
6.0
-4.0
34.0
-4.0
33.0
0.0
2.0
39.0
-5.0
35.0
6.0
4.0
31.0
-2.0
36.0
-1.0
1.0
-1.0
35.0
-4.0
0.0
35.0
0.0
30.0
1.0
34.0
-4.0
34.0
-6.0
-3.0
-1.0
32.0
8.0
28.0
-29.0
41.0
2.0
30.0
0.0
-21.0
36.0
1.0
34.0
-1.0
2.0
32.0
0.0
-1.0
1.0
33.0
-3.0
-2.0
32.0
0.0
-2.0
31.0
-4.0
31.0
-1.0
1.0
3.0
28.0
-16.0
35.0
287.0
31.0
-12.0
-4.0
-4.0
32.0
-11.0
-5.0
-4.0
2.0
0.0
36.0
-2.0
-2.0
0.0
37.0
-2.0
-5.0
31.0
2.0
35.0
-5.0
34.0
472.0
0.0
0.0
7.0
31.0
0.0
444.0
2.0
-1.0
-3.0
0.0
2.0
34.0
2.0
-4.0
32.0
-2.0
36.0
3.0
34.0
-10.0
28.0
-9.0
2.0
29.0
0.0
34.0
2.0
-1.0
38.0
3.0
31.0
-1.0
3.0
4.0
32.0
-2.0
2.0
-2.0
1.0
32.0
0.0
33.0
0.0
36.0
0.0
0.0
35.0
372.0
28.0
2.0
-1.0
31.0
0.0
32.0
-2.0
-2.0
33.0
-1.0
2.0
28.0
3.0
0.0
30.0
-3.0
-3.0
29.0
-4.0
-4.0
-1.0
28.0
-8.0
32.0
0.0
-18.0
35.0
-6.0
34.0
-3.0
33.0
-2.0
36.0
5.0
-1.0
30.0
0.0
35.0
-3.0
32.0
-1.0
30.0
-2.0
31.0
-7.0
34.0
-2.0
34.0
3.0
3.0
27.0
-2.0
-4.0
-1.0
-1.0
31.0
4.0
-1.0
35.0
1.0
35.0
-4.0
38.0
3.0
-1.0
31.0
2.0
-6.0
1.0
30.0
-52.0
54.0
0.0
3.0
0.0
31.0
-11.0
31.0
-1.0
3.0
34.0
2.0
2.0
35.0
2.0
-4.0
2.0
-4.0
-1.0
32.0
-1.0
35.0
4.0
-3.0
30.0
-1.0
35.0
0.0
5.0
33.0
-3.0
32.0
-4.0
-2.0
2.0
29.0
119.0
28.0
3.0
0.0
31.0
0.0
-4.0
35.0
5.0
-1.0
31.0
-4.0
2.0
3.0
35.0
-3.0
32.0
-1.0
29.0
-4.0
28.0
-2.0
-4.0
31.0
3.0
31.0
-7.0
36.0
-2.0
-4.0
0.0
-1.0
34.0
-1.0
4.0
0.0
36.0
-4.0
4.0
36.0
3.0
-3.0
-1.0
34.0
0.0
4.0
-1.0
112.0
-12.0
1.0
30.0
0.0
28.0
4.0
-1.0
32.0
2.0
-1.0
-1.0
0.0
-2.0
3.0
0.0
-1.0
33.0
-1.0
32.0
2.0
34.0
4.0
0.0
35.0
0.0
28.0
-1.0
39.0
-2.0
-11.0
32.0
-1.0
29.0
3.0
31.0
-1.0
34.0
4.0
-6.0
32.0
5.0
32.0
0.0
32.0
-3.0
33.0
4.0
33.0
1.0
34.0
-1.0
33.0
1.0
0.0
5.0
30.0
-8.0
33.0
-2.0
31.0
-6.0
33.0
4.0
4.0
2.0
-2.0
34.0
-6.0
-4.0
35.0
-1.0
31.0
2.0
-4.0
33.0
2.0
-2.0
35.0
-5.0
31.0
-4.0
38.0
3.0
4.0
31.0
-1.0
31.0
2.0
2.0
0.0
-25.0
36.0
0.0
-1.0
4.0
33.0
5.0
36.0
0.0
3.0
2.0
33.0
-3.0
32.0
-2.0
35.0
3.0
2.0
31.0
-1.0
32.0
-2.0
35.0
1.0
32.0
4.0
36.0
-2.0
2.0
-3.0
-5.0
3.0
-1.0
-1.0
1.0
4.0
31.0
-2.0
36.0
-3.0
31.0
0.0
29.0
3.0
-1.0
4.0
33.0
55.0
3.0
30.0
-6.0
35.0
103.0
-1.0
31.0
4.0
28.0
-2.0
31.0
-2.0
-5.0
2.0
4.0
37.0
2.0
2.0
1.0
-1.0
36.0
-2.0
-40.0
46.0
11.0
35.0
7.0
1.0
32.0
5.0
0.0
34.0
-2.0
0.0
30.0
1.0
28.0
-1.0
-4.0
-12.0
-17.0
34.0
-1.0
33.0
1.0
2.0
34.0
4.0
4.0
34.0
-3.0
-8.0
30.0
-18.0
35.0
-5.0
-5.0
36.0
-1.0
0.0
4.0
332.0
-9.0
36.0
-4.0
31.0
148.0
2.0
31.0
-1.0
32.0
0.0
30.0
-2.0
32.0
-1.0
30.0
0.0
32.0
2.0
30.0
0.0
-1.0
34.0
-4.0
28.0
3.0
31.0
2.0
31.0
-3.0
2.0
0.0
-1.0
36.0
0.0
32.0
3.0
32.0
2.0
36.0
3.0
-4.0
37.0
-1.0
-1.0
28.0
-2.0
32.0
4.0
3.0
35.0
3.0
2.0
36.0
-1.0
29.0
1.0
32.0
-1.0
8.0
34.0
-3.0
39.0
4.0
-3.0
33.0
0.0
-8.0
36.0
-3.0
0.0
2.0
-1.0
3.0
0.0
32.0
4.0
-1.0
32.0
-3.0
34.0
-1.0
5.0
-16.0
-1.0
33.0
2.0
32.0
2.0
-3.0
3.0
-2.0
35.0
3.0
5.0
34.0
-3.0
4.0
-3.0
32.0
-1.0
186.0
3.0
2.0
-1.0
-14.0
37.0
0.0
2.0
2.0
2.0
0.0
31.0
-1.0
33.0
5.0
33.0
0.0
32.0
-4.0
34.0
1.0
-4.0
0.0
34.0
-3.0
36.0
105.0
4.0
38.0
2.0
2.0
30.0
2.0
32.0
3.0
33.0
-1.0
2.0
30.0
-1.0
-3.0
29.0
0.0
-5.0
-10.0
28.0
0.0
31.0
-1.0
35.0
-2.0
31.0
-1.0
3.0
2.0
33.0
2.0
29.0
-3.0
49.0
8.0
31.0
3.0
-1.0
28.0
2.0
3.0
36.0
6.0
2.0
-7.0
-1.0
4.0
-4.0
32.0
-1.0
2.0
1.0
-2.0
6.0
33.0
0.0
35.0
-4.0
32.0
4.0
2.0
32.0
-4.0
34.0
2.0
4.0
34.0
3.0
33.0
4.0
35.0
1.0
-6.0
36.0
2.0
31.0
-2.0
33.0
-4.0
34.0
-1.0
1.0
34.0
2.0
34.0
6.0
-1.0
36.0
-1.0
-1.0
32.0
-2.0
124.0
29.0
-8.0
29.0
0.0
2.0
4.0
28.0
-4.0
35.0
61.0
29.0
-3.0
29.0
2.0
1.0
0.0
33.0
3.0
36.0
0.0
34.0
2.0
35.0
-2.0
32.0
-4.0
32.0
2.0
35.0
2.0
31.0
4.0
32.0
-3.0
31.0
-4.0
3.0
33.0
-2.0
29.0
-1.0
28.0
2.0
27.0
118.0
27.0
2.0
29.0
0.0
32.0
2.0
33.0
3.0
0.0
-6.0
33.0
3.0
32.0
-2.0
3.0
34.0
0.0
31.0
2.0
4.0
3.0
-2.0
-8.0
2.0
32.0
-2.0
34.0
-6.0
36.0
-4.0
31.0
0.0
36.0
0.0
33.0
-2.0
-1.0
0.0
35.0
-1.0
35.0
0.0
2.0
35.0
3.0
31.0
0.0
31.0
1.0
-12.0
-3.0
31.0
4.0
36.0
8.0
0.0
35.0
2.0
35.0
-1.0
32.0
2.0
-2.0
34.0
4.0
31.0
-3.0
32.0
-1.0
32.0
0.0
36.0
-3.0
30.0
0.0
30.0
2.0
34.0
-3.0
-3.0
37.0
-8.0
34.0
-1.0
3.0
-6.0
33.0
-1.0
34.0
5.0
-3.0
-3.0
3.0
4.0
-1.0
32.0
0.0
33.0
6.0
33.0
2.0
39.0
0.0
30.0
-6.0
-3.0
166.0
7.0
1.0
35.0
3.0
32.0
-4.0
28.0
3.0
30.0
-3.0
-1.0
2.0
-4.0
3.0
31.0
1.0
-1.0
3.0
33.0
-4.0
30.0
-8.0
35.0
-4.0
35.0
-7.0
34.0
-2.0
33.0
0.0
32.0
0.0
36.0
2.0
34.0
0.0
33.0
2.0
33.0
70.0
-1.0
21.0
32.0
-1.0
31.0
-1.0
29.0
-4.0
-7.0
34.0
2.0
32.0
-5.0
32.0
-3.0
-1.0
4.0
2.0
31.0
2.0
35.0
-8.0
-1.0
-1.0
34.0
-1.0
36.0
1.0
31.0
3.0
29.0
2.0
1.0
34.0
2.0
35.0
0.0
0.0
35.0
3.0
32.0
-1.0
35.0
0.0
2.0
29.0
-9.0
35.0
-4.0
29.0
-3.0
35.0
-2.0
28.0
-1.0
2.0
2.0
-3.0
36.0
429.0
6.0
-1.0
31.0
0.0
35.0
0.0
6.0
-2.0
31.0
-4.0
-4.0
-3.0
34.0
4.0
196.0
30.0
-3.0
31.0
0.0
29.0
0.0
-1.0
110.0
2.0
29.0
-7.0
34.0
-3.0
2.0
34.0
1.0
33.0
-1.0
5.0
29.0
4.0
2.0
31.0
-6.0
34.0
7.0
-12.0
3.0
38.0
2.0
-19.0
30.0
-5.0
-1.0
32.0
-9.0
-10.0
31.0
4.0
29.0
0.0
34.0
2.0
1.0
35.0
4.0
-4.0
39.0
5.0
27.0
-1.0
0.0
26.0
7.0
35.0
3.0
33.0
360.0
28.0
-1.0
28.0
-4.0
-1.0
67.0
33.0
-1.0
2.0
6.0
-1.0
-4.0
5.0
33.0
2.0
34.0
364.0
31.0
3.0
31.0
2.0
-4.0
39.0
-1.0
3.0
32.0
1.0
2.0
34.0
-3.0
29.0
3.0
-1.0
-1.0
34.0
-2.0
35.0
-8.0
30.0
0.0
31.0
-4.0
34.0
3.0
-6.0
37.0
-4.0
30.0
0.0
32.0
2.0
31.0
4.0
2.0
6.0
3.0
34.0
-10.0
31.0
2.0
3.0
35.0
-16.0
37.0
0.0
35.0
-3.0
32.0
0.0
2.0
26.0
-1.0
33.0
-1.0
2.0
-4.0
31.0
0.0
-2.0
-1.0
-5.0
2.0
-4.0
31.0
-3.0
38.0
-1.0
31.0
5.0
4.0
32.0
0.0
2.0
28.0
-1.0
-3.0
3.0
-1.0
-1.0
38.0
6.0
32.0
0.0
-2.0
32.0
-6.0
2.0
2.0
-9.0
-1.0
-2.0
31.0
-3.0
33.0
1.0
34.0
-3.0
-1.0
36.0
0.0
2.0
32.0
2.0
-1.0
34.0
3.0
32.0
-1.0
1.0
34.0
73.0
30.0
-4.0
35.0
1.0
4.0
31.0
5.0
-12.0
3.0
32.0
-4.0
2.0
39.0
2.0
-3.0
31.0
2.0
35.0
0.0
37.0
-4.0
36.0
4.0
3.0
32.0
0.0
0.0
32.0
7.0
34.0
-3.0
35.0
0.0
-1.0
31.0
2.0
2.0
-1.0
4.0
37.0
-5.0
-1.0
29.0
1.0
34.0
-1.0
-1.0
29.0
-2.0
4.0
34.0
-4.0
2.0
-5.0
37.0
3.0
33.0
-5.0
39.0
-11.0
-2.0
29.0
349.0
30.0
3.0
-11.0
32.0
5.0
35.0
-6.0
0.0
33.0
345.0
-11.0
39.0
-2.0
35.0
1.0
31.0
1.0
30.0
4.0
33.0
4.0
31.0
-1.0
2.0
32.0
-1.0
2.0
34.0
-5.0
-6.0
30.0
2.0
-2.0
-12.0
32.0
-3.0
-4.0
0.0
-4.0
32.0
0.0
32.0
7.0
35.0
2.0
33.0
6.0
1.0
3.0
0.0
4.0
-4.0
35.0
-3.0
34.0
2.0
0.0
34.0
2.0
31.0
2.0
-8.0
-2.0
33.0
4.0
30.0
4.0
3.0
1.0
34.0
323.0
29.0
-1.0
4.0
-1.0
37.0
2.0
32.0
-2.0
3.0
-3.0
33.0
2.0
28.0
-5.0
32.0
-4.0
36.0
2.0
-3.0
-4.0
34.0
3.0
0.0
31.0
3.0
6.0
36.0
3.0
36.0
0.0
37.0
1.0
3.0
-19.0
31.0
-1.0
36.0
240.0
-4.0
-2.0
4.0
32.0
6.0
6.0
32.0
-1.0
-5.0
31.0
-1.0
5.0
33.0
3.0
6.0
36.0
-3.0
35.0
9.0
2.0
31.0
-1.0
33.0
1.0
-2.0
34.0
0.0
34.0
4.0
-6.0
37.0
-2.0
28.0
0.0
1.0
32.0
4.0
34.0
1.0
1.0
30.0
-15.0
35.0
51.0
3.0
6.0
31.0
1.0
33.0
2.0
32.0
4.0
33.0
6.0
-1.0
33.0
4.0
36.0
-1.0
34.0
6.0
30.0
1.0
34.0
3.0
34.0
2.0
-1.0
33.0
4.0
34.0
4.0
2.0
300.0
-2.0
36.0
0.0
32.0
66.0
-2.0
34.0
-5.0
32.0
-1.0
32.0
2.0
2.0
-1.0
34.0
0.0
32.0
4.0
-1.0
6.0
4.0
4.0
35.0
-2.0
-3.0
31.0
-1.0
37.0
2.0
-2.0
28.0
-5.0
32.0
-1.0
36.0
-4.0
29.0
-5.0
0.0
-4.0
39.0
0.0
-22.0
32.0
-6.0
32.0
-2.0
35.0
2.0
-4.0
32.0
4.0
33.0
-1.0
-3.0
-8.0
33.0
180.0
-1.0
2.0
4.0
4.0
-1.0
3.0
31.0
2.0
3.0
30.0
0.0
-1.0
34.0
4.0
33.0
2.0
4.0
4.0
4.0
34.0
4.0
2.0
32.0
-5.0
2.0
0.0
4.0
2.0
3.0
34.0
3.0
-5.0
-3.0
1.0
-14.0
32.0
55.0
-3.0
-3.0
33.0
-4.0
0.0
4.0
31.0
0.0
29.0
1.0
31.0
-9.0
36.0
-2.0
34.0
3.0
-2.0
35.0
6.0
-4.0
28.0
2.0
-12.0
38.0
4.0
31.0
0.0
3.0
-9.0
35.0
-2.0
-2.0
32.0
-13.0
2.0
-4.0
0.0
0.0
-1.0
35.0
2.0
34.0
3.0
34.0
1.0
34.0
1.0
35.0
4.0
-2.0
32.0
0.0
0.0
-2.0
-3.0
0.0
-9.0
30.0
-3.0
30.0
3.0
-3.0
29.0
-1.0
34.0
2.0
35.0
-3.0
31.0
3.0
35.0
-1.0
30.0
-3.0
34.0
4.0
-9.0
34.0
4.0
-1.0
31.0
2.0
36.0
-1.0
29.0
0.0
29.0
-1.0
31.0
-3.0
3.0
-1.0
4.0
-1.0
32.0
5.0
-3.0
4.0
-3.0
-5.0
30.0
-5.0
30.0
0.0
-1.0
40.0
-2.0
32.0
0.0
31.0
1.0
4.0
-1.0
31.0
3.0
32.0
2.0
4.0
-1.0
30.0
2.0
-12.0
35.0
2.0
36.0
0.0
33.0
-1.0
-4.0
3.0
31.0
6.0
36.0
-1.0
33.0
4.0
0.0
0.0
32.0
3.0
34.0
3.0
28.0
0.0
29.0
2.0
4.0
-1.0
32.0
4.0
2.0
3.0
-5.0
35.0
-4.0
-1.0
36.0
-3.0
35.0
4.0
32.0
-1.0
0.0
4.0
35.0
2.0
36.0
3.0
-4.0
32.0
0.0
34.0
-3.0
33.0
3.0
32.0
6.0
0.0
34.0
2.0
2.0
34.0
2.0
28.0
-2.0
31.0
-6.0
32.0
-3.0
-2.0
33.0
1.0
35.0
3.0
4.0
32.0
-12.0
31.0
-5.0
5.0
0.0
3.0
2.0
-1.0
32.0
2.0
2.0
35.0
109.0
28.0
4.0
2.0
38.0
-15.0
31.0
3.0
31.0
0.0
4.0
-3.0
30.0
-1.0
34.0
1.0
34.0
-1.0
28.0
-28.0
40.0
-1.0
0.0
2.0
31.0
111.0
-12.0
38.0
2.0
36.0
2.0
30.0
-1.0
0.0
-1.0
-1.0
146.0
2.0
30.0
2.0
-3.0
34.0
-1.0
-1.0
2.0
33.0
-1.0
34.0
1.0
-4.0
-4.0
-4.0
33.0
-1.0
37.0
1.0
4.0
3.0
30.0
0.0
-3.0
2.0
29.0
27.0
-4.0
3.0
29.0
3.0
40.0
-3.0
0.0
30.0
6.0
-1.0
33.0
-1.0
4.0
0.0
1.0
33.0
4.0
35.0
-1.0
4.0
4.0
31.0
-1.0
31.0
0.0
-1.0
34.0
-1.0
33.0
3.0
1.0
31.0
2.0
38.0
2.0
2.0
33.0
1.0
31.0
0.0
147.0
1.0
38.0
2.0
2.0
34.0
2.0
2.0
-3.0
34.0
-2.0
0.0
2.0
2.0
2.0
35.0
-10.0
34.0
-3.0
32.0
3.0
31.0
-1.0
5.0
2.0
1.0
-4.0
-5.0
-1.0
0.0
5.0
-4.0
36.0
6.0
4.0
141.0
-5.0
34.0
2.0
-1.0
30.0
-2.0
-2.0
2.0
38.0
2.0
2.0
4.0
5.0
-5.0
36.0
-2.0
0.0
33.0
-1.0
33.0
-4.0
4.0
29.0
3.0
2.0
0.0
32.0
-3.0
31.0
-5.0
34.0
-6.0
4.0
6.0
31.0
-4.0
31.0
-1.0
-3.0
33.0
-2.0
-1.0
34.0
-1.0
1.0
-2.0
2.0
36.0
-9.0
2.0
0.0
66.0
0.0
30.0
2.0
-3.0
36.0
-2.0
0.0
-1.0
2.0
34.0
2.0
4.0
2.0
28.0
109.0
-4.0
5.0
2.0
3.0
38.0
166.0
34.0
-4.0
0.0
32.0
3.0
31.0
-1.0
0.0
36.0
2.0
-2.0
31.0
3.0
34.0
6.0
3.0
4.0
33.0
-1.0
30.0
0.0
105.0
4.0
34.0
0.0
33.0
-6.0
32.0
2.0
0.0
35.0
4.0
34.0
2.0
2.0
32.0
-1.0
29.0
-2.0
2.0
31.0
8.0
3.0
32.0
0.0
31.0
-4.0
32.0
7.0
4.0
3.0
35.0
-1.0
35.0
-2.0
120.0
0.0
33.0
2.0
0.0
6.0
2.0
-1.0
1.0
0.0
37.0
-2.0
-4.0
36.0
0.0
3.0
25.0
8.0
1.0
33.0
7.0
6.0
3.0
28.0
-8.0
36.0
-2.0
2.0
423.0
0.0
-4.0
32.0
3.0
36.0
2.0
34.0
-1.0
31.0
1.0
33.0
4.0
2.0
-1.0
30.0
-1.0
3.0
0.0
31.0
2.0
33.0
-1.0
2.0
-1.0
-7.0
34.0
-4.0
36.0
0.0
36.0
-5.0
32.0
-6.0
-3.0
-5.0
33.0
-2.0
0.0
0.0
34.0
2.0
38.0
2.0
34.0
-1.0
38.0
-3.0
0.0
6.0
4.0
-4.0
29.0
-5.0
-2.0
-13.0
34.0
-2.0
32.0
-15.0
35.0
3.0
31.0
2.0
3.0
31.0
-2.0
32.0
3.0
32.0
2.0
36.0
0.0
3.0
29.0
4.0
35.0
2.0
31.0
1.0
31.0
0.0
2.0
-14.0
35.0
4.0
-8.0
-2.0
34.0
339.0
32.0
4.0
-9.0
-1.0
0.0
0.0
39.0
53.0
-1.0
-1.0
36.0
-1.0
4.0
34.0
3.0
31.0
0.0
3.0
2.0
-4.0
35.0
3.0
-4.0
-2.0
28.0
-1.0
2.0
-8.0
29.0
3.0
-2.0
3.0
36.0
-5.0
36.0
-1.0
-6.0
2.0
35.0
-1.0
-1.0
5.0
2.0
-1.0
0.0
0.0
35.0
3.0
35.0
3.0
-11.0
38.0
-3.0
-4.0
4.0
32.0
-3.0
36.0
3.0
35.0
4.0
2.0
-3.0
38.0
-1.0
1.0
37.0
0.0
-2.0
36.0
2.0
2.0
31.0
4.0
-2.0
31.0
-3.0
0.0
-3.0
32.0
-7.0
35.0
2.0
35.0
0.0
37.0
2.0
31.0
4.0
36.0
0.0
2.0
27.0
2.0
-2.0
-4.0
2.0
0.0
35.0
-5.0
-3.0
-1.0
4.0
0.0
35.0
2.0
-3.0
31.0
4.0
-2.0
-4.0
35.0
-9.0
34.0
7.0
28.0
2.0
-2.0
31.0
-13.0
35.0
-6.0
-4.0
0.0
214.0
-1.0
34.0
-3.0
28.0
2.0
30.0
-1.0
32.0
-2.0
31.0
-1.0
2.0
35.0
2.0
32.0
4.0
-1.0
-2.0
-1.0
0.0
2.0
-3.0
0.0
2.0
33.0
4.0
2.0
30.0
0.0
38.0
3.0
0.0
38.0
2.0
0.0
32.0
-1.0
4.0
-5.0
-7.0
3.0
35.0
-4.0
-2.0
2.0
6.0
3.0
32.0
8.0
30.0
4.0
32.0
0.0
31.0
-3.0
36.0
-2.0
35.0
4.0
34.0
-3.0
6.0
2.0
0.0
0.0
31.0
434.0
4.0
1.0
5.0
7.0
28.0
-1.0
-4.0
6.0
0.0
-1.0
36.0
4.0
-4.0
-1.0
29.0
2.0
3.0
29.0
-1.0
30.0
-3.0
8.0
3.0
29.0
-3.0
34.0
335.0
29.0
2.0
33.0
3.0
4.0
34.0
-6.0
-12.0
37.0
3.0
33.0
3.0
36.0
4.0
2.0
0.0
0.0
37.0
-1.0
-8.0
37.0
0.0
6.0
34.0
3.0
3.0
36.0
-3.0
34.0
5.0
28.0
-9.0
33.0
-1.0
-2.0
0.0
33.0
0.0
3.0
-5.0
-3.0
7.0
4.0
30.0
3.0
4.0
31.0
-4.0
-2.0
-1.0
0.0
-1.0
35.0
0.0
39.0
-6.0
36.0
5.0
-10.0
31.0
116.0
4.0
3.0
-1.0
36.0
1.0
0.0
36.0
8.0
34.0
0.0
2.0
2.0
0.0
36.0
3.0
4.0
35.0
-8.0
30.0
-5.0
0.0
-3.0
7.0
-3.0
0.0
32.0
0.0
32.0
-1.0
1.0
37.0
191.0
36.0
3.0
-6.0
-6.0
39.0
0.0
32.0
4.0
3.0
32.0
-1.0
31.0
0.0
0.0
0.0
29.0
-1.0
37.0
6.0
36.0
0.0
35.0
4.0
29.0
-6.0
34.0
-4.0
36.0
-6.0
35.0
-5.0
36.0
-5.0
-3.0
36.0
-1.0
-4.0
-2.0
0.0
31.0
-1.0
32.0
2.0
-4.0
2.0
3.0
31.0
-3.0
2.0
-9.0
31.0
2.0
-5.0
33.0
130.0
30.0
2.0
32.0
3.0
0.0
30.0
-2.0
34.0
-1.0
33.0
2.0
5.0
0.0
-2.0
32.0
3.0
3.0
3.0
-4.0
2.0
-1.0
30.0
0.0
6.0
-1.0
3.0
32.0
0.0
2.0
-4.0
-2.0
-2.0
36.0
-1.0
31.0
3.0
-1.0
27.0
2.0
32.0
3.0
0.0
31.0
0.0
-1.0
31.0
-4.0
34.0
7.0
36.0
2.0
29.0
-4.0
-1.0
4.0
-3.0
29.0
2.0
36.0
-4.0
-1.0
-1.0
-4.0
35.0
2.0
32.0
-6.0
34.0
-5.0
37.0
0.0
-1.0
34.0
-5.0
33.0
2.0
34.0
0.0
5.0
4.0
-5.0
32.0
-4.0
0.0
-1.0
36.0
2.0
32.0
1.0
36.0
3.0
36.0
2.0
27.0
-5.0
35.0
4.0
1.0
38.0
2.0
35.0
0.0
33.0
6.0
-1.0
32.0
-2.0
-1.0
7.0
-2.0
30.0
0.0
34.0
0.0
36.0
-3.0
34.0
2.0
31.0
-1.0
0.0
34.0
0.0
38.0
1.0
29.0
3.0
31.0
1.0
-16.0
40.0
4.0
30.0
-1.0
-1.0
31.0
-1.0
31.0
2.0
0.0
-1.0
33.0
4.0
4.0
34.0
0.0
34.0
0.0
34.0
-2.0
39.0
0.0
68.0
215.0
4.0
33.0
-5.0
35.0
5.0
2.0
29.0
2.0
-5.0
32.0
-2.0
-4.0
33.0
-30.0
41.0
1.0
35.0
-3.0
35.0
3.0
32.0
0.0
34.0
-14.0
35.0
-7.0
34.0
2.0
0.0
31.0
3.0
1.0
31.0
-2.0
-2.0
33.0
5.0
34.0
3.0
38.0
-1.0
32.0
0.0
2.0
180.0
26.0
-5.0
32.0
338.0
4.0
29.0
-4.0
-8.0
2.0
0.0
31.0
-1.0
29.0
-2.0
29.0
-5.0
32.0
1.0
0.0
-5.0
-3.0
-1.0
323.0
3.0
33.0
-2.0
-1.0
333.0
33.0
2.0
35.0
0.0
-1.0
56.0
31.0
1.0
2.0
35.0
2.0
32.0
-3.0
6.0
-1.0
33.0
-2.0
33.0
-4.0
-3.0
1.0
36.0
0.0
-3.0
0.0
-2.0
69.0
32.0
-2.0
31.0
3.0
30.0
0.0
-10.0
36.0
0.0
3.0
35.0
-5.0
35.0
3.0
3.0
0.0
34.0
-2.0
0.0
3.0
-3.0
36.0
3.0
30.0
4.0
35.0
4.0
1.0
33.0
2.0
0.0
2.0
35.0
0.0
31.0
-3.0
34.0
-4.0
33.0
2.0
72.0
-2.0
333.0
33.0
1.0
32.0
-1.0
1.0
34.0
0.0
35.0
-1.0
37.0
2.0
31.0
-4.0
3.0
0.0
-2.0
2.0
35.0
0.0
29.0
-3.0
0.0
2.0
4.0
34.0
1.0
5.0
27.0
3.0
35.0
0.0
33.0
3.0
6.0
-2.0
0.0
29.0
2.0
51.0
-4.0
27.0
4.0
-5.0
30.0
-5.0
7.0
4.0
35.0
-6.0
33.0
197.0
-1.0
2.0
32.0
4.0
0.0
30.0
295.0
30.0
-4.0
36.0
-10.0
3.0
31.0
-6.0
35.0
-6.0
32.0
0.0
-5.0
28.0
0.0
34.0
-2.0
38.0
-3.0
33.0
-1.0
33.0
-3.0
37.0
-1.0
32.0
2.0
36.0
49.0
29.0
-2.0
35.0
2.0
6.0
29.0
20.0
-6.0
32.0
3.0
34.0
3.0
0.0
-1.0
33.0
-2.0
-3.0
2.0
-7.0
32.0
0.0
5.0
35.0
-10.0
31.0
2.0
38.0
4.0
33.0
-3.0
32.0
-4.0
29.0
0.0
3.0
35.0
-3.0
-1.0
4.0
-2.0
1.0
27.0
-1.0
31.0
-1.0
34.0
0.0
-6.0
32.0
3.0
0.0
-2.0
1.0
1.0
-4.0
2.0
-10.0
35.0
-5.0
36.0
0.0
3.0
34.0
2.0
31.0
-2.0
37.0
4.0
31.0
-3.0
33.0
-1.0
36.0
0.0
2.0
-16.0
36.0
1.0
34.0
1.0
-1.0
31.0
-1.0
38.0
-7.0
38.0
-4.0
37.0
4.0
-5.0
170.0
29.0
2.0
35.0
-16.0
37.0
2.0
35.0
0.0
36.0
3.0
30.0
0.0
33.0
-3.0
36.0
1.0
4.0
-1.0
35.0
-1.0
30.0
-4.0
35.0
2.0
0.0
33.0
-2.0
97.0
30.0
-3.0
-21.0
38.0
-6.0
32.0
1.0
35.0
0.0
-4.0
32.0
5.0
-3.0
0.0
34.0
4.0
-1.0
33.0
-2.0
-10.0
0.0
34.0
1.0
-4.0
-1.0
4.0
