153.0
356.0
154.0
152.0
212.0
156.0
151.0
152.0
149.0
153.0
158.0
150.0
156.0
151.0
153.0
156.0
158.0
150.0
153.0
157.0
177.0
157.0
145.0
155.0
154.0
143.0
161.0
155.0
155.0
281.0
157.0
150.0
160.0
171.0
340.0
174.0
155.0
162.0
161.0
154.0
154.0
154.0
153.0
156.0
609.0
154.0
210.0
152.0
147.0
145.0
154.0
160.0
155.0
154.0
152.0
154.0
153.0
160.0
153.0
157.0
156.0
610.0
157.0
150.0
153.0
152.0
153.0
449.0
157.0
149.0
160.0
157.0
142.0
155.0
153.0
152.0
144.0
157.0
156.0
157.0
155.0
154.0
151.0
146.0
154.0
160.0
155.0
155.0
516.0
150.0
157.0
126.0
157.0
155.0
162.0
148.0
160.0
154.0
154.0
157.0
161.0
158.0
535.0
157.0
157.0
157.0
151.0
160.0
139.0
151.0
157.0
144.0
153.0
151.0
160.0
151.0
469.0
157.0
153.0
203.0
155.0
156.0
158.0
157.0
156.0
157.0
150.0
153.0
622.0
155.0
192.0
147.0
147.0
153.0
210.0
152.0
157.0
160.0
156.0
157.0
158.0
245.0
155.0
156.0
156.0
157.0
149.0
158.0
160.0
155.0
540.0
548.0
151.0
155.0
158.0
265.0
151.0
154.0
153.0
247.0
154.0
153.0
152.0
153.0
157.0
349.0
207.0
153.0
155.0
152.0
154.0
154.0
154.0
155.0
154.0
150.0
373.0
156.0
367.0
152.0
157.0
152.0
148.0
154.0
157.0
153.0
149.0
152.0
689.0
153.0
160.0
154.0
150.0
152.0
153.0
175.0
258.0
157.0
154.0
149.0
152.0
149.0
155.0
154.0
159.0
628.0
149.0
155.0
237.0
158.0
151.0
154.0
151.0
154.0
157.0
157.0
155.0
146.0
155.0
157.0
176.0
149.0
153.0
151.0
153.0
154.0
157.0
156.0
153.0
149.0
178.0
153.0
152.0
157.0
242.0
157.0
152.0
154.0
151.0
154.0
202.0
157.0
154.0
226.0
160.0
157.0
154.0
153.0
152.0
155.0
554.0
157.0
148.0
672.0
160.0
153.0
157.0
160.0
153.0
144.0
150.0
155.0
157.0
157.0
146.0
151.0
151.0
154.0
151.0
153.0
145.0
154.0
157.0
153.0
158.0
160.0
233.0
154.0
154.0
160.0
155.0
151.0
153.0
146.0
154.0
160.0
155.0
155.0
229.0
149.0
354.0
156.0
154.0
149.0
154.0
154.0
153.0
161.0
145.0
157.0
155.0
152.0
148.0
156.0
154.0
148.0
157.0
152.0
149.0
139.0
155.0
152.0
160.0
157.0
183.0
176.0
156.0
159.0
176.0
157.0
149.0
156.0
154.0
157.0
216.0
154.0
153.0
152.0
184.0
153.0
149.0
155.0
151.0
173.0
654.0
152.0
154.0
539.0
640.0
151.0
157.0
156.0
156.0
158.0
149.0
160.0
147.0
146.0
160.0
145.0
175.0
149.0
172.0
155.0
153.0
157.0
411.0
151.0
206.0
158.0
156.0
154.0
160.0
154.0
155.0
155.0
157.0
214.0
153.0
153.0
238.0
318.0
154.0
154.0
133.0
151.0
151.0
208.0
154.0
210.0
155.0
157.0
152.0
158.0
153.0
156.0
156.0
156.0
662.0
150.0
156.0
154.0
497.0
148.0
247.0
152.0
588.0
153.0
155.0
144.0
171.0
151.0
156.0
154.0
157.0
205.0
273.0
151.0
151.0
160.0
147.0
327.0
154.0
153.0
157.0
790.0
158.0
152.0
157.0
151.0
156.0
137.0
155.0
153.0
300.0
161.0
157.0
132.0
154.0
155.0
155.0
155.0
171.0
157.0
156.0
155.0
682.0
541.0
213.0
154.0
158.0
155.0
493.0
153.0
160.0
153.0
152.0
151.0
228.0
153.0
144.0
152.0
153.0
157.0
154.0
150.0
157.0
146.0
139.0
150.0
157.0
158.0
148.0
149.0
203.0
156.0
150.0
154.0
148.0
155.0
149.0
192.0
148.0
245.0
155.0
154.0
157.0
160.0
155.0
155.0
150.0
152.0
151.0
154.0
154.0
155.0
150.0
149.0
154.0
159.0
155.0
157.0
153.0
149.0
158.0
153.0
155.0
154.0
152.0
153.0
157.0
157.0
155.0
160.0
158.0
156.0
148.0
154.0
157.0
154.0
150.0
157.0
221.0
157.0
161.0
154.0
160.0
156.0
150.0
151.0
156.0
156.0
151.0
152.0
157.0
157.0
157.0
154.0
157.0
152.0
155.0
152.0
155.0
156.0
153.0
152.0
157.0
153.0
149.0
593.0
154.0
160.0
152.0
154.0
154.0
150.0
427.0
155.0
160.0
150.0
154.0
224.0
153.0
152.0
157.0
153.0
144.0
148.0
153.0
154.0
157.0
151.0
152.0
177.0
155.0
141.0
153.0
152.0
160.0
158.0
161.0
157.0
155.0
153.0
157.0
157.0
158.0
156.0
158.0
157.0
157.0
153.0
157.0
532.0
214.0
155.0
154.0
155.0
152.0
144.0
201.0
157.0
152.0
154.0
242.0
121.0
158.0
155.0
154.0
148.0
157.0
155.0
406.0
152.0
154.0
211.0
153.0
146.0
157.0
152.0
144.0
151.0
150.0
209.0
262.0
157.0
154.0
150.0
150.0
153.0
157.0
155.0
151.0
151.0
174.0
158.0
153.0
157.0
155.0
154.0
151.0
158.0
157.0
158.0
158.0
160.0
154.0
594.0
158.0
156.0
151.0
154.0
283.0
157.0
140.0
150.0
155.0
152.0
153.0
154.0
153.0
152.0
157.0
162.0
152.0
171.0
155.0
155.0
154.0
530.0
157.0
161.0
152.0
150.0
161.0
150.0
458.0
155.0
157.0
155.0
156.0
191.0
153.0
156.0
152.0
545.0
162.0
153.0
152.0
145.0
151.0
152.0
147.0
154.0
155.0
151.0
146.0
158.0
153.0
148.0
177.0
155.0
154.0
154.0
157.0
155.0
212.0
164.0
156.0
153.0
160.0
339.0
155.0
153.0
154.0
153.0
148.0
150.0
156.0
152.0
155.0
149.0
157.0
152.0
153.0
154.0
148.0
153.0
155.0
154.0
157.0
151.0
154.0
209.0
150.0
155.0
158.0
160.0
160.0
154.0
285.0
212.0
151.0
177.0
157.0
155.0
155.0
156.0
154.0
153.0
154.0
160.0
298.0
155.0
154.0
152.0
158.0
146.0
309.0
151.0
158.0
151.0
154.0
170.0
671.0
152.0
146.0
262.0
148.0
153.0
619.0
160.0
210.0
158.0
156.0
154.0
217.0
150.0
144.0
156.0
609.0
144.0
154.0
145.0
156.0
158.0
154.0
150.0
158.0
158.0
155.0
156.0
150.0
153.0
156.0
155.0
153.0
156.0
147.0
148.0
151.0
216.0
154.0
153.0
161.0
342.0
156.0
155.0
152.0
151.0
160.0
582.0
157.0
161.0
155.0
155.0
153.0
152.0
157.0
158.0
144.0
155.0
155.0
153.0
416.0
155.0
162.0
152.0
157.0
152.0
225.0
149.0
147.0
154.0
152.0
151.0
162.0
155.0
161.0
158.0
156.0
154.0
153.0
152.0
153.0
151.0
156.0
155.0
147.0
277.0
155.0
158.0
133.0
158.0
148.0
154.0
152.0
157.0
154.0
158.0
151.0
154.0
155.0
156.0
154.0
156.0
156.0
148.0
156.0
146.0
157.0
379.0
154.0
147.0
161.0
152.0
153.0
154.0
154.0
157.0
155.0
158.0
152.0
149.0
155.0
158.0
265.0
152.0
157.0
156.0
154.0
152.0
162.0
151.0
178.0
153.0
164.0
162.0
158.0
154.0
157.0
156.0
149.0
150.0
196.0
151.0
148.0
157.0
153.0
154.0
139.0
153.0
153.0
217.0
456.0
158.0
157.0
152.0
157.0
158.0
148.0
153.0
154.0
156.0
151.0
155.0
145.0
157.0
241.0
156.0
155.0
150.0
158.0
154.0
153.0
157.0
156.0
152.0
155.0
158.0
187.0
154.0
154.0
160.0
153.0
157.0
232.0
157.0
152.0
155.0
137.0
154.0
154.0
151.0
156.0
154.0
155.0
153.0
146.0
152.0
154.0
153.0
293.0
155.0
153.0
151.0
159.0
150.0
152.0
152.0
154.0
154.0
153.0
160.0
149.0
153.0
155.0
157.0
570.0
149.0
154.0
157.0
149.0
157.0
229.0
149.0
241.0
154.0
153.0
522.0
148.0
155.0
154.0
160.0
152.0
153.0
153.0
154.0
153.0
155.0
150.0
141.0
155.0
153.0
154.0
160.0
157.0
164.0
152.0
153.0
157.0
338.0
154.0
153.0
157.0
160.0
153.0
156.0
157.0
150.0
157.0
155.0
160.0
155.0
150.0
152.0
151.0
555.0
178.0
156.0
445.0
154.0
157.0
158.0
155.0
153.0
154.0
152.0
804.0
124.0
154.0
147.0
154.0
157.0
142.0
334.0
155.0
155.0
154.0
154.0
152.0
155.0
151.0
148.0
544.0
154.0
151.0
154.0
157.0
157.0
177.0
152.0
243.0
142.0
160.0
628.0
158.0
157.0
156.0
155.0
155.0
153.0
154.0
155.0
153.0
155.0
154.0
160.0
152.0
156.0
162.0
149.0
197.0
153.0
155.0
154.0
436.0
160.0
161.0
155.0
152.0
147.0
155.0
147.0
155.0
156.0
160.0
156.0
149.0
265.0
155.0
166.0
151.0
153.0
154.0
151.0
155.0
149.0
155.0
152.0
155.0
161.0
153.0
371.0
155.0
155.0
154.0
148.0
157.0
155.0
160.0
154.0
155.0
155.0
154.0
157.0
149.0
153.0
525.0
149.0
151.0
154.0
149.0
153.0
474.0
156.0
149.0
155.0
157.0
151.0
155.0
154.0
153.0
298.0
150.0
256.0
158.0
260.0
152.0
155.0
157.0
156.0
147.0
153.0
159.0
180.0
153.0
158.0
155.0
152.0
155.0
154.0
157.0
155.0
157.0
159.0
155.0
153.0
157.0
154.0
153.0
156.0
153.0
141.0
151.0
205.0
205.0
160.0
148.0
157.0
161.0
153.0
155.0
151.0
154.0
160.0
152.0
160.0
153.0
157.0
153.0
154.0
150.0
155.0
184.0
155.0
154.0
153.0
149.0
161.0
154.0
151.0
157.0
154.0
157.0
154.0
150.0
153.0
150.0
146.0
156.0
156.0
161.0
155.0
154.0
153.0
160.0
151.0
157.0
158.0
158.0
156.0
150.0
154.0
154.0
151.0
157.0
218.0
154.0
155.0
155.0
145.0
161.0
156.0
149.0
212.0
155.0
176.0
158.0
263.0
157.0
215.0
154.0
156.0
155.0
153.0
157.0
154.0
157.0
378.0
157.0
157.0
186.0
160.0
160.0
154.0
210.0
152.0
156.0
215.0
157.0
157.0
682.0
182.0
208.0
147.0
154.0
154.0
153.0
153.0
157.0
151.0
150.0
157.0
154.0
153.0
147.0
154.0
160.0
153.0
151.0
158.0
138.0
175.0
155.0
156.0
150.0
151.0
170.0
160.0
157.0
156.0
146.0
157.0
156.0
155.0
132.0
157.0
151.0
249.0
160.0
158.0
136.0
160.0
218.0
156.0
158.0
156.0
150.0
152.0
146.0
157.0
208.0
153.0
148.0
158.0
149.0
160.0
122.0
152.0
477.0
154.0
155.0
156.0
154.0
146.0
150.0
157.0
160.0
153.0
155.0
328.0
157.0
158.0
154.0
146.0
155.0
154.0
153.0
155.0
155.0
148.0
160.0
154.0
154.0
464.0
155.0
156.0
151.0
138.0
154.0
158.0
158.0
155.0
151.0
157.0
160.0
204.0
155.0
155.0
153.0
150.0
155.0
154.0
150.0
155.0
154.0
154.0
154.0
154.0
154.0
156.0
153.0
158.0
153.0
156.0
154.0
162.0
157.0
158.0
146.0
150.0
150.0
153.0
154.0
213.0
153.0
151.0
155.0
150.0
158.0
157.0
153.0
157.0
161.0
149.0
152.0
155.0
154.0
153.0
156.0
158.0
156.0
154.0
153.0
151.0
157.0
154.0
147.0
152.0
146.0
154.0
158.0
153.0
153.0
154.0
338.0
179.0
132.0
150.0
149.0
156.0
152.0
155.0
336.0
158.0
155.0
154.0
151.0
144.0
154.0
160.0
154.0
154.0
156.0
157.0
531.0
356.0
152.0
160.0
155.0
153.0
157.0
154.0
158.0
153.0
155.0
150.0
154.0
154.0
211.0
156.0
198.0
452.0
155.0
149.0
153.0
154.0
157.0
152.0
153.0
157.0
157.0
337.0
145.0
158.0
151.0
154.0
146.0
150.0
205.0
157.0
153.0
224.0
153.0
146.0
151.0
211.0
151.0
158.0
152.0
147.0
156.0
152.0
157.0
161.0
160.0
149.0
154.0
151.0
157.0
152.0
157.0
233.0
150.0
157.0
155.0
141.0
162.0
156.0
154.0
158.0
156.0
157.0
155.0
155.0
153.0
161.0
149.0
160.0
142.0
177.0
152.0
154.0
146.0
150.0
160.0
151.0
144.0
155.0
154.0
156.0
157.0
136.0
308.0
212.0
160.0
535.0
158.0
152.0
217.0
158.0
141.0
153.0
307.0
156.0
154.0
156.0
156.0
155.0
154.0
226.0
149.0
150.0
154.0
160.0
153.0
155.0
147.0
144.0
151.0
157.0
156.0
153.0
157.0
356.0
247.0
154.0
481.0
158.0
157.0
158.0
157.0
236.0
154.0
157.0
156.0
153.0
154.0
153.0
153.0
160.0
144.0
153.0
156.0
154.0
670.0
181.0
155.0
152.0
154.0
150.0
157.0
154.0
157.0
145.0
142.0
158.0
153.0
154.0
154.0
154.0
154.0
158.0
132.0
154.0
160.0
156.0
154.0
154.0
154.0
155.0
292.0
157.0
151.0
152.0
155.0
149.0
148.0
158.0
154.0
164.0
154.0
151.0
151.0
156.0
150.0
153.0
154.0
155.0
141.0
154.0
155.0
154.0
154.0
151.0
148.0
158.0
152.0
155.0
142.0
148.0
145.0
151.0
152.0
144.0
210.0
148.0
152.0
154.0
157.0
154.0
157.0
154.0
154.0
157.0
159.0
161.0
155.0
153.0
202.0
154.0
154.0
205.0
151.0
149.0
158.0
149.0
157.0
155.0
153.0
160.0
153.0
150.0
242.0
154.0
297.0
148.0
161.0
150.0
153.0
158.0
161.0
157.0
157.0
148.0
151.0
160.0
152.0
152.0
157.0
152.0
147.0
155.0
153.0
155.0
145.0
154.0
139.0
158.0
154.0
151.0
160.0
160.0
155.0
153.0
152.0
156.0
