144.0
131.0
141.0
326.0
137.0
137.0
139.0
206.0
136.0
139.0
140.0
133.0
134.0
141.0
131.0
138.0
191.0
136.0
242.0
144.0
172.0
141.0
129.0
140.0
130.0
133.0
138.0
133.0
132.0
134.0
222.0
136.0
137.0
140.0
138.0
141.0
132.0
142.0
136.0
140.0
142.0
138.0
195.0
193.0
122.0
140.0
141.0
191.0
130.0
138.0
138.0
141.0
194.0
137.0
142.0
138.0
137.0
192.0
137.0
138.0
140.0
370.0
141.0
132.0
138.0
366.0
140.0
126.0
141.0
532.0
138.0
135.0
129.0
137.0
141.0
138.0
613.0
137.0
142.0
141.0
142.0
141.0
527.0
133.0
140.0
190.0
143.0
142.0
134.0
139.0
137.0
738.0
140.0
139.0
142.0
134.0
138.0
136.0
134.0
141.0
191.0
145.0
132.0
142.0
138.0
141.0
137.0
141.0
128.0
140.0
138.0
126.0
140.0
141.0
140.0
130.0
126.0
142.0
134.0
138.0
193.0
218.0
137.0
140.0
144.0
138.0
138.0
531.0
121.0
141.0
142.0
134.0
137.0
226.0
141.0
143.0
138.0
146.0
198.0
139.0
141.0
140.0
304.0
138.0
241.0
137.0
137.0
193.0
195.0
141.0
130.0
133.0
129.0
138.0
196.0
136.0
137.0
138.0
191.0
136.0
138.0
139.0
138.0
205.0
141.0
259.0
134.0
142.0
136.0
138.0
136.0
140.0
137.0
138.0
139.0
141.0
286.0
144.0
137.0
133.0
141.0
137.0
132.0
255.0
139.0
136.0
132.0
135.0
117.0
140.0
138.0
134.0
135.0
198.0
136.0
165.0
136.0
465.0
250.0
135.0
141.0
137.0
141.0
139.0
137.0
123.0
134.0
139.0
136.0
138.0
316.0
136.0
134.0
136.0
193.0
139.0
141.0
131.0
137.0
138.0
161.0
593.0
139.0
139.0
136.0
134.0
142.0
135.0
394.0
139.0
163.0
137.0
136.0
140.0
135.0
140.0
138.0
139.0
137.0
140.0
139.0
140.0
141.0
137.0
141.0
139.0
136.0
136.0
140.0
142.0
132.0
140.0
140.0
124.0
138.0
141.0
141.0
137.0
138.0
122.0
562.0
207.0
143.0
138.0
128.0
136.0
130.0
140.0
139.0
374.0
130.0
140.0
141.0
137.0
144.0
140.0
138.0
142.0
138.0
144.0
141.0
195.0
139.0
129.0
141.0
192.0
141.0
134.0
139.0
129.0
136.0
142.0
134.0
136.0
136.0
191.0
570.0
191.0
141.0
224.0
138.0
138.0
133.0
141.0
138.0
133.0
138.0
137.0
140.0
122.0
141.0
138.0
138.0
193.0
140.0
165.0
141.0
193.0
164.0
141.0
133.0
134.0
138.0
190.0
139.0
137.0
137.0
278.0
138.0
134.0
133.0
139.0
142.0
160.0
122.0
404.0
137.0
129.0
122.0
141.0
138.0
139.0
136.0
139.0
130.0
141.0
137.0
125.0
138.0
133.0
166.0
133.0
138.0
402.0
135.0
139.0
137.0
138.0
139.0
141.0
140.0
145.0
140.0
137.0
137.0
140.0
141.0
136.0
138.0
400.0
139.0
140.0
136.0
139.0
113.0
141.0
243.0
139.0
141.0
137.0
139.0
218.0
138.0
140.0
205.0
142.0
208.0
138.0
125.0
134.0
141.0
140.0
129.0
137.0
138.0
130.0
130.0
134.0
139.0
128.0
158.0
142.0
195.0
136.0
242.0
137.0
138.0
138.0
141.0
141.0
132.0
138.0
140.0
140.0
140.0
99.0
173.0
212.0
142.0
136.0
144.0
119.0
194.0
139.0
133.0
141.0
138.0
116.0
141.0
333.0
142.0
138.0
134.0
138.0
141.0
141.0
117.0
148.0
140.0
139.0
146.0
142.0
136.0
137.0
229.0
134.0
129.0
138.0
137.0
135.0
130.0
410.0
136.0
338.0
282.0
484.0
133.0
137.0
664.0
130.0
190.0
196.0
137.0
139.0
144.0
138.0
136.0
139.0
137.0
137.0
138.0
135.0
128.0
135.0
142.0
144.0
141.0
139.0
141.0
140.0
136.0
139.0
141.0
139.0
139.0
131.0
136.0
136.0
133.0
140.0
141.0
140.0
140.0
139.0
229.0
139.0
138.0
200.0
130.0
136.0
139.0
155.0
137.0
138.0
153.0
144.0
133.0
138.0
138.0
137.0
132.0
260.0
136.0
140.0
137.0
138.0
133.0
138.0
137.0
139.0
140.0
140.0
137.0
137.0
138.0
212.0
141.0
141.0
250.0
420.0
194.0
135.0
193.0
140.0
137.0
237.0
238.0
141.0
133.0
129.0
142.0
378.0
140.0
137.0
142.0
136.0
134.0
141.0
194.0
134.0
143.0
140.0
134.0
132.0
140.0
131.0
123.0
130.0
140.0
197.0
139.0
139.0
135.0
164.0
213.0
632.0
138.0
136.0
138.0
141.0
263.0
142.0
141.0
141.0
134.0
140.0
141.0
139.0
142.0
137.0
139.0
136.0
287.0
237.0
138.0
138.0
141.0
136.0
135.0
130.0
139.0
140.0
134.0
135.0
138.0
110.0
140.0
223.0
138.0
133.0
137.0
191.0
132.0
141.0
138.0
136.0
141.0
618.0
285.0
136.0
625.0
133.0
137.0
137.0
141.0
136.0
522.0
144.0
138.0
136.0
191.0
139.0
142.0
139.0
166.0
138.0
139.0
140.0
137.0
138.0
191.0
138.0
141.0
138.0
139.0
221.0
142.0
130.0
244.0
137.0
525.0
137.0
136.0
141.0
612.0
137.0
140.0
137.0
137.0
138.0
138.0
191.0
142.0
140.0
145.0
162.0
137.0
141.0
138.0
135.0
137.0
138.0
138.0
133.0
141.0
140.0
134.0
297.0
139.0
140.0
141.0
136.0
135.0
140.0
283.0
131.0
206.0
138.0
136.0
132.0
316.0
135.0
141.0
137.0
134.0
137.0
128.0
137.0
254.0
136.0
162.0
139.0
194.0
192.0
142.0
139.0
139.0
146.0
136.0
137.0
194.0
136.0
135.0
144.0
138.0
136.0
136.0
283.0
194.0
139.0
138.0
133.0
215.0
138.0
141.0
132.0
135.0
137.0
136.0
142.0
141.0
139.0
141.0
142.0
136.0
208.0
194.0
139.0
139.0
139.0
130.0
139.0
138.0
136.0
137.0
144.0
137.0
140.0
141.0
138.0
138.0
138.0
138.0
138.0
138.0
140.0
140.0
123.0
137.0
142.0
141.0
213.0
141.0
165.0
121.0
130.0
193.0
135.0
133.0
140.0
126.0
142.0
139.0
138.0
140.0
393.0
138.0
137.0
128.0
234.0
125.0
125.0
141.0
133.0
139.0
138.0
139.0
139.0
139.0
136.0
139.0
138.0
139.0
138.0
139.0
140.0
136.0
191.0
130.0
582.0
137.0
139.0
140.0
136.0
140.0
138.0
141.0
194.0
138.0
141.0
229.0
133.0
137.0
135.0
138.0
139.0
137.0
139.0
138.0
141.0
128.0
138.0
138.0
525.0
136.0
135.0
236.0
139.0
138.0
134.0
136.0
134.0
131.0
156.0
142.0
138.0
144.0
136.0
138.0
140.0
141.0
545.0
134.0
140.0
138.0
141.0
138.0
137.0
129.0
137.0
138.0
143.0
109.0
193.0
145.0
212.0
137.0
145.0
141.0
140.0
141.0
142.0
191.0
139.0
140.0
205.0
139.0
132.0
141.0
129.0
144.0
133.0
137.0
343.0
133.0
137.0
131.0
139.0
140.0
137.0
298.0
138.0
133.0
139.0
140.0
139.0
136.0
134.0
136.0
337.0
141.0
142.0
194.0
139.0
167.0
142.0
138.0
272.0
140.0
361.0
136.0
193.0
131.0
493.0
578.0
134.0
134.0
136.0
136.0
138.0
121.0
139.0
139.0
140.0
134.0
214.0
138.0
136.0
137.0
138.0
130.0
140.0
145.0
136.0
136.0
136.0
133.0
140.0
131.0
136.0
140.0
134.0
195.0
143.0
191.0
137.0
226.0
140.0
474.0
142.0
153.0
135.0
135.0
142.0
141.0
143.0
138.0
138.0
140.0
459.0
120.0
138.0
144.0
137.0
192.0
136.0
193.0
138.0
130.0
134.0
139.0
141.0
136.0
145.0
134.0
139.0
142.0
472.0
138.0
217.0
139.0
144.0
139.0
139.0
129.0
140.0
139.0
140.0
129.0
132.0
230.0
137.0
136.0
138.0
140.0
134.0
133.0
499.0
138.0
129.0
135.0
190.0
133.0
138.0
491.0
133.0
191.0
137.0
136.0
138.0
139.0
133.0
141.0
139.0
138.0
144.0
139.0
133.0
134.0
140.0
140.0
137.0
138.0
140.0
140.0
142.0
136.0
142.0
136.0
137.0
139.0
138.0
191.0
138.0
136.0
206.0
138.0
134.0
169.0
141.0
131.0
140.0
253.0
141.0
137.0
130.0
193.0
137.0
98.0
174.0
136.0
132.0
143.0
139.0
123.0
134.0
192.0
137.0
140.0
141.0
141.0
273.0
136.0
137.0
129.0
141.0
139.0
128.0
139.0
141.0
162.0
136.0
139.0
130.0
140.0
121.0
141.0
139.0
138.0
140.0
194.0
141.0
140.0
138.0
141.0
141.0
142.0
142.0
140.0
137.0
140.0
134.0
136.0
134.0
137.0
262.0
140.0
143.0
140.0
142.0
138.0
136.0
140.0
136.0
139.0
138.0
141.0
141.0
139.0
128.0
141.0
138.0
141.0
133.0
134.0
282.0
137.0
132.0
146.0
139.0
138.0
269.0
135.0
132.0
190.0
138.0
138.0
133.0
137.0
139.0
141.0
137.0
137.0
140.0
138.0
141.0
130.0
140.0
132.0
138.0
134.0
134.0
250.0
136.0
137.0
138.0
289.0
137.0
139.0
138.0
190.0
137.0
138.0
135.0
133.0
133.0
138.0
234.0
139.0
142.0
137.0
140.0
138.0
134.0
139.0
166.0
139.0
136.0
139.0
143.0
144.0
136.0
141.0
133.0
136.0
145.0
139.0
141.0
142.0
138.0
139.0
138.0
137.0
127.0
135.0
137.0
136.0
141.0
134.0
141.0
144.0
140.0
139.0
133.0
234.0
138.0
134.0
136.0
137.0
142.0
138.0
133.0
139.0
140.0
135.0
137.0
140.0
140.0
135.0
143.0
138.0
478.0
138.0
141.0
190.0
136.0
135.0
144.0
133.0
621.0
144.0
221.0
137.0
136.0
138.0
142.0
146.0
136.0
137.0
141.0
134.0
144.0
138.0
138.0
137.0
136.0
140.0
138.0
138.0
140.0
136.0
136.0
142.0
136.0
137.0
139.0
142.0
166.0
141.0
136.0
139.0
224.0
137.0
229.0
142.0
141.0
198.0
140.0
139.0
135.0
140.0
139.0
136.0
140.0
141.0
142.0
142.0
515.0
140.0
132.0
196.0
143.0
109.0
167.0
135.0
128.0
137.0
139.0
137.0
133.0
193.0
130.0
138.0
140.0
141.0
138.0
137.0
136.0
141.0
136.0
138.0
140.0
119.0
139.0
193.0
144.0
138.0
139.0
136.0
141.0
133.0
135.0
132.0
139.0
138.0
139.0
117.0
143.0
131.0
140.0
141.0
140.0
125.0
139.0
137.0
138.0
136.0
139.0
138.0
139.0
585.0
277.0
136.0
134.0
133.0
139.0
133.0
145.0
110.0
194.0
133.0
144.0
190.0
191.0
143.0
134.0
336.0
196.0
220.0
139.0
273.0
133.0
138.0
137.0
141.0
130.0
138.0
138.0
138.0
141.0
136.0
136.0
141.0
142.0
137.0
138.0
140.0
137.0
133.0
117.0
191.0
139.0
140.0
141.0
138.0
222.0
137.0
135.0
136.0
245.0
138.0
133.0
190.0
136.0
136.0
237.0
141.0
142.0
189.0
139.0
138.0
137.0
194.0
142.0
139.0
142.0
221.0
141.0
191.0
137.0
132.0
136.0
137.0
141.0
136.0
139.0
137.0
194.0
194.0
133.0
139.0
218.0
140.0
143.0
144.0
136.0
139.0
193.0
139.0
138.0
213.0
137.0
138.0
141.0
138.0
133.0
140.0
135.0
136.0
138.0
136.0
132.0
140.0
138.0
138.0
140.0
133.0
165.0
378.0
134.0
129.0
138.0
138.0
141.0
180.0
138.0
141.0
138.0
133.0
132.0
555.0
141.0
138.0
191.0
140.0
194.0
133.0
129.0
141.0
139.0
136.0
139.0
136.0
223.0
139.0
134.0
136.0
133.0
136.0
141.0
141.0
204.0
141.0
128.0
138.0
133.0
139.0
136.0
137.0
138.0
139.0
139.0
142.0
138.0
128.0
140.0
139.0
138.0
125.0
136.0
138.0
139.0
133.0
139.0
139.0
127.0
137.0
138.0
138.0
138.0
135.0
131.0
139.0
142.0
136.0
138.0
141.0
130.0
138.0
138.0
138.0
136.0
137.0
140.0
134.0
140.0
139.0
123.0
142.0
139.0
239.0
140.0
138.0
142.0
144.0
140.0
138.0
138.0
135.0
138.0
128.0
164.0
283.0
139.0
128.0
138.0
141.0
134.0
129.0
138.0
140.0
144.0
139.0
126.0
133.0
138.0
201.0
132.0
136.0
137.0
138.0
238.0
128.0
135.0
138.0
137.0
134.0
196.0
207.0
136.0
141.0
136.0
137.0
133.0
145.0
140.0
193.0
256.0
131.0
128.0
136.0
225.0
194.0
136.0
138.0
138.0
134.0
139.0
126.0
135.0
141.0
141.0
142.0
139.0
139.0
140.0
146.0
144.0
137.0
190.0
138.0
139.0
125.0
141.0
138.0
132.0
123.0
138.0
138.0
133.0
136.0
237.0
135.0
134.0
142.0
128.0
125.0
141.0
139.0
137.0
139.0
136.0
141.0
139.0
117.0
136.0
141.0
137.0
601.0
138.0
191.0
140.0
134.0
142.0
135.0
138.0
137.0
132.0
131.0
141.0
192.0
139.0
135.0
136.0
138.0
141.0
138.0
135.0
139.0
137.0
129.0
139.0
141.0
141.0
136.0
137.0
132.0
140.0
135.0
204.0
129.0
136.0
129.0
136.0
142.0
129.0
136.0
138.0
140.0
141.0
140.0
137.0
194.0
139.0
137.0
147.0
138.0
140.0
196.0
133.0
143.0
141.0
138.0
142.0
141.0
133.0
141.0
136.0
141.0
139.0
141.0
137.0
141.0
140.0
141.0
138.0
137.0
133.0
395.0
141.0
138.0
196.0
146.0
136.0
142.0
134.0
144.0
146.0
138.0
138.0
138.0
139.0
132.0
141.0
136.0
208.0
554.0
137.0
123.0
137.0
142.0
135.0
196.0
139.0
142.0
135.0
189.0
143.0
