114.0
103.0
109.0
104.0
104.0
107.0
109.0
106.0
109.0
110.0
109.0
102.0
183.0
109.0
104.0
106.0
111.0
109.0
106.0
109.0
106.0
109.0
101.0
110.0
99.0
101.0
113.0
108.0
110.0
102.0
114.0
108.0
109.0
111.0
106.0
110.0
110.0
111.0
110.0
108.0
109.0
107.0
109.0
109.0
92.0
114.0
110.0
107.0
101.0
516.0
106.0
168.0
106.0
104.0
109.0
106.0
107.0
114.0
106.0
113.0
111.0
94.0
113.0
108.0
108.0
106.0
112.0
103.0
112.0
104.0
114.0
113.0
98.0
111.0
114.0
108.0
100.0
198.0
111.0
110.0
109.0
112.0
105.0
101.0
109.0
109.0
111.0
107.0
104.0
107.0
112.0
82.0
112.0
111.0
169.0
100.0
112.0
113.0
107.0
116.0
110.0
173.0
102.0
107.0
109.0
112.0
106.0
185.0
100.0
195.0
110.0
98.0
107.0
103.0
115.0
456.0
97.0
113.0
107.0
113.0
109.0
110.0
112.0
111.0
108.0
105.0
108.0
104.0
93.0
109.0
109.0
104.0
97.0
104.0
111.0
111.0
111.0
116.0
109.0
109.0
113.0
110.0
108.0
112.0
109.0
110.0
105.0
112.0
111.0
109.0
101.0
97.0
102.0
113.0
113.0
105.0
106.0
112.0
114.0
112.0
108.0
169.0
106.0
112.0
106.0
104.0
108.0
110.0
106.0
426.0
110.0
107.0
111.0
104.0
108.0
106.0
104.0
109.0
109.0
111.0
110.0
109.0
519.0
106.0
116.0
107.0
106.0
109.0
90.0
228.0
109.0
105.0
106.0
103.0
106.0
134.0
110.0
105.0
109.0
99.0
110.0
107.0
106.0
116.0
110.0
98.0
101.0
110.0
113.0
114.0
107.0
109.0
107.0
108.0
114.0
108.0
108.0
100.0
110.0
110.0
134.0
96.0
106.0
108.0
110.0
168.0
113.0
398.0
106.0
106.0
134.0
106.0
103.0
110.0
112.0
109.0
112.0
110.0
108.0
110.0
110.0
109.0
114.0
109.0
112.0
112.0
111.0
104.0
107.0
202.0
101.0
108.0
109.0
93.0
112.0
114.0
112.0
110.0
113.0
97.0
101.0
114.0
111.0
124.0
95.0
106.0
99.0
116.0
112.0
104.0
586.0
108.0
107.0
110.0
108.0
113.0
107.0
108.0
111.0
108.0
106.0
144.0
108.0
100.0
107.0
114.0
107.0
108.0
108.0
95.0
105.0
109.0
104.0
109.0
114.0
106.0
107.0
109.0
106.0
110.0
108.0
109.0
104.0
112.0
110.0
101.0
108.0
104.0
110.0
93.0
183.0
113.0
111.0
110.0
107.0
136.0
107.0
111.0
140.0
113.0
101.0
218.0
106.0
107.0
110.0
109.0
110.0
109.0
104.0
105.0
106.0
109.0
107.0
136.0
93.0
105.0
107.0
105.0
96.0
106.0
109.0
110.0
106.0
107.0
106.0
113.0
107.0
101.0
109.0
103.0
136.0
104.0
109.0
107.0
106.0
110.0
107.0
109.0
110.0
110.0
110.0
110.0
110.0
107.0
170.0
110.0
112.0
107.0
254.0
104.0
110.0
109.0
108.0
105.0
84.0
196.0
114.0
110.0
107.0
106.0
112.0
110.0
109.0
107.0
111.0
116.0
110.0
112.0
96.0
103.0
109.0
107.0
106.0
109.0
114.0
100.0
100.0
104.0
106.0
98.0
130.0
107.0
109.0
106.0
112.0
105.0
109.0
107.0
106.0
112.0
105.0
106.0
109.0
108.0
114.0
74.0
145.0
112.0
118.0
108.0
113.0
90.0
109.0
106.0
102.0
184.0
113.0
86.0
114.0
109.0
112.0
112.0
109.0
112.0
110.0
257.0
90.0
103.0
107.0
107.0
109.0
167.0
105.0
107.0
112.0
479.0
445.0
106.0
106.0
272.0
100.0
108.0
108.0
240.0
111.0
105.0
107.0
106.0
104.0
109.0
109.0
108.0
104.0
107.0
110.0
416.0
107.0
111.0
109.0
109.0
106.0
108.0
99.0
108.0
109.0
114.0
109.0
357.0
194.0
113.0
108.0
108.0
105.0
109.0
112.0
104.0
109.0
109.0
107.0
113.0
115.0
106.0
109.0
101.0
110.0
107.0
108.0
111.0
102.0
108.0
108.0
171.0
107.0
108.0
303.0
117.0
516.0
104.0
191.0
111.0
104.0
112.0
108.0
108.0
107.0
112.0
109.0
208.0
105.0
107.0
108.0
106.0
110.0
114.0
111.0
108.0
109.0
109.0
114.0
370.0
110.0
108.0
110.0
240.0
109.0
112.0
109.0
109.0
100.0
101.0
113.0
107.0
109.0
110.0
113.0
116.0
104.0
111.0
113.0
101.0
110.0
109.0
108.0
105.0
176.0
470.0
94.0
104.0
114.0
112.0
107.0
111.0
112.0
137.0
108.0
97.0
108.0
110.0
113.0
109.0
114.0
106.0
169.0
105.0
110.0
114.0
108.0
113.0
111.0
109.0
109.0
109.0
113.0
102.0
111.0
108.0
109.0
104.0
106.0
92.0
107.0
112.0
104.0
110.0
106.0
77.0
113.0
110.0
109.0
103.0
111.0
107.0
100.0
108.0
113.0
109.0
111.0
334.0
108.0
107.0
99.0
106.0
114.0
110.0
111.0
104.0
109.0
112.0
107.0
110.0
112.0
107.0
106.0
108.0
139.0
110.0
110.0
111.0
108.0
110.0
109.0
105.0
113.0
106.0
107.0
113.0
114.0
96.0
109.0
109.0
106.0
110.0
108.0
109.0
91.0
112.0
110.0
102.0
289.0
111.0
105.0
109.0
109.0
188.0
110.0
133.0
114.0
110.0
106.0
104.0
109.0
113.0
294.0
106.0
112.0
110.0
110.0
108.0
108.0
114.0
110.0
110.0
104.0
109.0
104.0
99.0
111.0
108.0
106.0
578.0
109.0
105.0
180.0
111.0
105.0
546.0
99.0
261.0
106.0
538.0
137.0
110.0
105.0
109.0
112.0
110.0
106.0
109.0
104.0
107.0
110.0
104.0
109.0
113.0
109.0
111.0
106.0
108.0
106.0
107.0
109.0
531.0
108.0
107.0
106.0
99.0
106.0
109.0
110.0
110.0
113.0
107.0
109.0
109.0
105.0
140.0
110.0
106.0
106.0
109.0
104.0
112.0
106.0
106.0
109.0
248.0
113.0
111.0
109.0
108.0
109.0
110.0
105.0
110.0
107.0
107.0
112.0
95.0
106.0
106.0
109.0
111.0
197.0
135.0
87.0
110.0
100.0
109.0
109.0
108.0
98.0
113.0
105.0
109.0
110.0
108.0
110.0
109.0
102.0
109.0
94.0
102.0
111.0
98.0
107.0
111.0
110.0
112.0
109.0
110.0
111.0
109.0
109.0
110.0
111.0
106.0
108.0
110.0
562.0
104.0
111.0
106.0
241.0
108.0
113.0
106.0
106.0
109.0
108.0
112.0
111.0
106.0
105.0
111.0
109.0
106.0
105.0
108.0
109.0
109.0
99.0
109.0
109.0
101.0
105.0
107.0
111.0
105.0
107.0
105.0
113.0
106.0
99.0
183.0
109.0
110.0
114.0
107.0
114.0
109.0
112.0
97.0
105.0
107.0
475.0
113.0
112.0
109.0
94.0
111.0
106.0
110.0
80.0
109.0
110.0
109.0
109.0
176.0
108.0
112.0
108.0
110.0
107.0
113.0
110.0
106.0
113.0
109.0
188.0
104.0
112.0
105.0
108.0
106.0
112.0
102.0
104.0
112.0
109.0
104.0
111.0
109.0
102.0
111.0
111.0
110.0
109.0
105.0
111.0
105.0
110.0
112.0
113.0
109.0
139.0
108.0
113.0
106.0
110.0
105.0
106.0
109.0
110.0
106.0
102.0
102.0
490.0
107.0
107.0
109.0
94.0
105.0
109.0
109.0
104.0
112.0
109.0
110.0
111.0
109.0
103.0
112.0
109.0
111.0
104.0
107.0
509.0
112.0
103.0
109.0
109.0
109.0
111.0
114.0
110.0
118.0
110.0
109.0
109.0
110.0
110.0
107.0
109.0
110.0
114.0
109.0
105.0
110.0
109.0
131.0
96.0
298.0
109.0
106.0
108.0
107.0
107.0
112.0
101.0
341.0
110.0
456.0
103.0
113.0
110.0
544.0
113.0
106.0
107.0
420.0
107.0
110.0
106.0
112.0
100.0
106.0
109.0
111.0
99.0
99.0
107.0
112.0
523.0
109.0
106.0
102.0
107.0
101.0
105.0
100.0
462.0
111.0
108.0
111.0
102.0
110.0
113.0
109.0
108.0
108.0
111.0
565.0
106.0
107.0
110.0
108.0
202.0
109.0
494.0
317.0
109.0
104.0
113.0
110.0
111.0
114.0
102.0
108.0
114.0
108.0
269.0
113.0
112.0
106.0
105.0
109.0
111.0
104.0
138.0
185.0
99.0
106.0
111.0
112.0
112.0
103.0
111.0
106.0
68.0
149.0
109.0
103.0
234.0
113.0
91.0
107.0
106.0
106.0
224.0
109.0
110.0
110.0
498.0
106.0
105.0
108.0
111.0
99.0
110.0
110.0
138.0
111.0
106.0
98.0
113.0
99.0
112.0
105.0
112.0
109.0
111.0
107.0
109.0
112.0
110.0
106.0
110.0
113.0
106.0
109.0
109.0
109.0
112.0
107.0
357.0
109.0
106.0
112.0
114.0
106.0
109.0
112.0
108.0
101.0
106.0
107.0
112.0
108.0
106.0
106.0
108.0
107.0
106.0
364.0
105.0
109.0
114.0
102.0
196.0
108.0
105.0
107.0
103.0
107.0
111.0
105.0
114.0
101.0
109.0
108.0
115.0
109.0
109.0
108.0
112.0
111.0
101.0
109.0
106.0
107.0
110.0
109.0
109.0
112.0
102.0
108.0
105.0
110.0
204.0
112.0
108.0
111.0
107.0
109.0
497.0
104.0
115.0
106.0
112.0
110.0
174.0
109.0
102.0
168.0
108.0
135.0
106.0
110.0
107.0
109.0
107.0
453.0
110.0
106.0
113.0
111.0
110.0
109.0
109.0
108.0
107.0
109.0
109.0
105.0
111.0
112.0
113.0
184.0
513.0
113.0
115.0
105.0
109.0
106.0
112.0
169.0
106.0
107.0
106.0
108.0
112.0
106.0
105.0
320.0
112.0
111.0
111.0
110.0
104.0
113.0
111.0
110.0
109.0
109.0
106.0
112.0
105.0
112.0
109.0
102.0
196.0
189.0
110.0
113.0
109.0
108.0
189.0
106.0
113.0
117.0
109.0
114.0
110.0
110.0
109.0
107.0
112.0
108.0
112.0
113.0
106.0
101.0
117.0
103.0
101.0
106.0
110.0
135.0
109.0
107.0
110.0
251.0
114.0
111.0
112.0
109.0
106.0
109.0
112.0
104.0
116.0
115.0
111.0
109.0
114.0
111.0
112.0
102.0
110.0
107.0
110.0
109.0
80.0
142.0
110.0
101.0
111.0
111.0
107.0
101.0
109.0
102.0
107.0
109.0
109.0
106.0
111.0
109.0
111.0
105.0
107.0
259.0
98.0
110.0
107.0
114.0
106.0
109.0
107.0
109.0
111.0
109.0
579.0
110.0
106.0
106.0
724.0
110.0
104.0
106.0
114.0
107.0
93.0
104.0
111.0
108.0
477.0
111.0
109.0
114.0
96.0
104.0
112.0
105.0
103.0
203.0
102.0
113.0
79.0
113.0
108.0
109.0
109.0
108.0
111.0
104.0
109.0
112.0
110.0
112.0
110.0
106.0
112.0
110.0
112.0
101.0
113.0
109.0
113.0
108.0
113.0
106.0
225.0
115.0
109.0
108.0
105.0
102.0
106.0
91.0
111.0
110.0
112.0
110.0
110.0
109.0
106.0
110.0
109.0
112.0
110.0
103.0
106.0
112.0
104.0
114.0
110.0
114.0
108.0
112.0
113.0
106.0
109.0
112.0
175.0
115.0
109.0
112.0
109.0
112.0
101.0
508.0
108.0
114.0
108.0
107.0
110.0
108.0
106.0
109.0
112.0
108.0
112.0
111.0
109.0
102.0
102.0
108.0
106.0
109.0
110.0
171.0
186.0
110.0
109.0
101.0
109.0
107.0
107.0
108.0
106.0
224.0
109.0
109.0
112.0
110.0
99.0
141.0
666.0
108.0
96.0
107.0
333.0
292.0
106.0
108.0
107.0
112.0
235.0
101.0
109.0
113.0
111.0
110.0
108.0
111.0
101.0
105.0
113.0
111.0
110.0
112.0
110.0
106.0
197.0
529.0
106.0
104.0
110.0
113.0
109.0
109.0
112.0
97.0
109.0
105.0
174.0
114.0
110.0
110.0
110.0
110.0
107.0
104.0
102.0
198.0
107.0
106.0
97.0
401.0
111.0
114.0
104.0
105.0
112.0
99.0
106.0
112.0
106.0
106.0
107.0
103.0
111.0
112.0
102.0
112.0
109.0
100.0
109.0
109.0
109.0
110.0
109.0
106.0
107.0
108.0
104.0
93.0
250.0
109.0
110.0
112.0
105.0
107.0
176.0
112.0
112.0
114.0
107.0
111.0
96.0
134.0
158.0
113.0
101.0
109.0
110.0
337.0
590.0
109.0
229.0
111.0
113.0
96.0
102.0
114.0
114.0
102.0
106.0
110.0
113.0
111.0
624.0
106.0
110.0
110.0
104.0
112.0
113.0
110.0
109.0
110.0
107.0
106.0
114.0
190.0
110.0
108.0
104.0
96.0
109.0
109.0
107.0
109.0
111.0
107.0
106.0
111.0
100.0
110.0
116.0
110.0
113.0
109.0
184.0
112.0
113.0
107.0
105.0
109.0
112.0
168.0
567.0
109.0
109.0
106.0
92.0
105.0
109.0
104.0
107.0
458.0
107.0
107.0
109.0
606.0
96.0
109.0
105.0
113.0
109.0
105.0
111.0
104.0
84.0
109.0
173.0
109.0
105.0
106.0
104.0
107.0
104.0
107.0
105.0
110.0
112.0
102.0
101.0
114.0
106.0
112.0
106.0
106.0
108.0
107.0
110.0
107.0
109.0
111.0
101.0
109.0
109.0
109.0
109.0
104.0
100.0
109.0
108.0
110.0
100.0
238.0
95.0
103.0
108.0
105.0
110.0
548.0
113.0
108.0
110.0
110.0
106.0
107.0
113.0
114.0
111.0
110.0
157.0
104.0
114.0
108.0
109.0
109.0
110.0
107.0
110.0
105.0
114.0
106.0
112.0
114.0
109.0
109.0
109.0
109.0
105.0
102.0
109.0
110.0
107.0
110.0
107.0
109.0
115.0
101.0
112.0
111.0
102.0
113.0
109.0
108.0
104.0
108.0
107.0
106.0
160.0
109.0
98.0
107.0
112.0
105.0
118.0
110.0
109.0
107.0
109.0
268.0
