130.0
121.0
126.0
122.0
119.0
279.0
123.0
125.0
125.0
123.0
129.0
400.0
123.0
206.0
117.0
125.0
126.0
123.0
122.0
126.0
124.0
125.0
116.0
129.0
123.0
119.0
130.0
119.0
177.0
122.0
130.0
274.0
121.0
126.0
122.0
128.0
125.0
125.0
125.0
124.0
120.0
123.0
129.0
126.0
104.0
125.0
127.0
122.0
116.0
117.0
123.0
128.0
129.0
125.0
130.0
124.0
123.0
127.0
126.0
122.0
129.0
110.0
126.0
123.0
124.0
123.0
124.0
120.0
128.0
123.0
130.0
128.0
109.0
124.0
123.0
126.0
116.0
122.0
129.0
128.0
122.0
125.0
121.0
116.0
133.0
125.0
125.0
122.0
118.0
126.0
175.0
94.0
127.0
122.0
130.0
118.0
126.0
125.0
125.0
128.0
126.0
130.0
115.0
126.0
124.0
230.0
121.0
128.0
567.0
334.0
125.0
548.0
125.0
125.0
128.0
171.0
109.0
125.0
118.0
130.0
125.0
124.0
125.0
125.0
229.0
124.0
128.0
119.0
111.0
129.0
124.0
119.0
118.0
117.0
120.0
125.0
125.0
125.0
123.0
303.0
122.0
122.0
123.0
129.0
129.0
122.0
121.0
122.0
123.0
212.0
125.0
119.0
121.0
130.0
125.0
117.0
126.0
125.0
124.0
126.0
119.0
127.0
119.0
122.0
123.0
442.0
120.0
121.0
124.0
353.0
122.0
129.0
128.0
123.0
121.0
386.0
116.0
126.0
123.0
126.0
128.0
124.0
116.0
125.0
125.0
124.0
124.0
346.0
105.0
125.0
130.0
473.0
490.0
128.0
123.0
155.0
125.0
121.0
124.0
494.0
125.0
122.0
126.0
130.0
129.0
112.0
123.0
121.0
128.0
194.0
121.0
130.0
392.0
120.0
123.0
126.0
126.0
118.0
123.0
125.0
152.0
112.0
128.0
124.0
126.0
404.0
129.0
126.0
120.0
122.0
154.0
119.0
124.0
125.0
122.0
126.0
123.0
125.0
123.0
125.0
122.0
129.0
125.0
125.0
128.0
123.0
125.0
123.0
119.0
125.0
116.0
125.0
122.0
112.0
124.0
132.0
125.0
123.0
126.0
110.0
120.0
122.0
128.0
181.0
117.0
121.0
120.0
122.0
373.0
121.0
110.0
122.0
129.0
129.0
128.0
130.0
129.0
124.0
125.0
126.0
122.0
126.0
126.0
114.0
125.0
125.0
125.0
125.0
128.0
109.0
124.0
128.0
124.0
184.0
177.0
122.0
120.0
122.0
123.0
129.0
121.0
125.0
123.0
130.0
128.0
502.0
128.0
121.0
129.0
602.0
125.0
128.0
126.0
130.0
126.0
155.0
124.0
125.0
154.0
124.0
118.0
123.0
122.0
129.0
125.0
124.0
128.0
122.0
125.0
124.0
121.0
120.0
123.0
151.0
110.0
122.0
126.0
120.0
111.0
133.0
126.0
123.0
121.0
125.0
118.0
126.0
119.0
117.0
128.0
118.0
158.0
125.0
122.0
125.0
126.0
126.0
123.0
280.0
130.0
124.0
126.0
126.0
126.0
124.0
129.0
232.0
123.0
122.0
124.0
123.0
125.0
122.0
121.0
123.0
94.0
122.0
123.0
125.0
121.0
130.0
130.0
129.0
121.0
130.0
122.0
126.0
123.0
204.0
114.0
122.0
235.0
123.0
117.0
120.0
120.0
119.0
117.0
124.0
125.0
113.0
146.0
123.0
123.0
124.0
123.0
122.0
125.0
122.0
122.0
128.0
502.0
125.0
127.0
123.0
125.0
86.0
165.0
126.0
125.0
123.0
125.0
107.0
123.0
124.0
125.0
125.0
123.0
100.0
124.0
128.0
126.0
128.0
122.0
125.0
124.0
125.0
107.0
115.0
119.0
128.0
125.0
123.0
122.0
126.0
124.0
123.0
121.0
122.0
121.0
125.0
113.0
118.0
129.0
122.0
128.0
122.0
126.0
120.0
110.0
121.0
126.0
124.0
120.0
122.0
125.0
123.0
429.0
122.0
122.0
125.0
128.0
125.0
118.0
128.0
124.0
127.0
126.0
126.0
127.0
125.0
340.0
122.0
124.0
122.0
125.0
132.0
426.0
129.0
122.0
130.0
126.0
128.0
125.0
121.0
125.0
274.0
126.0
125.0
116.0
125.0
127.0
128.0
126.0
128.0
124.0
128.0
119.0
126.0
122.0
126.0
461.0
129.0
123.0
178.0
130.0
130.0
121.0
136.0
178.0
123.0
123.0
125.0
410.0
125.0
126.0
132.0
128.0
124.0
125.0
124.0
128.0
124.0
123.0
129.0
126.0
123.0
124.0
123.0
118.0
116.0
123.0
122.0
352.0
124.0
130.0
122.0
121.0
131.0
125.0
121.0
125.0
127.0
122.0
118.0
130.0
335.0
110.0
117.0
128.0
126.0
125.0
124.0
126.0
157.0
124.0
114.0
122.0
123.0
123.0
127.0
130.0
128.0
127.0
293.0
123.0
124.0
198.0
129.0
129.0
122.0
122.0
129.0
121.0
122.0
125.0
121.0
241.0
413.0
121.0
114.0
130.0
124.0
124.0
125.0
125.0
95.0
178.0
128.0
126.0
114.0
123.0
126.0
119.0
128.0
123.0
122.0
128.0
115.0
125.0
125.0
113.0
124.0
123.0
126.0
127.0
122.0
124.0
181.0
122.0
121.0
122.0
124.0
122.0
121.0
151.0
122.0
123.0
128.0
128.0
125.0
125.0
121.0
130.0
381.0
125.0
126.0
125.0
115.0
123.0
129.0
123.0
120.0
125.0
177.0
111.0
125.0
119.0
121.0
129.0
125.0
123.0
125.0
130.0
130.0
122.0
152.0
128.0
126.0
124.0
118.0
127.0
126.0
121.0
421.0
129.0
123.0
116.0
123.0
130.0
125.0
126.0
128.0
121.0
129.0
123.0
117.0
125.0
126.0
123.0
113.0
124.0
118.0
123.0
290.0
123.0
121.0
117.0
126.0
123.0
119.0
155.0
209.0
125.0
123.0
122.0
132.0
126.0
122.0
269.0
245.0
130.0
119.0
123.0
129.0
125.0
124.0
119.0
124.0
133.0
126.0
121.0
121.0
125.0
125.0
119.0
119.0
122.0
125.0
124.0
294.0
127.0
130.0
122.0
122.0
523.0
128.0
125.0
129.0
127.0
125.0
122.0
130.0
124.0
125.0
127.0
128.0
126.0
128.0
127.0
189.0
125.0
123.0
128.0
123.0
125.0
122.0
132.0
114.0
121.0
125.0
129.0
126.0
127.0
152.0
104.0
362.0
536.0
123.0
126.0
124.0
113.0
124.0
125.0
125.0
125.0
122.0
122.0
115.0
117.0
124.0
113.0
115.0
124.0
114.0
125.0
122.0
129.0
127.0
129.0
126.0
130.0
123.0
117.0
128.0
123.0
129.0
127.0
122.0
132.0
121.0
124.0
125.0
128.0
124.0
122.0
120.0
124.0
124.0
126.0
125.0
128.0
116.0
470.0
124.0
122.0
129.0
120.0
124.0
130.0
126.0
116.0
127.0
130.0
120.0
122.0
122.0
133.0
125.0
132.0
117.0
128.0
395.0
116.0
123.0
123.0
123.0
129.0
125.0
126.0
130.0
130.0
117.0
123.0
120.0
125.0
130.0
129.0
210.0
117.0
124.0
130.0
128.0
98.0
125.0
124.0
128.0
116.0
129.0
126.0
171.0
125.0
130.0
126.0
129.0
128.0
125.0
127.0
128.0
129.0
118.0
130.0
122.0
124.0
120.0
124.0
122.0
120.0
124.0
264.0
123.0
123.0
124.0
119.0
120.0
122.0
128.0
123.0
122.0
123.0
125.0
121.0
130.0
122.0
273.0
154.0
125.0
122.0
122.0
123.0
125.0
125.0
125.0
122.0
118.0
118.0
124.0
122.0
125.0
118.0
122.0
108.0
122.0
124.0
128.0
125.0
127.0
125.0
125.0
125.0
125.0
113.0
125.0
122.0
126.0
120.0
120.0
115.0
128.0
126.0
126.0
122.0
122.0
132.0
131.0
126.0
124.0
125.0
125.0
116.0
133.0
125.0
117.0
121.0
131.0
126.0
123.0
122.0
352.0
130.0
125.0
619.0
125.0
128.0
121.0
122.0
127.0
122.0
128.0
113.0
135.0
125.0
122.0
122.0
124.0
119.0
121.0
125.0
119.0
123.0
122.0
123.0
128.0
124.0
126.0
117.0
122.0
132.0
133.0
117.0
116.0
124.0
122.0
122.0
318.0
121.0
121.0
125.0
122.0
370.0
115.0
118.0
130.0
117.0
132.0
120.0
123.0
129.0
123.0
125.0
125.0
125.0
114.0
130.0
125.0
125.0
129.0
125.0
122.0
125.0
124.0
125.0
120.0
125.0
121.0
127.0
128.0
122.0
125.0
125.0
204.0
123.0
125.0
128.0
222.0
120.0
124.0
122.0
122.0
156.0
128.0
117.0
122.0
126.0
177.0
131.0
114.0
129.0
119.0
88.0
165.0
123.0
121.0
129.0
130.0
109.0
127.0
125.0
228.0
123.0
121.0
124.0
118.0
118.0
124.0
118.0
129.0
125.0
119.0
125.0
125.0
153.0
367.0
126.0
116.0
180.0
109.0
190.0
124.0
125.0
121.0
130.0
129.0
192.0
126.0
130.0
129.0
130.0
126.0
123.0
128.0
356.0
118.0
124.0
120.0
125.0
121.0
125.0
128.0
128.0
126.0
124.0
122.0
379.0
125.0
124.0
123.0
128.0
128.0
124.0
120.0
125.0
126.0
342.0
122.0
124.0
129.0
128.0
117.0
129.0
121.0
206.0
123.0
121.0
124.0
127.0
125.0
126.0
116.0
125.0
249.0
132.0
125.0
125.0
126.0
233.0
128.0
118.0
121.0
118.0
126.0
122.0
126.0
124.0
123.0
119.0
125.0
124.0
401.0
130.0
125.0
123.0
120.0
123.0
125.0
122.0
119.0
129.0
120.0
128.0
124.0
127.0
122.0
123.0
126.0
128.0
156.0
126.0
130.0
188.0
123.0
125.0
126.0
128.0
117.0
122.0
128.0
124.0
129.0
125.0
129.0
200.0
124.0
125.0
114.0
122.0
125.0
123.0
130.0
129.0
126.0
133.0
130.0
122.0
122.0
122.0
132.0
125.0
122.0
119.0
123.0
122.0
243.0
122.0
128.0
122.0
122.0
122.0
226.0
120.0
127.0
123.0
121.0
125.0
125.0
126.0
128.0
522.0
123.0
123.0
118.0
131.0
122.0
125.0
125.0
206.0
459.0
130.0
121.0
127.0
123.0
122.0
129.0
122.0
126.0
124.0
123.0
125.0
129.0
126.0
126.0
123.0
122.0
130.0
124.0
121.0
125.0
124.0
154.0
126.0
121.0
125.0
119.0
121.0
128.0
213.0
127.0
125.0
122.0
120.0
122.0
182.0
128.0
125.0
122.0
130.0
175.0
126.0
118.0
129.0
123.0
125.0
130.0
603.0
158.0
124.0
113.0
179.0
125.0
129.0
125.0
125.0
118.0
124.0
124.0
125.0
125.0
123.0
123.0
128.0
124.0
126.0
123.0
624.0
126.0
122.0
129.0
124.0
126.0
129.0
126.0
121.0
122.0
117.0
124.0
122.0
123.0
100.0
126.0
121.0
125.0
125.0
125.0
109.0
314.0
122.0
125.0
122.0
178.0
125.0
124.0
114.0
122.0
128.0
126.0
120.0
124.0
117.0
126.0
95.0
128.0
120.0
120.0
122.0
122.0
124.0
121.0
125.0
128.0
125.0
129.0
128.0
123.0
124.0
193.0
132.0
114.0
122.0
123.0
124.0
126.0
126.0
472.0
125.0
127.0
124.0
121.0
127.0
128.0
118.0
110.0
125.0
118.0
119.0
126.0
124.0
123.0
123.0
122.0
125.0
123.0
127.0
117.0
122.0
128.0
123.0
125.0
125.0
197.0
120.0
124.0
127.0
126.0
125.0
131.0
128.0
122.0
122.0
126.0
123.0
123.0
121.0
124.0
522.0
129.0
121.0
125.0
126.0
122.0
126.0
472.0
122.0
129.0
124.0
288.0
125.0
123.0
122.0
124.0
125.0
127.0
126.0
127.0
126.0
176.0
122.0
121.0
123.0
129.0
123.0
126.0
123.0
377.0
149.0
122.0
125.0
125.0
116.0
160.0
106.0
116.0
116.0
122.0
125.0
126.0
117.0
126.0
124.0
122.0
122.0
118.0
118.0
123.0
124.0
129.0
123.0
129.0
120.0
122.0
126.0
124.0
123.0
128.0
122.0
123.0
121.0
122.0
122.0
531.0
129.0
126.0
123.0
125.0
124.0
505.0
128.0
120.0
153.0
123.0
123.0
123.0
124.0
123.0
122.0
121.0
121.0
125.0
122.0
119.0
115.0
125.0
125.0
179.0
119.0
121.0
123.0
572.0
123.0
126.0
125.0
125.0
136.0
120.0
126.0
125.0
208.0
123.0
128.0
110.0
125.0
125.0
128.0
122.0
119.0
128.0
124.0
123.0
122.0
112.0
127.0
121.0
125.0
125.0
122.0
119.0
125.0
125.0
123.0
125.0
124.0
176.0
112.0
155.0
124.0
422.0
117.0
125.0
126.0
227.0
114.0
123.0
125.0
132.0
133.0
109.0
125.0
124.0
126.0
122.0
122.0
205.0
128.0
123.0
113.0
452.0
126.0
126.0
126.0
123.0
130.0
122.0
122.0
125.0
125.0
474.0
126.0
126.0
123.0
121.0
114.0
122.0
194.0
124.0
127.0
127.0
123.0
125.0
128.0
177.0
121.0
125.0
129.0
227.0
127.0
126.0
120.0
222.0
130.0
122.0
125.0
129.0
126.0
130.0
114.0
124.0
128.0
334.0
111.0
119.0
125.0
526.0
120.0
122.0
127.0
123.0
129.0
113.0
111.0
125.0
123.0
124.0
126.0
126.0
126.0
124.0
102.0
122.0
130.0
125.0
115.0
126.0
118.0
125.0
122.0
192.0
116.0
123.0
123.0
507.0
531.0
126.0
122.0
126.0
121.0
128.0
122.0
185.0
125.0
122.0
124.0
125.0
115.0
123.0
122.0
121.0
123.0
125.0
116.0
126.0
121.0
124.0
117.0
129.0
110.0
117.0
123.0
118.0
125.0
115.0
129.0
128.0
122.0
122.0
123.0
122.0
186.0
124.0
226.0
126.0
126.0
490.0
129.0
316.0
125.0
128.0
122.0
121.0
132.0
338.0
129.0
126.0
129.0
130.0
129.0
128.0
128.0
122.0
122.0
122.0
124.0
130.0
211.0
125.0
130.0
122.0
128.0
121.0
130.0
129.0
129.0
121.0
125.0
125.0
418.0
123.0
121.0
125.0
120.0
122.0
114.0
120.0
129.0
425.0
129.0
193.0
124.0
121.0
128.0
128.0
