156.0
148.0
154.0
147.0
146.0
150.0
272.0
149.0
147.0
154.0
151.0
142.0
147.0
151.0
146.0
146.0
154.0
202.0
149.0
152.0
147.0
151.0
139.0
155.0
146.0
144.0
155.0
149.0
147.0
145.0
155.0
148.0
154.0
148.0
155.0
147.0
149.0
147.0
157.0
149.0
156.0
148.0
152.0
151.0
130.0
157.0
153.0
147.0
136.0
144.0
202.0
154.0
151.0
311.0
199.0
203.0
143.0
153.0
153.0
243.0
153.0
138.0
151.0
144.0
151.0
151.0
154.0
146.0
205.0
148.0
200.0
205.0
140.0
198.0
205.0
152.0
138.0
148.0
213.0
149.0
151.0
151.0
145.0
148.0
200.0
153.0
156.0
152.0
152.0
146.0
156.0
122.0
152.0
147.0
156.0
142.0
158.0
207.0
153.0
209.0
151.0
153.0
150.0
146.0
232.0
149.0
206.0
156.0
140.0
154.0
154.0
136.0
202.0
213.0
151.0
144.0
143.0
210.0
148.0
151.0
152.0
150.0
155.0
205.0
148.0
203.0
152.0
147.0
134.0
205.0
153.0
577.0
142.0
144.0
150.0
151.0
154.0
209.0
150.0
156.0
150.0
145.0
147.0
196.0
153.0
151.0
144.0
148.0
148.0
151.0
146.0
140.0
560.0
150.0
151.0
148.0
202.0
218.0
152.0
150.0
209.0
152.0
206.0
153.0
155.0
138.0
148.0
160.0
236.0
147.0
150.0
209.0
149.0
201.0
150.0
146.0
145.0
243.0
150.0
152.0
208.0
426.0
146.0
154.0
214.0
151.0
395.0
440.0
131.0
150.0
209.0
146.0
149.0
151.0
144.0
180.0
148.0
152.0
153.0
325.0
146.0
203.0
149.0
150.0
207.0
141.0
150.0
150.0
150.0
153.0
145.0
154.0
150.0
146.0
151.0
152.0
153.0
590.0
148.0
151.0
185.0
149.0
151.0
205.0
153.0
148.0
148.0
150.0
148.0
165.0
177.0
474.0
143.0
152.0
152.0
151.0
282.0
205.0
150.0
205.0
148.0
157.0
276.0
148.0
213.0
198.0
150.0
144.0
210.0
152.0
141.0
151.0
201.0
141.0
209.0
151.0
209.0
150.0
208.0
138.0
143.0
154.0
232.0
150.0
141.0
148.0
146.0
151.0
148.0
147.0
139.0
151.0
210.0
151.0
152.0
154.0
150.0
150.0
316.0
197.0
149.0
153.0
210.0
140.0
152.0
150.0
149.0
201.0
153.0
137.0
148.0
202.0
176.0
146.0
154.0
148.0
148.0
150.0
149.0
158.0
202.0
149.0
146.0
154.0
266.0
141.0
150.0
145.0
156.0
131.0
152.0
158.0
153.0
153.0
152.0
179.0
154.0
157.0
182.0
205.0
142.0
152.0
302.0
150.0
150.0
201.0
149.0
148.0
146.0
146.0
149.0
141.0
150.0
178.0
131.0
150.0
324.0
146.0
136.0
195.0
208.0
207.0
413.0
153.0
144.0
150.0
205.0
140.0
357.0
145.0
185.0
302.0
156.0
150.0
148.0
150.0
147.0
146.0
148.0
266.0
160.0
149.0
208.0
152.0
146.0
152.0
157.0
145.0
150.0
148.0
150.0
150.0
144.0
212.0
125.0
146.0
154.0
149.0
148.0
154.0
151.0
154.0
203.0
154.0
149.0
150.0
150.0
151.0
144.0
442.0
197.0
148.0
145.0
152.0
151.0
143.0
146.0
202.0
151.0
640.0
175.0
149.0
157.0
146.0
152.0
149.0
152.0
208.0
150.0
149.0
145.0
152.0
156.0
207.0
155.0
112.0
196.0
154.0
213.0
147.0
149.0
137.0
154.0
202.0
149.0
154.0
208.0
127.0
151.0
151.0
208.0
153.0
148.0
156.0
208.0
152.0
133.0
146.0
146.0
209.0
211.0
146.0
148.0
151.0
146.0
147.0
145.0
196.0
154.0
153.0
141.0
151.0
209.0
155.0
151.0
152.0
200.0
145.0
132.0
367.0
149.0
155.0
140.0
149.0
154.0
150.0
148.0
154.0
150.0
205.0
147.0
151.0
139.0
148.0
149.0
202.0
151.0
156.0
149.0
158.0
145.0
195.0
149.0
153.0
205.0
379.0
143.0
150.0
149.0
215.0
218.0
152.0
151.0
147.0
151.0
148.0
206.0
148.0
145.0
149.0
206.0
149.0
205.0
207.0
148.0
210.0
145.0
150.0
152.0
205.0
143.0
149.0
154.0
155.0
206.0
154.0
206.0
146.0
149.0
153.0
205.0
201.0
144.0
146.0
151.0
149.0
148.0
209.0
155.0
148.0
154.0
474.0
154.0
152.0
201.0
151.0
151.0
157.0
144.0
139.0
189.0
152.0
152.0
264.0
212.0
149.0
149.0
264.0
153.0
142.0
292.0
149.0
208.0
587.0
154.0
145.0
657.0
146.0
209.0
150.0
150.0
148.0
486.0
179.0
153.0
136.0
146.0
249.0
209.0
154.0
155.0
149.0
155.0
145.0
150.0
152.0
154.0
242.0
151.0
209.0
146.0
204.0
151.0
146.0
152.0
204.0
151.0
148.0
209.0
135.0
150.0
154.0
150.0
152.0
148.0
121.0
150.0
150.0
147.0
144.0
152.0
150.0
147.0
149.0
204.0
148.0
209.0
138.0
144.0
146.0
136.0
383.0
204.0
146.0
154.0
144.0
146.0
153.0
464.0
201.0
150.0
203.0
149.0
329.0
178.0
221.0
148.0
245.0
229.0
152.0
148.0
322.0
209.0
145.0
207.0
156.0
152.0
139.0
149.0
154.0
144.0
305.0
149.0
154.0
134.0
204.0
146.0
148.0
149.0
272.0
213.0
148.0
154.0
154.0
150.0
171.0
151.0
149.0
153.0
141.0
209.0
151.0
152.0
130.0
201.0
198.0
143.0
152.0
155.0
206.0
205.0
149.0
147.0
150.0
142.0
142.0
156.0
205.0
147.0
144.0
148.0
149.0
149.0
147.0
311.0
149.0
139.0
153.0
147.0
146.0
182.0
150.0
150.0
151.0
152.0
206.0
150.0
146.0
183.0
148.0
151.0
146.0
149.0
205.0
218.0
218.0
147.0
145.0
153.0
148.0
154.0
144.0
150.0
149.0
148.0
143.0
331.0
150.0
205.0
152.0
206.0
147.0
221.0
149.0
142.0
148.0
153.0
151.0
148.0
151.0
147.0
153.0
201.0
150.0
152.0
147.0
236.0
152.0
209.0
148.0
150.0
151.0
151.0
152.0
210.0
146.0
206.0
676.0
143.0
153.0
218.0
154.0
153.0
178.0
134.0
142.0
142.0
147.0
146.0
209.0
138.0
210.0
154.0
234.0
206.0
149.0
157.0
148.0
507.0
152.0
142.0
141.0
208.0
144.0
153.0
153.0
206.0
147.0
149.0
198.0
205.0
151.0
149.0
152.0
206.0
154.0
293.0
150.0
140.0
145.0
149.0
151.0
151.0
330.0
151.0
147.0
249.0
154.0
193.0
153.0
152.0
144.0
151.0
154.0
149.0
151.0
151.0
198.0
149.0
211.0
589.0
148.0
146.0
144.0
146.0
151.0
153.0
446.0
210.0
148.0
148.0
148.0
613.0
148.0
234.0
146.0
208.0
153.0
153.0
209.0
209.0
138.0
149.0
315.0
148.0
203.0
154.0
152.0
602.0
149.0
207.0
149.0
121.0
150.0
202.0
150.0
202.0
157.0
381.0
221.0
149.0
218.0
150.0
148.0
232.0
152.0
153.0
147.0
151.0
148.0
155.0
153.0
152.0
148.0
147.0
145.0
146.0
148.0
153.0
200.0
150.0
150.0
520.0
195.0
152.0
148.0
153.0
146.0
205.0
146.0
149.0
147.0
154.0
427.0
185.0
204.0
148.0
144.0
146.0
146.0
216.0
150.0
494.0
142.0
139.0
148.0
141.0
157.0
147.0
205.0
681.0
207.0
205.0
155.0
150.0
153.0
150.0
152.0
209.0
152.0
140.0
209.0
207.0
208.0
142.0
151.0
138.0
208.0
149.0
205.0
150.0
149.0
155.0
208.0
148.0
198.0
153.0
212.0
145.0
204.0
147.0
144.0
144.0
206.0
154.0
149.0
147.0
149.0
206.0
145.0
132.0
149.0
152.0
203.0
149.0
207.0
153.0
151.0
146.0
144.0
206.0
150.0
146.0
160.0
146.0
147.0
205.0
144.0
205.0
150.0
207.0
152.0
149.0
154.0
139.0
197.0
211.0
229.0
141.0
144.0
153.0
151.0
149.0
191.0
150.0
148.0
148.0
143.0
146.0
142.0
144.0
153.0
144.0
154.0
147.0
152.0
152.0
147.0
149.0
151.0
247.0
138.0
148.0
151.0
203.0
157.0
153.0
149.0
146.0
148.0
148.0
147.0
205.0
205.0
157.0
157.0
205.0
149.0
154.0
148.0
155.0
154.0
154.0
151.0
202.0
153.0
154.0
142.0
182.0
151.0
138.0
200.0
154.0
154.0
152.0
141.0
154.0
206.0
105.0
193.0
148.0
145.0
153.0
205.0
136.0
150.0
149.0
151.0
153.0
154.0
212.0
148.0
148.0
203.0
146.0
148.0
147.0
628.0
148.0
209.0
185.0
149.0
152.0
369.0
149.0
139.0
148.0
204.0
153.0
151.0
151.0
201.0
155.0
146.0
155.0
202.0
151.0
156.0
152.0
151.0
157.0
147.0
154.0
147.0
148.0
152.0
147.0
153.0
153.0
208.0
150.0
203.0
149.0
146.0
210.0
202.0
210.0
150.0
204.0
146.0
149.0
152.0
148.0
149.0
148.0
147.0
208.0
150.0
152.0
203.0
149.0
148.0
504.0
146.0
153.0
217.0
149.0
138.0
209.0
150.0
155.0
205.0
203.0
210.0
150.0
210.0
145.0
146.0
144.0
148.0
145.0
202.0
148.0
151.0
143.0
209.0
145.0
321.0
153.0
209.0
150.0
149.0
205.0
147.0
144.0
147.0
209.0
148.0
207.0
208.0
153.0
151.0
333.0
151.0
208.0
181.0
146.0
200.0
150.0
150.0
208.0
151.0
153.0
150.0
212.0
154.0
153.0
201.0
266.0
206.0
148.0
207.0
199.0
142.0
146.0
152.0
151.0
154.0
147.0
152.0
205.0
153.0
142.0
146.0
149.0
153.0
201.0
212.0
149.0
150.0
148.0
145.0
205.0
150.0
149.0
205.0
150.0
200.0
144.0
153.0
153.0
149.0
154.0
208.0
154.0
203.0
182.0
149.0
221.0
144.0
150.0
148.0
204.0
150.0
145.0
149.0
153.0
150.0
205.0
153.0
149.0
148.0
145.0
150.0
207.0
145.0
210.0
149.0
213.0
205.0
150.0
149.0
157.0
458.0
523.0
144.0
213.0
181.0
237.0
147.0
198.0
148.0
154.0
154.0
156.0
205.0
149.0
276.0
149.0
146.0
151.0
155.0
155.0
206.0
156.0
156.0
154.0
142.0
202.0
152.0
147.0
154.0
114.0
152.0
151.0
145.0
151.0
206.0
224.0
194.0
153.0
142.0
148.0
218.0
208.0
147.0
407.0
144.0
150.0
149.0
205.0
152.0
129.0
154.0
154.0
152.0
152.0
149.0
151.0
153.0
202.0
149.0
143.0
197.0
152.0
148.0
125.0
210.0
145.0
150.0
237.0
209.0
134.0
146.0
152.0
152.0
149.0
154.0
206.0
149.0
142.0
151.0
153.0
150.0
142.0
149.0
148.0
208.0
125.0
154.0
145.0
203.0
148.0
146.0
151.0
148.0
147.0
151.0
148.0
210.0
149.0
146.0
202.0
151.0
206.0
636.0
203.0
154.0
268.0
149.0
202.0
145.0
151.0
155.0
253.0
147.0
154.0
205.0
144.0
132.0
150.0
204.0
150.0
151.0
264.0
150.0
215.0
149.0
154.0
150.0
152.0
146.0
144.0
149.0
146.0
151.0
153.0
154.0
149.0
147.0
150.0
216.0
149.0
221.0
150.0
154.0
147.0
213.0
150.0
152.0
143.0
146.0
146.0
152.0
148.0
149.0
151.0
146.0
150.0
236.0
208.0
152.0
206.0
148.0
153.0
523.0
203.0
149.0
149.0
234.0
150.0
154.0
150.0
158.0
149.0
148.0
148.0
155.0
147.0
153.0
458.0
144.0
274.0
202.0
206.0
153.0
140.0
184.0
127.0
498.0
139.0
152.0
151.0
149.0
148.0
454.0
203.0
147.0
146.0
142.0
150.0
204.0
152.0
149.0
157.0
149.0
141.0
151.0
152.0
150.0
208.0
208.0
151.0
148.0
154.0
153.0
204.0
146.0
274.0
151.0
149.0
150.0
150.0
142.0
150.0
151.0
151.0
147.0
146.0
152.0
205.0
153.0
146.0
149.0
141.0
154.0
148.0
155.0
632.0
148.0
151.0
150.0
147.0
146.0
150.0
141.0
205.0
153.0
211.0
150.0
494.0
147.0
150.0
148.0
149.0
150.0
150.0
265.0
151.0
478.0
150.0
148.0
153.0
154.0
144.0
201.0
202.0
134.0
152.0
153.0
157.0
151.0
151.0
148.0
146.0
212.0
203.0
212.0
268.0
153.0
645.0
178.0
150.0
149.0
145.0
205.0
150.0
152.0
138.0
209.0
149.0
155.0
207.0
138.0
149.0
152.0
153.0
140.0
211.0
148.0
150.0
149.0
143.0
141.0
150.0
153.0
149.0
154.0
153.0
449.0
153.0
150.0
145.0
147.0
154.0
149.0
148.0
154.0
140.0
140.0
147.0
150.0
148.0
205.0
207.0
155.0
146.0
152.0
144.0
146.0
208.0
151.0
211.0
146.0
146.0
152.0
208.0
209.0
148.0
149.0
154.0
151.0
140.0
213.0
203.0
148.0
132.0
148.0
235.0
145.0
146.0
146.0
150.0
208.0
154.0
138.0
135.0
154.0
152.0
149.0
226.0
210.0
152.0
152.0
715.0
203.0
153.0
205.0
144.0
205.0
146.0
150.0
142.0
149.0
148.0
149.0
204.0
141.0
140.0
153.0
152.0
205.0
141.0
205.0
342.0
151.0
230.0
149.0
148.0
230.0
145.0
151.0
146.0
149.0
148.0
153.0
142.0
146.0
152.0
151.0
141.0
149.0
137.0
144.0
147.0
144.0
153.0
145.0
152.0
336.0
226.0
205.0
146.0
153.0
147.0
152.0
148.0
157.0
149.0
147.0
150.0
150.0
302.0
157.0
146.0
149.0
157.0
147.0
152.0
152.0
149.0
152.0
153.0
149.0
149.0
205.0
152.0
557.0
146.0
207.0
154.0
152.0
154.0
148.0
152.0
148.0
148.0
153.0
204.0
149.0
153.0
206.0
145.0
150.0
149.0
146.0
141.0
149.0
136.0
151.0
153.0
149.0
159.0
149.0
206.0
149.0
151.0
149.0
