106.0
98.0
98.0
90.0
94.0
98.0
98.0
94.0
291.0
97.0
98.0
89.0
91.0
97.0
317.0
98.0
102.0
94.0
97.0
101.0
91.0
154.0
489.0
102.0
204.0
96.0
135.0
94.0
94.0
94.0
105.0
101.0
100.0
100.0
95.0
100.0
96.0
96.0
98.0
98.0
100.0
100.0
97.0
97.0
82.0
184.0
106.0
100.0
95.0
91.0
96.0
105.0
102.0
98.0
102.0
100.0
90.0
106.0
218.0
138.0
104.0
90.0
154.0
196.0
162.0
99.0
98.0
92.0
100.0
90.0
102.0
89.0
86.0
100.0
101.0
98.0
86.0
96.0
102.0
100.0
100.0
101.0
92.0
306.0
98.0
101.0
100.0
162.0
97.0
100.0
106.0
68.0
100.0
96.0
101.0
445.0
152.0
102.0
97.0
104.0
97.0
102.0
95.0
101.0
93.0
99.0
92.0
106.0
90.0
98.0
98.0
85.0
97.0
131.0
101.0
97.0
87.0
102.0
96.0
103.0
95.0
97.0
118.0
99.0
94.0
101.0
358.0
94.0
76.0
98.0
107.0
94.0
100.0
101.0
94.0
102.0
197.0
100.0
100.0
104.0
197.0
97.0
96.0
102.0
100.0
98.0
97.0
94.0
96.0
97.0
95.0
92.0
90.0
101.0
93.0
93.0
90.0
99.0
100.0
97.0
96.0
103.0
94.0
101.0
99.0
89.0
96.0
123.0
98.0
100.0
97.0
98.0
202.0
103.0
94.0
91.0
98.0
98.0
99.0
94.0
101.0
94.0
94.0
97.0
105.0
100.0
91.0
94.0
82.0
99.0
100.0
98.0
100.0
101.0
93.0
128.0
103.0
98.0
98.0
90.0
100.0
98.0
323.0
104.0
99.0
90.0
100.0
163.0
97.0
101.0
91.0
97.0
96.0
94.0
101.0
104.0
102.0
122.0
92.0
154.0
137.0
88.0
100.0
94.0
93.0
99.0
240.0
104.0
100.0
234.0
133.0
88.0
445.0
101.0
95.0
102.0
96.0
98.0
98.0
100.0
100.0
99.0
101.0
99.0
101.0
97.0
100.0
94.0
95.0
100.0
86.0
98.0
96.0
90.0
94.0
106.0
101.0
97.0
101.0
526.0
93.0
103.0
96.0
100.0
89.0
96.0
94.0
104.0
97.0
93.0
88.0
98.0
102.0
98.0
104.0
100.0
100.0
98.0
100.0
100.0
96.0
100.0
102.0
90.0
102.0
98.0
100.0
102.0
98.0
522.0
100.0
105.0
421.0
89.0
96.0
94.0
93.0
95.0
105.0
102.0
98.0
99.0
420.0
98.0
101.0
96.0
101.0
96.0
105.0
82.0
100.0
170.0
102.0
102.0
96.0
126.0
247.0
99.0
129.0
104.0
94.0
94.0
98.0
101.0
98.0
98.0
98.0
93.0
98.0
92.0
414.0
94.0
98.0
130.0
88.0
92.0
100.0
94.0
88.0
102.0
99.0
104.0
94.0
100.0
97.0
97.0
94.0
537.0
99.0
97.0
139.0
417.0
98.0
95.0
101.0
98.0
98.0
104.0
101.0
98.0
98.0
104.0
107.0
139.0
102.0
98.0
200.0
93.0
100.0
96.0
100.0
98.0
90.0
98.0
73.0
97.0
96.0
104.0
94.0
100.0
101.0
101.0
98.0
100.0
98.0
155.0
100.0
97.0
85.0
201.0
106.0
92.0
93.0
437.0
105.0
93.0
93.0
93.0
96.0
88.0
130.0
96.0
100.0
96.0
101.0
93.0
99.0
97.0
88.0
101.0
93.0
106.0
98.0
98.0
104.0
65.0
136.0
106.0
104.0
97.0
291.0
81.0
98.0
93.0
93.0
104.0
102.0
651.0
164.0
100.0
106.0
94.0
96.0
98.0
104.0
98.0
77.0
93.0
98.0
101.0
104.0
94.0
98.0
97.0
99.0
95.0
91.0
98.0
99.0
97.0
522.0
96.0
101.0
100.0
101.0
104.0
96.0
99.0
89.0
92.0
101.0
98.0
93.0
90.0
102.0
99.0
99.0
98.0
96.0
99.0
342.0
94.0
145.0
95.0
98.0
102.0
96.0
105.0
101.0
100.0
88.0
98.0
97.0
98.0
96.0
93.0
96.0
98.0
246.0
106.0
103.0
98.0
98.0
101.0
98.0
98.0
100.0
100.0
91.0
90.0
100.0
99.0
102.0
101.0
96.0
98.0
88.0
91.0
102.0
98.0
90.0
98.0
94.0
101.0
100.0
115.0
98.0
98.0
94.0
100.0
98.0
107.0
93.0
99.0
95.0
98.0
98.0
99.0
104.0
93.0
92.0
94.0
98.0
102.0
94.0
98.0
98.0
154.0
132.0
89.0
220.0
100.0
101.0
97.0
104.0
218.0
91.0
102.0
105.0
385.0
96.0
101.0
96.0
93.0
103.0
189.0
88.0
99.0
106.0
100.0
161.0
98.0
100.0
134.0
100.0
87.0
96.0
129.0
102.0
151.0
107.0
99.0
94.0
97.0
100.0
96.0
105.0
105.0
100.0
102.0
99.0
96.0
98.0
92.0
97.0
94.0
104.0
98.0
92.0
534.0
101.0
102.0
96.0
193.0
94.0
668.0
102.0
98.0
161.0
471.0
98.0
102.0
93.0
98.0
95.0
96.0
101.0
84.0
96.0
96.0
85.0
92.0
96.0
98.0
101.0
96.0
93.0
105.0
93.0
101.0
90.0
100.0
103.0
99.0
125.0
100.0
94.0
104.0
101.0
96.0
101.0
249.0
101.0
234.0
97.0
102.0
154.0
85.0
102.0
106.0
98.0
100.0
100.0
103.0
479.0
100.0
164.0
331.0
104.0
100.0
102.0
97.0
98.0
99.0
102.0
125.0
102.0
98.0
98.0
91.0
100.0
98.0
95.0
95.0
100.0
97.0
91.0
100.0
169.0
104.0
97.0
101.0
345.0
94.0
87.0
90.0
98.0
98.0
96.0
93.0
98.0
94.0
93.0
100.0
97.0
97.0
88.0
100.0
96.0
96.0
136.0
98.0
98.0
101.0
100.0
104.0
95.0
101.0
93.0
93.0
103.0
87.0
101.0
101.0
98.0
99.0
434.0
100.0
103.0
169.0
100.0
96.0
98.0
102.0
99.0
434.0
94.0
98.0
98.0
101.0
106.0
101.0
96.0
94.0
101.0
96.0
102.0
96.0
96.0
92.0
98.0
106.0
100.0
98.0
246.0
96.0
101.0
161.0
97.0
93.0
101.0
103.0
100.0
101.0
98.0
100.0
103.0
87.0
94.0
102.0
110.0
101.0
103.0
126.0
86.0
96.0
90.0
98.0
314.0
98.0
90.0
107.0
98.0
98.0
96.0
96.0
104.0
98.0
330.0
100.0
87.0
85.0
98.0
90.0
97.0
99.0
101.0
95.0
101.0
104.0
98.0
160.0
96.0
103.0
97.0
100.0
197.0
102.0
89.0
100.0
98.0
95.0
94.0
102.0
106.0
97.0
106.0
99.0
98.0
105.0
98.0
94.0
101.0
96.0
101.0
102.0
230.0
104.0
101.0
106.0
91.0
96.0
100.0
97.0
95.0
92.0
102.0
94.0
107.0
91.0
97.0
93.0
91.0
97.0
95.0
104.0
105.0
100.0
98.0
104.0
105.0
94.0
375.0
93.0
99.0
104.0
100.0
103.0
84.0
101.0
102.0
104.0
68.0
97.0
102.0
100.0
90.0
105.0
93.0
104.0
99.0
106.0
101.0
101.0
100.0
96.0
164.0
100.0
101.0
96.0
102.0
101.0
412.0
94.0
95.0
92.0
94.0
101.0
102.0
106.0
98.0
98.0
97.0
98.0
185.0
93.0
102.0
357.0
97.0
93.0
191.0
97.0
102.0
102.0
133.0
93.0
98.0
93.0
94.0
96.0
97.0
93.0
96.0
87.0
89.0
432.0
98.0
101.0
98.0
96.0
81.0
97.0
96.0
106.0
94.0
100.0
104.0
94.0
97.0
96.0
90.0
98.0
106.0
102.0
187.0
100.0
84.0
98.0
102.0
98.0
100.0
98.0
106.0
100.0
98.0
102.0
98.0
102.0
94.0
101.0
92.0
324.0
97.0
106.0
104.0
102.0
100.0
107.0
100.0
94.0
91.0
95.0
107.0
100.0
94.0
95.0
95.0
103.0
500.0
94.0
101.0
102.0
93.0
104.0
96.0
93.0
100.0
96.0
105.0
97.0
99.0
104.0
100.0
177.0
93.0
97.0
103.0
106.0
97.0
91.0
98.0
97.0
94.0
96.0
101.0
92.0
98.0
100.0
90.0
85.0
93.0
104.0
96.0
103.0
89.0
468.0
98.0
95.0
236.0
276.0
109.0
90.0
102.0
96.0
95.0
105.0
100.0
100.0
96.0
99.0
93.0
97.0
104.0
97.0
159.0
99.0
94.0
105.0
216.0
98.0
97.0
105.0
108.0
100.0
93.0
101.0
94.0
99.0
136.0
105.0
91.0
94.0
105.0
108.0
99.0
92.0
102.0
94.0
66.0
141.0
96.0
86.0
101.0
102.0
91.0
101.0
94.0
98.0
101.0
99.0
102.0
97.0
97.0
93.0
89.0
102.0
108.0
90.0
98.0
100.0
132.0
95.0
94.0
481.0
98.0
89.0
98.0
97.0
128.0
93.0
101.0
102.0
103.0
104.0
154.0
97.0
155.0
99.0
155.0
101.0
98.0
96.0
103.0
97.0
100.0
98.0
98.0
104.0
106.0
99.0
188.0
93.0
96.0
494.0
104.0
95.0
99.0
266.0
97.0
92.0
356.0
93.0
100.0
98.0
97.0
96.0
101.0
507.0
106.0
100.0
100.0
94.0
87.0
94.0
101.0
91.0
102.0
92.0
108.0
104.0
100.0
97.0
92.0
101.0
99.0
107.0
461.0
95.0
101.0
95.0
98.0
98.0
93.0
97.0
93.0
102.0
94.0
100.0
105.0
97.0
97.0
100.0
99.0
100.0
94.0
99.0
106.0
97.0
102.0
99.0
98.0
96.0
96.0
94.0
100.0
133.0
96.0
99.0
98.0
154.0
107.0
100.0
104.0
93.0
97.0
105.0
193.0
98.0
101.0
95.0
97.0
97.0
93.0
542.0
97.0
95.0
104.0
101.0
93.0
104.0
108.0
99.0
292.0
376.0
96.0
101.0
96.0
98.0
100.0
100.0
96.0
97.0
98.0
100.0
98.0
101.0
95.0
93.0
96.0
98.0
100.0
100.0
225.0
96.0
103.0
100.0
98.0
101.0
98.0
91.0
102.0
102.0
98.0
154.0
90.0
101.0
98.0
96.0
98.0
154.0
97.0
104.0
93.0
153.0
97.0
93.0
102.0
96.0
106.0
98.0
96.0
475.0
101.0
91.0
90.0
93.0
98.0
131.0
117.0
91.0
97.0
93.0
301.0
101.0
103.0
96.0
105.0
100.0
202.0
101.0
102.0
102.0
99.0
100.0
154.0
102.0
106.0
91.0
98.0
96.0
99.0
87.0
69.0
133.0
96.0
496.0
104.0
100.0
96.0
103.0
98.0
94.0
96.0
150.0
99.0
299.0
94.0
99.0
193.0
95.0
97.0
102.0
82.0
104.0
107.0
102.0
103.0
97.0
100.0
102.0
99.0
94.0
97.0
100.0
154.0
98.0
74.0
105.0
100.0
101.0
99.0
102.0
583.0
93.0
98.0
101.0
95.0
103.0
102.0
96.0
92.0
94.0
103.0
100.0
96.0
100.0
94.0
101.0
74.0
100.0
94.0
98.0
101.0
97.0
93.0
92.0
94.0
100.0
97.0
104.0
104.0
93.0
93.0
97.0
101.0
92.0
96.0
96.0
100.0
97.0
101.0
99.0
98.0
102.0
102.0
98.0
341.0
96.0
262.0
85.0
102.0
99.0
100.0
152.0
98.0
101.0
101.0
97.0
99.0
99.0
98.0
450.0
96.0
100.0
92.0
100.0
196.0
101.0
97.0
93.0
106.0
101.0
101.0
105.0
101.0
102.0
96.0
99.0
94.0
98.0
86.0
98.0
97.0
98.0
373.0
98.0
98.0
101.0
96.0
93.0
101.0
98.0
104.0
102.0
153.0
92.0
91.0
98.0
98.0
99.0
98.0
106.0
96.0
103.0
339.0
90.0
247.0
98.0
93.0
109.0
94.0
91.0
101.0
93.0
96.0
100.0
94.0
136.0
81.0
178.0
87.0
104.0
100.0
100.0
100.0
101.0
97.0
98.0
98.0
97.0
97.0
100.0
254.0
97.0
98.0
99.0
90.0
93.0
197.0
105.0
95.0
105.0
104.0
97.0
99.0
101.0
96.0
91.0
100.0
98.0
99.0
94.0
99.0
89.0
99.0
466.0
99.0
235.0
99.0
213.0
101.0
202.0
99.0
102.0
91.0
98.0
95.0
102.0
163.0
92.0
94.0
103.0
96.0
96.0
93.0
94.0
101.0
100.0
98.0
105.0
94.0
93.0
102.0
94.0
95.0
99.0
101.0
488.0
101.0
101.0
151.0
98.0
99.0
98.0
90.0
102.0
93.0
88.0
100.0
182.0
106.0
184.0
101.0
98.0
97.0
104.0
98.0
98.0
91.0
101.0
87.0
131.0
95.0
102.0
493.0
100.0
96.0
100.0
90.0
101.0
97.0
105.0
102.0
85.0
97.0
98.0
100.0
95.0
95.0
101.0
99.0
97.0
89.0
92.0
104.0
99.0
99.0
100.0
99.0
96.0
97.0
103.0
93.0
96.0
101.0
97.0
101.0
100.0
88.0
544.0
96.0
98.0
95.0
99.0
98.0
101.0
96.0
101.0
92.0
105.0
107.0
100.0
100.0
99.0
100.0
98.0
101.0
106.0
93.0
99.0
194.0
106.0
87.0
105.0
95.0
97.0
80.0
97.0
102.0
97.0
387.0
100.0
100.0
99.0
108.0
89.0
92.0
105.0
365.0
103.0
101.0
102.0
103.0
98.0
78.0
97.0
104.0
97.0
93.0
95.0
96.0
105.0
93.0
100.0
85.0
96.0
98.0
90.0
92.0
232.0
95.0
180.0
90.0
94.0
93.0
98.0
93.0
334.0
101.0
99.0
507.0
94.0
101.0
94.0
314.0
100.0
92.0
96.0
99.0
98.0
463.0
97.0
85.0
91.0
357.0
85.0
99.0
85.0
105.0
99.0
105.0
96.0
97.0
155.0
101.0
98.0
96.0
105.0
96.0
98.0
105.0
98.0
117.0
103.0
94.0
89.0
109.0
96.0
101.0
94.0
100.0
101.0
101.0
197.0
98.0
100.0
98.0
92.0
96.0
101.0
102.0
99.0
99.0
101.0
99.0
477.0
217.0
153.0
98.0
227.0
155.0
100.0
95.0
101.0
96.0
97.0
99.0
168.0
546.0
275.0
100.0
94.0
104.0
97.0
105.0
236.0
94.0
98.0
