162.0
157.0
218.0
158.0
161.0
157.0
155.0
174.0
161.0
164.0
217.0
154.0
155.0
156.0
155.0
210.0
166.0
156.0
157.0
204.0
157.0
165.0
151.0
209.0
154.0
154.0
238.0
161.0
158.0
152.0
170.0
169.0
318.0
163.0
160.0
163.0
209.0
205.0
161.0
156.0
219.0
157.0
160.0
164.0
140.0
178.0
170.0
156.0
629.0
154.0
160.0
166.0
167.0
157.0
164.0
158.0
210.0
164.0
155.0
158.0
160.0
148.0
166.0
152.0
158.0
158.0
162.0
157.0
168.0
154.0
165.0
153.0
640.0
160.0
162.0
155.0
157.0
156.0
162.0
214.0
209.0
160.0
160.0
612.0
160.0
160.0
167.0
327.0
157.0
361.0
166.0
126.0
210.0
158.0
166.0
314.0
182.0
161.0
242.0
161.0
160.0
165.0
157.0
204.0
160.0
161.0
155.0
167.0
150.0
158.0
155.0
151.0
158.0
157.0
219.0
157.0
148.0
164.0
225.0
160.0
160.0
155.0
201.0
165.0
160.0
154.0
164.0
157.0
145.0
162.0
161.0
153.0
588.0
156.0
160.0
213.0
161.0
158.0
166.0
164.0
160.0
156.0
157.0
160.0
165.0
212.0
210.0
157.0
158.0
160.0
152.0
153.0
153.0
216.0
162.0
157.0
158.0
160.0
160.0
160.0
160.0
166.0
152.0
157.0
162.0
153.0
157.0
239.0
160.0
157.0
210.0
162.0
165.0
160.0
208.0
163.0
157.0
162.0
162.0
218.0
165.0
158.0
149.0
161.0
166.0
215.0
152.0
165.0
145.0
155.0
165.0
158.0
160.0
160.0
157.0
197.0
158.0
157.0
160.0
152.0
211.0
158.0
160.0
229.0
160.0
148.0
552.0
162.0
158.0
166.0
150.0
212.0
157.0
160.0
168.0
217.0
200.0
149.0
288.0
162.0
197.0
154.0
205.0
158.0
286.0
157.0
164.0
165.0
164.0
160.0
197.0
151.0
154.0
158.0
153.0
216.0
158.0
165.0
164.0
155.0
157.0
220.0
170.0
161.0
165.0
171.0
262.0
204.0
160.0
168.0
149.0
260.0
157.0
153.0
161.0
220.0
163.0
198.0
168.0
145.0
152.0
162.0
162.0
161.0
621.0
258.0
593.0
263.0
155.0
157.0
151.0
208.0
161.0
232.0
162.0
214.0
158.0
160.0
170.0
164.0
437.0
158.0
161.0
486.0
160.0
167.0
160.0
167.0
160.0
388.0
159.0
164.0
206.0
151.0
157.0
158.0
159.0
161.0
170.0
166.0
154.0
206.0
156.0
157.0
156.0
152.0
274.0
157.0
162.0
141.0
160.0
165.0
211.0
166.0
161.0
197.0
164.0
166.0
196.0
166.0
156.0
160.0
160.0
160.0
162.0
155.0
347.0
157.0
154.0
152.0
156.0
210.0
225.0
196.0
148.0
158.0
165.0
156.0
149.0
165.0
158.0
166.0
160.0
216.0
163.0
160.0
156.0
153.0
165.0
581.0
196.0
157.0
158.0
157.0
299.0
210.0
161.0
161.0
162.0
161.0
214.0
162.0
168.0
251.0
166.0
165.0
163.0
155.0
165.0
160.0
165.0
158.0
215.0
161.0
742.0
160.0
162.0
169.0
213.0
166.0
221.0
165.0
158.0
162.0
164.0
171.0
161.0
158.0
148.0
155.0
168.0
198.0
157.0
160.0
164.0
157.0
154.0
158.0
210.0
149.0
194.0
244.0
166.0
208.0
165.0
153.0
162.0
161.0
336.0
276.0
148.0
166.0
210.0
163.0
163.0
121.0
198.0
162.0
166.0
428.0
156.0
679.0
160.0
163.0
162.0
162.0
165.0
137.0
161.0
162.0
170.0
200.0
157.0
285.0
160.0
159.0
139.0
157.0
158.0
169.0
162.0
160.0
157.0
217.0
157.0
158.0
155.0
154.0
161.0
158.0
145.0
158.0
167.0
165.0
164.0
162.0
154.0
161.0
148.0
152.0
162.0
161.0
160.0
237.0
167.0
162.0
161.0
216.0
276.0
160.0
158.0
161.0
613.0
160.0
206.0
165.0
203.0
161.0
158.0
216.0
154.0
160.0
211.0
213.0
160.0
156.0
162.0
154.0
165.0
165.0
160.0
164.0
209.0
495.0
157.0
158.0
162.0
160.0
512.0
156.0
161.0
160.0
165.0
156.0
160.0
170.0
154.0
205.0
165.0
164.0
157.0
164.0
157.0
162.0
161.0
195.0
158.0
158.0
162.0
290.0
157.0
168.0
153.0
211.0
235.0
161.0
371.0
161.0
164.0
161.0
162.0
155.0
160.0
165.0
161.0
155.0
159.0
166.0
517.0
151.0
162.0
165.0
162.0
162.0
166.0
161.0
154.0
161.0
166.0
151.0
157.0
169.0
160.0
158.0
158.0
155.0
145.0
581.0
170.0
162.0
160.0
274.0
164.0
199.0
166.0
149.0
424.0
157.0
164.0
162.0
171.0
209.0
160.0
158.0
270.0
162.0
164.0
170.0
168.0
162.0
461.0
156.0
165.0
157.0
155.0
160.0
161.0
154.0
161.0
141.0
165.0
239.0
155.0
154.0
157.0
130.0
162.0
164.0
229.0
154.0
160.0
157.0
152.0
393.0
158.0
160.0
166.0
144.0
158.0
157.0
150.0
152.0
160.0
157.0
162.0
162.0
157.0
165.0
157.0
155.0
155.0
162.0
205.0
158.0
197.0
164.0
274.0
170.0
161.0
196.0
157.0
153.0
161.0
172.0
156.0
162.0
174.0
148.0
162.0
200.0
158.0
162.0
161.0
166.0
142.0
160.0
160.0
157.0
163.0
165.0
160.0
156.0
201.0
157.0
161.0
197.0
229.0
210.0
209.0
156.0
160.0
213.0
167.0
156.0
171.0
158.0
152.0
162.0
165.0
162.0
154.0
166.0
161.0
210.0
156.0
152.0
164.0
157.0
212.0
157.0
158.0
157.0
154.0
158.0
160.0
157.0
586.0
163.0
157.0
158.0
194.0
161.0
160.0
160.0
207.0
172.0
161.0
162.0
157.0
154.0
168.0
152.0
352.0
165.0
162.0
162.0
157.0
160.0
166.0
161.0
211.0
152.0
164.0
451.0
160.0
153.0
157.0
213.0
160.0
160.0
165.0
393.0
160.0
157.0
155.0
157.0
162.0
216.0
155.0
217.0
155.0
170.0
160.0
162.0
158.0
161.0
163.0
165.0
160.0
157.0
405.0
223.0
163.0
168.0
158.0
273.0
169.0
149.0
157.0
203.0
162.0
162.0
164.0
196.0
145.0
156.0
152.0
155.0
162.0
159.0
152.0
163.0
155.0
160.0
162.0
161.0
165.0
158.0
483.0
155.0
146.0
565.0
164.0
157.0
157.0
166.0
164.0
202.0
202.0
165.0
168.0
158.0
157.0
212.0
162.0
216.0
157.0
165.0
150.0
160.0
245.0
160.0
161.0
162.0
206.0
160.0
162.0
158.0
152.0
199.0
161.0
152.0
159.0
228.0
159.0
272.0
162.0
162.0
210.0
169.0
149.0
262.0
164.0
158.0
158.0
204.0
169.0
154.0
162.0
373.0
158.0
160.0
155.0
160.0
158.0
217.0
162.0
228.0
224.0
165.0
165.0
153.0
160.0
158.0
158.0
168.0
213.0
161.0
153.0
162.0
163.0
165.0
736.0
161.0
162.0
160.0
154.0
168.0
157.0
162.0
198.0
162.0
158.0
216.0
161.0
164.0
162.0
214.0
162.0
545.0
282.0
164.0
156.0
149.0
200.0
209.0
155.0
244.0
160.0
159.0
161.0
211.0
154.0
160.0
162.0
264.0
162.0
158.0
157.0
154.0
154.0
219.0
162.0
157.0
196.0
160.0
164.0
165.0
209.0
154.0
161.0
165.0
159.0
152.0
152.0
160.0
154.0
217.0
558.0
161.0
144.0
160.0
160.0
166.0
157.0
160.0
206.0
209.0
162.0
252.0
149.0
160.0
161.0
161.0
158.0
228.0
146.0
160.0
165.0
162.0
215.0
458.0
170.0
158.0
161.0
160.0
160.0
163.0
156.0
160.0
154.0
156.0
307.0
162.0
162.0
212.0
157.0
164.0
157.0
161.0
145.0
157.0
170.0
155.0
162.0
156.0
160.0
162.0
146.0
154.0
164.0
154.0
156.0
225.0
515.0
153.0
157.0
161.0
163.0
158.0
157.0
204.0
212.0
165.0
628.0
164.0
163.0
161.0
157.0
602.0
162.0
215.0
156.0
162.0
161.0
301.0
159.0
160.0
157.0
148.0
157.0
171.0
213.0
218.0
150.0
163.0
165.0
160.0
156.0
160.0
168.0
152.0
387.0
208.0
160.0
172.0
162.0
157.0
158.0
163.0
162.0
158.0
166.0
158.0
155.0
164.0
158.0
160.0
160.0
160.0
161.0
162.0
168.0
161.0
157.0
161.0
210.0
152.0
198.0
164.0
154.0
161.0
161.0
168.0
216.0
156.0
161.0
155.0
121.0
204.0
216.0
504.0
161.0
161.0
653.0
168.0
155.0
165.0
164.0
214.0
161.0
156.0
158.0
155.0
158.0
221.0
246.0
153.0
203.0
160.0
196.0
162.0
165.0
150.0
158.0
146.0
162.0
162.0
221.0
372.0
163.0
161.0
162.0
203.0
170.0
161.0
163.0
212.0
163.0
198.0
158.0
254.0
161.0
202.0
162.0
154.0
158.0
213.0
204.0
160.0
157.0
154.0
164.0
158.0
164.0
155.0
164.0
160.0
158.0
154.0
165.0
158.0
165.0
155.0
217.0
155.0
165.0
153.0
169.0
164.0
159.0
153.0
154.0
158.0
168.0
157.0
162.0
151.0
165.0
165.0
197.0
158.0
158.0
160.0
162.0
171.0
152.0
456.0
161.0
205.0
155.0
160.0
162.0
160.0
161.0
160.0
157.0
165.0
165.0
165.0
164.0
253.0
162.0
161.0
150.0
160.0
164.0
160.0
158.0
168.0
166.0
200.0
161.0
160.0
164.0
196.0
214.0
161.0
158.0
154.0
164.0
164.0
197.0
449.0
160.0
162.0
162.0
157.0
164.0
162.0
161.0
160.0
153.0
149.0
210.0
161.0
168.0
161.0
155.0
165.0
166.0
161.0
161.0
160.0
160.0
159.0
157.0
157.0
388.0
163.0
327.0
160.0
161.0
162.0
160.0
156.0
160.0
161.0
154.0
212.0
197.0
160.0
165.0
158.0
158.0
161.0
156.0
167.0
161.0
155.0
168.0
166.0
161.0
164.0
157.0
161.0
163.0
289.0
160.0
164.0
212.0
154.0
283.0
162.0
160.0
209.0
165.0
161.0
165.0
165.0
525.0
155.0
213.0
157.0
154.0
154.0
161.0
196.0
164.0
157.0
157.0
159.0
165.0
165.0
161.0
158.0
163.0
158.0
165.0
162.0
165.0
165.0
166.0
157.0
164.0
162.0
167.0
154.0
157.0
162.0
158.0
201.0
129.0
199.0
161.0
154.0
171.0
161.0
157.0
154.0
160.0
517.0
158.0
158.0
162.0
165.0
154.0
157.0
167.0
267.0
160.0
157.0
144.0
166.0
158.0
215.0
470.0
160.0
161.0
164.0
157.0
212.0
154.0
157.0
162.0
214.0
133.0
164.0
516.0
162.0
167.0
165.0
149.0
155.0
160.0
279.0
154.0
168.0
160.0
245.0
151.0
162.0
161.0
236.0
160.0
161.0
557.0
165.0
756.0
168.0
155.0
164.0
166.0
161.0
300.0
156.0
161.0
162.0
155.0
166.0
161.0
157.0
164.0
160.0
160.0
144.0
154.0
215.0
161.0
356.0
157.0
161.0
164.0
213.0
160.0
158.0
166.0
155.0
160.0
682.0
157.0
162.0
331.0
168.0
157.0
160.0
164.0
154.0
160.0
157.0
160.0
156.0
157.0
166.0
448.0
163.0
168.0
164.0
158.0
158.0
217.0
162.0
165.0
162.0
162.0
217.0
158.0
165.0
156.0
161.0
532.0
161.0
157.0
236.0
162.0
156.0
160.0
154.0
168.0
155.0
164.0
162.0
167.0
163.0
157.0
155.0
154.0
157.0
162.0
164.0
158.0
163.0
160.0
169.0
157.0
155.0
160.0
164.0
155.0
213.0
157.0
158.0
166.0
154.0
164.0
219.0
154.0
195.0
141.0
160.0
536.0
161.0
162.0
167.0
158.0
160.0
160.0
160.0
160.0
616.0
161.0
161.0
165.0
160.0
206.0
164.0
157.0
154.0
158.0
213.0
158.0
169.0
296.0
161.0
160.0
162.0
160.0
153.0
160.0
206.0
163.0
160.0
161.0
152.0
162.0
161.0
168.0
159.0
162.0
166.0
162.0
162.0
211.0
166.0
546.0
165.0
213.0
160.0
152.0
160.0
158.0
168.0
156.0
160.0
212.0
157.0
161.0
160.0
161.0
214.0
158.0
158.0
218.0
164.0
157.0
160.0
169.0
146.0
162.0
162.0
160.0
160.0
157.0
158.0
165.0
163.0
156.0
645.0
161.0
157.0
168.0
161.0
215.0
160.0
165.0
164.0
160.0
165.0
161.0
164.0
146.0
194.0
160.0
163.0
154.0
156.0
161.0
166.0
150.0
160.0
164.0
210.0
162.0
571.0
154.0
162.0
160.0
150.0
162.0
158.0
162.0
157.0
151.0
154.0
165.0
225.0
394.0
161.0
162.0
164.0
161.0
162.0
212.0
156.0
175.0
168.0
162.0
153.0
154.0
138.0
156.0
156.0
157.0
156.0
160.0
161.0
160.0
165.0
149.0
197.0
165.0
162.0
162.0
167.0
159.0
161.0
159.0
164.0
155.0
165.0
160.0
166.0
147.0
156.0
167.0
155.0
142.0
158.0
161.0
151.0
159.0
156.0
160.0
156.0
217.0
146.0
646.0
165.0
98.0
157.0
156.0
158.0
218.0
163.0
134.0
154.0
166.0
151.0
154.0
157.0
160.0
196.0
154.0
164.0
330.0
212.0
160.0
157.0
153.0
170.0
160.0
160.0
155.0
154.0
160.0
164.0
157.0
154.0
256.0
165.0
154.0
154.0
162.0
217.0
161.0
165.0
155.0
158.0
428.0
157.0
145.0
162.0
626.0
160.0
161.0
541.0
158.0
148.0
253.0
161.0
158.0
161.0
157.0
168.0
165.0
161.0
157.0
204.0
160.0
153.0
158.0
156.0
162.0
162.0
204.0
153.0
218.0
160.0
213.0
214.0
160.0
219.0
164.0
156.0
164.0
161.0
164.0
156.0
158.0
162.0
165.0
164.0
223.0
160.0
166.0
158.0
162.0
163.0
162.0
161.0
165.0
161.0
160.0
212.0
213.0
158.0
160.0
161.0
143.0
162.0
203.0
156.0
165.0
160.0
165.0
162.0
154.0
164.0
