100.0
96.0
98.0
94.0
101.0
96.0
98.0
96.0
96.0
286.0
99.0
93.0
97.0
101.0
94.0
100.0
100.0
96.0
98.0
96.0
99.0
96.0
90.0
100.0
100.0
477.0
104.0
168.0
97.0
102.0
98.0
99.0
97.0
98.0
96.0
97.0
94.0
98.0
173.0
190.0
98.0
412.0
96.0
100.0
82.0
103.0
101.0
98.0
90.0
92.0
97.0
96.0
100.0
97.0
98.0
98.0
90.0
102.0
100.0
98.0
172.0
89.0
98.0
98.0
96.0
97.0
192.0
94.0
100.0
94.0
97.0
98.0
89.0
99.0
96.0
182.0
85.0
98.0
104.0
96.0
96.0
178.0
93.0
88.0
97.0
100.0
171.0
100.0
97.0
98.0
105.0
73.0
109.0
321.0
101.0
91.0
100.0
98.0
100.0
99.0
99.0
104.0
93.0
102.0
100.0
98.0
101.0
101.0
91.0
96.0
189.0
86.0
101.0
100.0
99.0
97.0
93.0
100.0
93.0
105.0
101.0
96.0
97.0
97.0
95.0
98.0
97.0
93.0
82.0
100.0
106.0
91.0
91.0
98.0
100.0
99.0
102.0
100.0
98.0
104.0
104.0
93.0
98.0
100.0
100.0
97.0
100.0
101.0
99.0
93.0
89.0
89.0
89.0
99.0
100.0
94.0
98.0
102.0
98.0
102.0
98.0
102.0
97.0
100.0
179.0
94.0
96.0
101.0
98.0
97.0
95.0
93.0
97.0
98.0
97.0
96.0
93.0
102.0
98.0
99.0
103.0
98.0
93.0
93.0
97.0
97.0
90.0
100.0
79.0
99.0
100.0
96.0
94.0
99.0
258.0
133.0
98.0
96.0
94.0
93.0
100.0
98.0
98.0
102.0
96.0
89.0
94.0
96.0
96.0
102.0
94.0
100.0
98.0
394.0
102.0
97.0
101.0
90.0
98.0
103.0
132.0
89.0
98.0
98.0
99.0
94.0
100.0
101.0
96.0
97.0
132.0
97.0
97.0
181.0
93.0
98.0
101.0
97.0
315.0
100.0
99.0
98.0
99.0
97.0
101.0
98.0
98.0
98.0
100.0
98.0
89.0
103.0
100.0
86.0
98.0
96.0
96.0
99.0
98.0
87.0
91.0
100.0
98.0
96.0
83.0
96.0
87.0
98.0
96.0
98.0
88.0
101.0
99.0
101.0
184.0
100.0
97.0
256.0
98.0
102.0
97.0
105.0
98.0
461.0
198.0
102.0
198.0
102.0
97.0
86.0
96.0
99.0
93.0
96.0
99.0
97.0
98.0
100.0
98.0
99.0
97.0
100.0
93.0
170.0
95.0
89.0
100.0
171.0
342.0
84.0
101.0
101.0
101.0
98.0
95.0
130.0
103.0
102.0
128.0
98.0
509.0
99.0
98.0
97.0
98.0
96.0
94.0
98.0
96.0
356.0
97.0
98.0
96.0
129.0
87.0
96.0
101.0
92.0
91.0
98.0
101.0
104.0
98.0
96.0
489.0
279.0
98.0
86.0
101.0
93.0
130.0
97.0
96.0
97.0
96.0
100.0
98.0
99.0
99.0
100.0
103.0
174.0
100.0
96.0
100.0
101.0
101.0
101.0
99.0
98.0
100.0
96.0
96.0
97.0
70.0
93.0
100.0
103.0
93.0
98.0
98.0
98.0
96.0
189.0
98.0
101.0
104.0
98.0
87.0
98.0
101.0
96.0
96.0
98.0
101.0
482.0
94.0
98.0
99.0
87.0
122.0
96.0
96.0
98.0
102.0
97.0
101.0
95.0
94.0
100.0
89.0
97.0
100.0
101.0
215.0
62.0
144.0
103.0
100.0
96.0
101.0
79.0
98.0
102.0
95.0
100.0
102.0
78.0
100.0
104.0
101.0
99.0
94.0
102.0
97.0
100.0
81.0
93.0
101.0
98.0
102.0
98.0
97.0
98.0
101.0
95.0
94.0
96.0
100.0
96.0
93.0
97.0
97.0
98.0
102.0
97.0
93.0
92.0
82.0
96.0
97.0
98.0
437.0
97.0
101.0
99.0
93.0
97.0
100.0
98.0
96.0
97.0
89.0
102.0
98.0
104.0
99.0
97.0
98.0
101.0
96.0
96.0
101.0
100.0
100.0
98.0
97.0
170.0
99.0
100.0
101.0
288.0
100.0
94.0
98.0
96.0
103.0
98.0
94.0
216.0
99.0
97.0
96.0
97.0
100.0
101.0
90.0
94.0
93.0
98.0
93.0
98.0
94.0
100.0
101.0
102.0
93.0
98.0
97.0
97.0
100.0
102.0
94.0
98.0
101.0
101.0
100.0
100.0
101.0
95.0
98.0
98.0
99.0
102.0
96.0
98.0
100.0
98.0
93.0
90.0
100.0
100.0
96.0
97.0
100.0
97.0
91.0
98.0
103.0
96.0
97.0
100.0
102.0
93.0
99.0
92.0
84.0
95.0
99.0
98.0
98.0
96.0
100.0
130.0
103.0
86.0
90.0
93.0
103.0
97.0
106.0
102.0
99.0
94.0
93.0
187.0
101.0
101.0
234.0
100.0
100.0
97.0
100.0
93.0
105.0
98.0
98.0
100.0
97.0
85.0
102.0
100.0
229.0
99.0
98.0
70.0
98.0
101.0
98.0
91.0
210.0
102.0
88.0
92.0
98.0
104.0
98.0
87.0
98.0
162.0
80.0
95.0
97.0
101.0
98.0
219.0
90.0
100.0
92.0
94.0
94.0
96.0
99.0
96.0
128.0
98.0
96.0
100.0
100.0
98.0
99.0
94.0
101.0
95.0
98.0
99.0
96.0
90.0
100.0
101.0
91.0
100.0
97.0
99.0
78.0
100.0
97.0
97.0
100.0
98.0
98.0
98.0
104.0
98.0
168.0
126.0
98.0
101.0
97.0
90.0
100.0
103.0
97.0
93.0
101.0
96.0
98.0
98.0
101.0
99.0
101.0
101.0
93.0
101.0
98.0
92.0
101.0
101.0
94.0
90.0
98.0
285.0
97.0
96.0
91.0
93.0
86.0
93.0
100.0
94.0
131.0
101.0
94.0
101.0
102.0
103.0
94.0
100.0
97.0
97.0
100.0
94.0
101.0
101.0
101.0
102.0
97.0
97.0
94.0
98.0
97.0
93.0
99.0
99.0
414.0
98.0
94.0
99.0
97.0
97.0
100.0
100.0
100.0
96.0
91.0
101.0
100.0
101.0
165.0
95.0
97.0
102.0
98.0
98.0
100.0
101.0
102.0
100.0
97.0
97.0
100.0
100.0
94.0
266.0
101.0
98.0
100.0
87.0
98.0
104.0
101.0
101.0
101.0
125.0
206.0
95.0
95.0
98.0
94.0
99.0
86.0
103.0
100.0
97.0
98.0
100.0
101.0
358.0
89.0
97.0
90.0
87.0
96.0
525.0
189.0
307.0
99.0
95.0
101.0
97.0
99.0
102.0
253.0
99.0
100.0
102.0
96.0
99.0
90.0
88.0
98.0
98.0
98.0
98.0
98.0
94.0
99.0
97.0
98.0
100.0
100.0
82.0
98.0
97.0
293.0
98.0
96.0
97.0
100.0
98.0
91.0
98.0
165.0
91.0
96.0
98.0
98.0
98.0
96.0
97.0
100.0
100.0
94.0
98.0
97.0
100.0
103.0
96.0
105.0
106.0
100.0
92.0
92.0
94.0
95.0
98.0
101.0
100.0
92.0
101.0
101.0
203.0
77.0
105.0
97.0
97.0
95.0
99.0
96.0
96.0
98.0
102.0
100.0
95.0
101.0
100.0
102.0
96.0
99.0
270.0
100.0
94.0
98.0
96.0
96.0
91.0
420.0
95.0
95.0
103.0
98.0
94.0
94.0
100.0
100.0
101.0
96.0
96.0
94.0
100.0
100.0
97.0
98.0
94.0
130.0
100.0
102.0
98.0
100.0
94.0
101.0
101.0
90.0
94.0
90.0
98.0
93.0
97.0
91.0
96.0
81.0
98.0
98.0
98.0
101.0
102.0
100.0
100.0
96.0
97.0
485.0
102.0
98.0
98.0
92.0
94.0
89.0
100.0
97.0
100.0
98.0
96.0
104.0
101.0
97.0
100.0
97.0
101.0
92.0
100.0
99.0
97.0
98.0
101.0
190.0
98.0
97.0
98.0
99.0
97.0
84.0
100.0
180.0
100.0
93.0
97.0
98.0
239.0
87.0
94.0
100.0
101.0
93.0
104.0
94.0
92.0
100.0
101.0
98.0
97.0
100.0
97.0
100.0
97.0
89.0
98.0
101.0
101.0
90.0
92.0
101.0
100.0
96.0
98.0
98.0
96.0
96.0
92.0
96.0
92.0
95.0
102.0
96.0
104.0
91.0
97.0
98.0
206.0
104.0
97.0
97.0
89.0
99.0
96.0
99.0
213.0
102.0
97.0
98.0
103.0
207.0
96.0
102.0
98.0
100.0
194.0
93.0
358.0
99.0
91.0
101.0
200.0
101.0
98.0
94.0
98.0
98.0
92.0
132.0
99.0
90.0
93.0
94.0
105.0
98.0
505.0
96.0
97.0
65.0
138.0
97.0
95.0
96.0
101.0
85.0
98.0
97.0
99.0
103.0
100.0
96.0
97.0
93.0
96.0
93.0
98.0
98.0
90.0
100.0
99.0
131.0
92.0
95.0
90.0
102.0
85.0
102.0
97.0
104.0
98.0
97.0
105.0
97.0
100.0
97.0
101.0
103.0
101.0
100.0
98.0
98.0
376.0
100.0
97.0
102.0
98.0
101.0
103.0
101.0
99.0
98.0
91.0
102.0
88.0
98.0
98.0
98.0
96.0
100.0
95.0
98.0
94.0
96.0
94.0
100.0
97.0
102.0
89.0
104.0
98.0
98.0
93.0
94.0
96.0
102.0
96.0
176.0
511.0
98.0
97.0
103.0
101.0
102.0
100.0
99.0
102.0
97.0
94.0
97.0
100.0
424.0
97.0
100.0
191.0
97.0
98.0
100.0
96.0
103.0
99.0
101.0
95.0
100.0
100.0
97.0
95.0
102.0
97.0
98.0
101.0
99.0
101.0
93.0
97.0
100.0
133.0
98.0
98.0
98.0
96.0
98.0
96.0
95.0
92.0
99.0
194.0
98.0
97.0
97.0
100.0
100.0
98.0
98.0
90.0
99.0
100.0
96.0
100.0
94.0
97.0
105.0
300.0
98.0
98.0
98.0
103.0
100.0
100.0
98.0
217.0
98.0
97.0
98.0
98.0
101.0
102.0
272.0
101.0
400.0
99.0
98.0
99.0
105.0
96.0
100.0
98.0
93.0
172.0
97.0
92.0
105.0
99.0
98.0
102.0
98.0
97.0
98.0
97.0
98.0
98.0
101.0
181.0
95.0
97.0
101.0
95.0
98.0
98.0
103.0
98.0
95.0
91.0
99.0
91.0
93.0
100.0
101.0
129.0
106.0
95.0
97.0
96.0
99.0
100.0
101.0
94.0
100.0
102.0
101.0
98.0
99.0
185.0
104.0
104.0
104.0
100.0
98.0
96.0
98.0
94.0
98.0
100.0
67.0
139.0
97.0
94.0
97.0
100.0
99.0
98.0
96.0
94.0
324.0
97.0
102.0
98.0
94.0
342.0
98.0
96.0
97.0
101.0
79.0
100.0
101.0
99.0
94.0
243.0
96.0
170.0
99.0
96.0
92.0
100.0
99.0
98.0
73.0
99.0
93.0
100.0
101.0
97.0
85.0
100.0
96.0
102.0
94.0
99.0
98.0
98.0
90.0
96.0
101.0
96.0
491.0
100.0
93.0
102.0
69.0
100.0
92.0
101.0
100.0
96.0
97.0
483.0
97.0
102.0
98.0
98.0
96.0
98.0
98.0
101.0
100.0
90.0
98.0
100.0
98.0
100.0
101.0
96.0
98.0
101.0
100.0
97.0
101.0
96.0
98.0
82.0
97.0
98.0
97.0
99.0
94.0
103.0
103.0
99.0
232.0
96.0
178.0
89.0
98.0
206.0
92.0
104.0
100.0
102.0
95.0
181.0
100.0
100.0
101.0
102.0
101.0
97.0
99.0
101.0
101.0
235.0
407.0
93.0
92.0
101.0
94.0
99.0
163.0
99.0
103.0
96.0
100.0
98.0
98.0
103.0
103.0
96.0
97.0
101.0
234.0
100.0
99.0
102.0
98.0
101.0
100.0
417.0
100.0
225.0
97.0
96.0
94.0
91.0
103.0
96.0
100.0
96.0
98.0
134.0
75.0
93.0
93.0
228.0
97.0
98.0
98.0
97.0
98.0
190.0
100.0
90.0
98.0
96.0
104.0
94.0
99.0
98.0
93.0
97.0
98.0
100.0
98.0
99.0
97.0
97.0
97.0
96.0
97.0
91.0
98.0
103.0
98.0
95.0
97.0
88.0
178.0
88.0
98.0
98.0
165.0
98.0
100.0
104.0
97.0
93.0
87.0
100.0
98.0
262.0
85.0
95.0
100.0
101.0
232.0
94.0
96.0
87.0
96.0
101.0
102.0
96.0
94.0
545.0
104.0
222.0
100.0
278.0
178.0
91.0
203.0
96.0
102.0
262.0
98.0
104.0
230.0
96.0
95.0
85.0
101.0
101.0
98.0
95.0
101.0
221.0
100.0
98.0
97.0
97.0
98.0
100.0
86.0
130.0
97.0
98.0
86.0
93.0
165.0
97.0
87.0
100.0
102.0
101.0
100.0
82.0
93.0
101.0
96.0
93.0
100.0
96.0
101.0
100.0
85.0
89.0
98.0
104.0
100.0
101.0
93.0
98.0
174.0
98.0
100.0
93.0
168.0
101.0
96.0
97.0
474.0
88.0
96.0
99.0
97.0
100.0
96.0
98.0
97.0
102.0
90.0
96.0
103.0
98.0
100.0
99.0
100.0
97.0
94.0
98.0
206.0
100.0
97.0
100.0
91.0
100.0
100.0
98.0
86.0
98.0
100.0
93.0
98.0
97.0
165.0
97.0
102.0
88.0
173.0
166.0
94.0
218.0
96.0
97.0
104.0
185.0
82.0
96.0
102.0
96.0
96.0
98.0
96.0
93.0
97.0
97.0
90.0
101.0
103.0
90.0
90.0
100.0
97.0
101.0
199.0
96.0
99.0
101.0
99.0
97.0
99.0
96.0
90.0
253.0
189.0
101.0
95.0
252.0
520.0
164.0
100.0
101.0
87.0
96.0
88.0
182.0
94.0
90.0
100.0
89.0
98.0
94.0
98.0
101.0
98.0
101.0
99.0
232.0
97.0
101.0
101.0
95.0
100.0
101.0
96.0
95.0
97.0
417.0
102.0
96.0
100.0
96.0
186.0
100.0
357.0
99.0
97.0
97.0
96.0
91.0
93.0
98.0
103.0
98.0
103.0
350.0
182.0
97.0
97.0
100.0
101.0
99.0
98.0
98.0
92.0
98.0
97.0
97.0
93.0
98.0
86.0
95.0
98.0
92.0
101.0
98.0
97.0
96.0
98.0
96.0
