1.0
-1.0
1.0
-5.0
1.0
31.0
0.0
34.0
-4.0
35.0
-3.0
2.0
-1.0
27.0
-4.0
36.0
1.0
29.0
28.0
63.0
33.0
1.0
33.0
-1.0
5.0
4.0
-3.0
30.0
2.0
-4.0
30.0
0.0
-4.0
-10.0
34.0
90.0
31.0
4.0
34.0
-4.0
32.0
-1.0
32.0
-6.0
34.0
2.0
31.0
1.0
33.0
-7.0
0.0
-8.0
36.0
263.0
36.0
1.0
29.0
-1.0
2.0
-1.0
32.0
-1.0
-3.0
1.0
31.0
-3.0
8.0
29.0
1.0
-1.0
1.0
0.0
33.0
1.0
-3.0
-1.0
33.0
1.0
29.0
-17.0
29.0
-1.0
32.0
3.0
-2.0
-1.0
31.0
6.0
31.0
-1.0
30.0
-1.0
30.0
-2.0
30.0
0.0
33.0
1.0
-4.0
31.0
0.0
2.0
29.0
-4.0
31.0
-7.0
34.0
274.0
36.0
3.0
31.0
-6.0
-2.0
34.0
1.0
34.0
-3.0
32.0
-1.0
28.0
109.0
30.0
382.0
34.0
-2.0
6.0
29.0
1.0
30.0
1.0
31.0
-8.0
97.0
31.0
-10.0
34.0
6.0
34.0
0.0
34.0
-7.0
0.0
1.0
34.0
0.0
4.0
1.0
29.0
5.0
-7.0
32.0
0.0
30.0
-4.0
33.0
2.0
31.0
1.0
2.0
32.0
-7.0
33.0
-1.0
-1.0
1.0
29.0
2.0
29.0
1.0
-2.0
29.0
-2.0
37.0
3.0
30.0
6.0
34.0
-1.0
33.0
2.0
30.0
-2.0
33.0
1.0
32.0
1.0
-4.0
29.0
-10.0
31.0
13.0
29.0
1.0
36.0
1.0
31.0
1.0
-2.0
33.0
-1.0
30.0
-4.0
-7.0
25.0
-7.0
30.0
-1.0
32.0
-15.0
34.0
-9.0
30.0
-32.0
43.0
-10.0
36.0
-10.0
35.0
0.0
-7.0
29.0
-2.0
29.0
-1.0
29.0
1.0
31.0
1.0
30.0
1.0
33.0
-1.0
33.0
-6.0
33.0
-1.0
1.0
30.0
4.0
-6.0
-1.0
3.0
1.0
33.0
5.0
0.0
4.0
2.0
-3.0
-4.0
33.0
-2.0
-1.0
-3.0
1.0
31.0
-2.0
28.0
0.0
30.0
-4.0
30.0
1.0
34.0
2.0
-7.0
31.0
1.0
30.0
-2.0
30.0
0.0
32.0
1.0
31.0
2.0
28.0
-1.0
31.0
2.0
5.0
30.0
-8.0
34.0
-2.0
-2.0
25.0
1.0
33.0
-6.0
33.0
2.0
30.0
2.0
31.0
-6.0
-1.0
0.0
2.0
31.0
1.0
29.0
-1.0
2.0
-3.0
1.0
33.0
-3.0
30.0
-3.0
395.0
33.0
-6.0
32.0
0.0
31.0
-2.0
34.0
-1.0
32.0
0.0
31.0
-1.0
30.0
-3.0
1.0
-7.0
33.0
-1.0
-1.0
29.0
6.0
4.0
30.0
-6.0
31.0
0.0
34.0
1.0
-1.0
3.0
33.0
4.0
-4.0
32.0
-14.0
31.0
6.0
38.0
-2.0
1.0
-7.0
1.0
-1.0
1.0
29.0
-2.0
27.0
0.0
34.0
6.0
33.0
-4.0
30.0
0.0
0.0
0.0
33.0
-2.0
-3.0
-2.0
4.0
-3.0
32.0
3.0
2.0
32.0
-2.0
32.0
-1.0
30.0
-1.0
-10.0
-1.0
3.0
31.0
-1.0
26.0
-1.0
31.0
1.0
0.0
37.0
2.0
433.0
33.0
-2.0
31.0
4.0
1.0
1.0
4.0
25.0
1.0
31.0
-2.0
31.0
5.0
33.0
2.0
-1.0
2.0
-2.0
-2.0
25.0
2.0
-2.0
29.0
1.0
32.0
0.0
-8.0
33.0
-2.0
31.0
-3.0
33.0
-3.0
32.0
-1.0
30.0
2.0
-7.0
34.0
1.0
28.0
-2.0
1.0
30.0
-9.0
30.0
-3.0
28.0
1.0
32.0
0.0
28.0
-2.0
6.0
33.0
4.0
31.0
1.0
2.0
30.0
4.0
-4.0
-4.0
-2.0
32.0
-2.0
-2.0
-2.0
36.0
1.0
-4.0
-1.0
2.0
32.0
-1.0
31.0
6.0
29.0
-1.0
1.0
34.0
1.0
33.0
-1.0
0.0
-2.0
33.0
0.0
2.0
30.0
2.0
-1.0
-4.0
0.0
-1.0
-1.0
30.0
4.0
-2.0
32.0
2.0
2.0
30.0
0.0
-2.0
30.0
1.0
33.0
1.0
24.0
36.0
-2.0
36.0
2.0
-4.0
1.0
-1.0
-1.0
31.0
-6.0
1.0
32.0
2.0
-2.0
32.0
0.0
32.0
1.0
32.0
1.0
29.0
-2.0
3.0
29.0
1.0
2.0
-2.0
32.0
3.0
31.0
57.0
31.0
1.0
33.0
6.0
-2.0
29.0
2.0
-10.0
33.0
0.0
30.0
-2.0
33.0
1.0
30.0
2.0
-3.0
4.0
1.0
34.0
52.0
2.0
-2.0
36.0
3.0
30.0
-3.0
33.0
1.0
-6.0
31.0
-1.0
31.0
-3.0
-3.0
1.0
30.0
4.0
1.0
33.0
-3.0
28.0
4.0
36.0
3.0
1.0
30.0
-2.0
29.0
4.0
33.0
-4.0
34.0
0.0
-4.0
32.0
-2.0
36.0
3.0
-8.0
30.0
-1.0
37.0
1.0
27.0
5.0
28.0
0.0
-1.0
28.0
-4.0
-14.0
33.0
-1.0
32.0
2.0
32.0
1.0
31.0
-3.0
4.0
4.0
36.0
-10.0
33.0
1.0
-9.0
33.0
2.0
1.0
26.0
2.0
-2.0
32.0
-5.0
33.0
0.0
35.0
0.0
-2.0
35.0
-1.0
0.0
-6.0
-3.0
5.0
-1.0
30.0
-2.0
30.0
1.0
0.0
29.0
1.0
2.0
0.0
36.0
-2.0
30.0
-1.0
0.0
1.0
33.0
1.0
0.0
-2.0
32.0
2.0
30.0
-6.0
-1.0
-2.0
28.0
-5.0
-4.0
0.0
33.0
-1.0
32.0
-2.0
0.0
33.0
1.0
29.0
-2.0
33.0
1.0
33.0
2.0
34.0
0.0
32.0
3.0
-6.0
30.0
0.0
1.0
35.0
3.0
30.0
-1.0
1.0
36.0
-1.0
30.0
-4.0
4.0
1.0
5.0
34.0
3.0
28.0
-1.0
28.0
2.0
27.0
-10.0
34.0
5.0
2.0
30.0
0.0
-2.0
31.0
-4.0
31.0
-2.0
31.0
1.0
31.0
0.0
-7.0
0.0
29.0
-1.0
33.0
1.0
32.0
2.0
36.0
-2.0
29.0
0.0
32.0
-3.0
-8.0
-18.0
39.0
-1.0
31.0
-4.0
4.0
34.0
-1.0
1.0
28.0
-10.0
31.0
-3.0
1.0
31.0
-8.0
28.0
1.0
5.0
1.0
4.0
30.0
0.0
30.0
-3.0
30.0
-3.0
28.0
2.0
35.0
-4.0
1.0
0.0
-4.0
-1.0
34.0
1.0
-7.0
31.0
-1.0
33.0
-8.0
34.0
1.0
6.0
36.0
-3.0
-5.0
29.0
-5.0
27.0
-1.0
1.0
30.0
-4.0
26.0
-2.0
2.0
31.0
-4.0
-3.0
-3.0
28.0
1.0
1.0
31.0
2.0
-2.0
2.0
30.0
1.0
36.0
25.0
-2.0
31.0
-1.0
0.0
32.0
4.0
-1.0
-2.0
4.0
30.0
1.0
0.0
5.0
1.0
1.0
-1.0
27.0
-1.0
31.0
-7.0
30.0
-1.0
30.0
3.0
32.0
-3.0
31.0
4.0
31.0
-6.0
30.0
4.0
0.0
2.0
-11.0
36.0
-2.0
33.0
1.0
31.0
4.0
30.0
2.0
31.0
3.0
5.0
5.0
34.0
-6.0
29.0
1.0
36.0
-6.0
30.0
0.0
30.0
-2.0
-1.0
31.0
4.0
33.0
1.0
-1.0
-1.0
-10.0
29.0
1.0
1.0
31.0
-5.0
33.0
0.0
29.0
2.0
33.0
4.0
26.0
-18.0
-1.0
29.0
-2.0
37.0
1.0
34.0
-3.0
33.0
-2.0
32.0
6.0
33.0
-1.0
0.0
30.0
4.0
32.0
-1.0
-10.0
1.0
191.0
33.0
-3.0
0.0
31.0
-4.0
37.0
-2.0
32.0
-1.0
-3.0
-1.0
1.0
30.0
-2.0
29.0
-2.0
30.0
129.0
-4.0
31.0
113.0
30.0
-4.0
31.0
-3.0
33.0
2.0
-2.0
6.0
35.0
2.0
33.0
8.0
5.0
31.0
1.0
31.0
-4.0
73.0
36.0
1.0
30.0
1.0
30.0
0.0
34.0
2.0
2.0
34.0
-3.0
25.0
0.0
34.0
2.0
0.0
-14.0
31.0
-5.0
33.0
6.0
28.0
-3.0
1.0
5.0
-2.0
28.0
4.0
31.0
0.0
29.0
0.0
-1.0
-12.0
34.0
-7.0
-6.0
0.0
30.0
-1.0
1.0
29.0
-2.0
29.0
1.0
2.0
1.0
-5.0
32.0
0.0
34.0
-2.0
32.0
-2.0
33.0
1.0
0.0
2.0
29.0
1.0
33.0
3.0
-1.0
36.0
2.0
33.0
1.0
29.0
-11.0
32.0
3.0
3.0
32.0
3.0
30.0
0.0
34.0
0.0
92.0
-1.0
-3.0
28.0
2.0
36.0
3.0
-1.0
28.0
1.0
34.0
-4.0
33.0
1.0
5.0
29.0
2.0
30.0
-19.0
37.0
-4.0
4.0
38.0
1.0
34.0
5.0
30.0
-3.0
-8.0
34.0
-2.0
-1.0
-4.0
35.0
-2.0
2.0
30.0
-1.0
-2.0
33.0
-19.0
34.0
-9.0
2.0
1.0
0.0
-1.0
30.0
1.0
30.0
3.0
31.0
-3.0
-2.0
33.0
1.0
2.0
33.0
2.0
36.0
1.0
1.0
33.0
-3.0
26.0
-2.0
30.0
1.0
29.0
-8.0
36.0
-6.0
31.0
4.0
28.0
0.0
1.0
1.0
36.0
-8.0
32.0
1.0
36.0
2.0
1.0
1.0
6.0
1.0
30.0
-3.0
1.0
439.0
33.0
1.0
38.0
-7.0
33.0
0.0
37.0
-1.0
32.0
-2.0
36.0
2.0
30.0
6.0
1.0
34.0
3.0
4.0
32.0
3.0
32.0
-8.0
33.0
5.0
30.0
0.0
-2.0
-2.0
30.0
1.0
27.0
0.0
34.0
6.0
36.0
3.0
29.0
-1.0
34.0
2.0
36.0
0.0
30.0
-13.0
33.0
-2.0
30.0
5.0
2.0
32.0
-8.0
32.0
-2.0
-3.0
3.0
33.0
1.0
1.0
30.0
-2.0
28.0
0.0
31.0
-2.0
1.0
-6.0
29.0
-4.0
-11.0
29.0
0.0
29.0
4.0
1.0
-3.0
28.0
1.0
2.0
31.0
1.0
25.0
-8.0
33.0
4.0
34.0
2.0
32.0
-2.0
38.0
1.0
1.0
32.0
4.0
-2.0
30.0
7.0
-3.0
-2.0
1.0
2.0
25.0
-1.0
1.0
31.0
1.0
33.0
1.0
34.0
0.0
33.0
-3.0
34.0
2.0
30.0
2.0
4.0
30.0
-8.0
31.0
-1.0
28.0
4.0
32.0
-2.0
-2.0
1.0
1.0
1.0
30.0
1.0
29.0
-1.0
32.0
-1.0
36.0
3.0
-6.0
-1.0
449.0
31.0
-1.0
-2.0
30.0
0.0
30.0
-1.0
2.0
-1.0
1.0
-4.0
33.0
-2.0
-1.0
30.0
0.0
35.0
-3.0
31.0
-4.0
34.0
0.0
3.0
0.0
32.0
-2.0
33.0
-1.0
1.0
-4.0
3.0
34.0
1.0
30.0
2.0
5.0
32.0
3.0
-2.0
38.0
-1.0
-2.0
-6.0
299.0
34.0
0.0
29.0
3.0
34.0
1.0
5.0
2.0
1.0
29.0
3.0
2.0
0.0
-2.0
33.0
-2.0
33.0
1.0
31.0
-2.0
46.0
1.0
-42.0
48.0
1.0
-3.0
52.0
30.0
-3.0
30.0
1.0
1.0
34.0
-4.0
33.0
0.0
-2.0
2.0
29.0
2.0
33.0
514.0
30.0
-1.0
1.0
5.0
30.0
1.0
-2.0
5.0
33.0
-4.0
396.0
34.0
2.0
-5.0
2.0
-3.0
1.0
-1.0
31.0
4.0
-2.0
31.0
-3.0
-7.0
3.0
30.0
1.0
1.0
-10.0
1.0
33.0
-1.0
30.0
0.0
0.0
33.0
-2.0
-2.0
29.0
1.0
30.0
-1.0
33.0
1.0
-1.0
-2.0
-1.0
-1.0
-1.0
28.0
1.0
3.0
33.0
-4.0
2.0
30.0
-3.0
26.0
-4.0
-1.0
-2.0
36.0
1.0
2.0
33.0
-11.0
33.0
-2.0
2.0
2.0
-12.0
31.0
5.0
58.0
30.0
2.0
2.0
-2.0
30.0
330.0
-4.0
34.0
3.0
31.0
2.0
33.0
1.0
1.0
32.0
7.0
31.0
-2.0
34.0
1.0
33.0
1.0
32.0
3.0
-1.0
30.0
-21.0
-3.0
2.0
30.0
3.0
34.0
-3.0
-20.0
33.0
-4.0
-7.0
-6.0
-5.0
1.0
3.0
31.0
162.0
-4.0
33.0
4.0
33.0
3.0
26.0
-5.0
-3.0
30.0
1.0
-12.0
1.0
1.0
34.0
-2.0
-1.0
-11.0
32.0
0.0
-1.0
33.0
-3.0
4.0
32.0
6.0
34.0
2.0
29.0
2.0
-1.0
2.0
3.0
33.0
-1.0
37.0
-3.0
-3.0
30.0
-4.0
-3.0
2.0
37.0
-1.0
3.0
30.0
2.0
1.0
1.0
29.0
0.0
-1.0
3.0
1.0
30.0
-1.0
-1.0
29.0
0.0
-1.0
31.0
1.0
36.0
-2.0
31.0
2.0
-1.0
28.0
-6.0
34.0
2.0
36.0
1.0
-10.0
33.0
1.0
-1.0
33.0
-2.0
28.0
-6.0
32.0
2.0
-11.0
35.0
-7.0
27.0
3.0
33.0
1.0
36.0
-2.0
-2.0
28.0
-5.0
27.0
-2.0
-5.0
1.0
1.0
29.0
1.0
2.0
-2.0
31.0
-3.0
1.0
5.0
0.0
32.0
1.0
0.0
5.0
33.0
-5.0
-6.0
0.0
1.0
-1.0
1.0
1.0
29.0
-9.0
-6.0
33.0
-7.0
37.0
-1.0
-24.0
37.0
1.0
28.0
-2.0
-1.0
33.0
95.0
-1.0
27.0
-2.0
30.0
-3.0
32.0
-2.0
-2.0
30.0
3.0
31.0
2.0
36.0
-3.0
30.0
-3.0
30.0
2.0
28.0
77.0
29.0
2.0
2.0
33.0
1.0
27.0
-1.0
31.0
1.0
-2.0
31.0
-4.0
32.0
-14.0
29.0
1.0
-1.0
29.0
3.0
1.0
31.0
0.0
29.0
-5.0
35.0
-3.0
34.0
1.0
36.0
1.0
29.0
1.0
-6.0
1.0
31.0
-9.0
-1.0
36.0
3.0
32.0
0.0
25.0
-4.0
29.0
-15.0
36.0
-3.0
-2.0
31.0
3.0
32.0
-2.0
33.0
5.0
34.0
-2.0
0.0
33.0
3.0
375.0
32.0
-3.0
33.0
2.0
-2.0
30.0
-3.0
33.0
2.0
1.0
32.0
0.0
-1.0
2.0
33.0
0.0
34.0
1.0
31.0
4.0
1.0
33.0
-2.0
29.0
-7.0
36.0
-10.0
31.0
-1.0
29.0
-5.0
33.0
-1.0
3.0
30.0
1.0
36.0
0.0
33.0
-1.0
29.0
1.0
-2.0
3.0
31.0
324.0
1.0
1.0
2.0
27.0
-2.0
-2.0
2.0
29.0
-2.0
32.0
-2.0
30.0
2.0
32.0
-4.0
33.0
2.0
35.0
-8.0
33.0
1.0
2.0
34.0
3.0
-1.0
29.0
2.0
2.0
1.0
-15.0
30.0
3.0
33.0
0.0
31.0
-1.0
2.0
31.0
2.0
34.0
-2.0
33.0
-2.0
36.0
-2.0
34.0
1.0
30.0
2.0
32.0
-2.0
30.0
2.0
33.0
-2.0
31.0
8.0
0.0
-1.0
3.0
1.0
2.0
1.0
1.0
34.0
-1.0
33.0
-1.0
1.0
1.0
31.0
2.0
-1.0
30.0
-2.0
28.0
85.0
36.0
-1.0
72.0
31.0
4.0
30.0
-6.0
31.0
-2.0
-8.0
34.0
1.0
33.0
-4.0
33.0
-1.0
-4.0
2.0
-4.0
30.0
-2.0
33.0
0.0
33.0
1.0
34.0
-2.0
35.0
-4.0
30.0
4.0
28.0
0.0
31.0
-1.0
31.0
2.0
33.0
162.0
2.0
31.0
-1.0
2.0
0.0
30.0
1.0
38.0
-1.0
32.0
-2.0
33.0
2.0
30.0
1.0
0.0
1.0
31.0
-5.0
35.0
0.0
33.0
2.0
30.0
-3.0
-8.0
-1.0
-1.0
29.0
1.0
33.0
-1.0
32.0
2.0
-3.0
33.0
-2.0
37.0
-3.0
31.0
-4.0
33.0
0.0
30.0
-3.0
3.0
9.0
29.0
-2.0
1.0
33.0
-2.0
-3.0
32.0
-15.0
30.0
-11.0
32.0
1.0
33.0
0.0
34.0
-9.0
-3.0
1.0
-3.0
-3.0
32.0
-2.0
2.0
27.0
-3.0
-1.0
30.0
6.0
33.0
1.0
30.0
1.0
29.0
1.0
1.0
6.0
-1.0
-1.0
-6.0
32.0
-3.0
-10.0
34.0
3.0
30.0
0.0
31.0
-3.0
29.0
3.0
2.0
-12.0
34.0
-1.0
1.0
28.0
0.0
1.0
26.0
-5.0
34.0
0.0
31.0
1.0
-4.0
4.0
33.0
4.0
5.0
-1.0
0.0
32.0
-4.0
35.0
2.0
29.0
3.0
30.0
0.0
31.0
0.0
33.0
0.0
33.0
2.0
34.0
1.0
36.0
5.0
-3.0
0.0
0.0
6.0
-1.0
31.0
-7.0
-2.0
-4.0
1.0
26.0
1.0
32.0
-4.0
28.0
1.0
40.0
577.0
-7.0
0.0
30.0
-10.0
34.0
75.0
-2.0
33.0
0.0
32.0
1.0
30.0
-1.0
30.0
-7.0
33.0
-1.0
31.0
4.0
29.0
5.0
32.0
-1.0
28.0
2.0
3.0
32.0
-1.0
32.0
59.0
1.0
-9.0
32.0
1.0
4.0
34.0
-1.0
36.0
-2.0
33.0
1.0
28.0
2.0
0.0
2.0
-1.0
1.0
28.0
2.0
33.0
-2.0
28.0
-2.0
32.0
3.0
28.0
-2.0
4.0
-1.0
33.0
-1.0
29.0
-2.0
2.0
28.0
0.0
33.0
-1.0
31.0
4.0
4.0
34.0
3.0
33.0
-6.0
-1.0
33.0
-2.0
47.0
-1.0
-6.0
2.0
32.0
0.0
28.0
1.0
33.0
-2.0
3.0
33.0
1.0
30.0
-4.0
4.0
31.0
-4.0
0.0
32.0
-7.0
32.0
1.0
1.0
36.0
5.0
26.0
171.0
36.0
0.0
-3.0
2.0
-7.0
0.0
34.0
-3.0
30.0
0.0
35.0
-6.0
30.0
0.0
33.0
-1.0
32.0
1.0
33.0
1.0
30.0
1.0
33.0
-1.0
32.0
-4.0
36.0
-2.0
28.0
113.0
31.0
1.0
-6.0
29.0
229.0
34.0
2.0
2.0
31.0
-11.0
30.0
-6.0
33.0
0.0
33.0
-3.0
34.0
230.0
30.0
1.0
5.0
-4.0
-5.0
34.0
3.0
33.0
0.0
0.0
25.0
5.0
28.0
-4.0
33.0
-1.0
32.0
0.0
36.0
4.0
25.0
-6.0
259.0
-4.0
3.0
34.0
1.0
31.0
0.0
33.0
-2.0
0.0
1.0
-2.0
26.0
5.0
1.0
-1.0
1.0
30.0
1.0
-2.0
3.0
36.0
-2.0
32.0
-2.0
29.0
0.0
-1.0
32.0
-10.0
30.0
0.0
33.0
1.0
30.0
1.0
-1.0
-3.0
-1.0
30.0
-1.0
6.0
34.0
2.0
2.0
32.0
-1.0
1.0
-1.0
28.0
-2.0
33.0
4.0
33.0
1.0
2.0
32.0
2.0
30.0
0.0
25.0
1.0
2.0
-2.0
31.0
1.0
30.0
3.0
-6.0
32.0
-2.0
0.0
-2.0
-2.0
33.0
-1.0
30.0
4.0
31.0
3.0
28.0
143.0
33.0
1.0
2.0
33.0
-3.0
29.0
1.0
32.0
-2.0
33.0
1.0
1.0
32.0
-1.0
-27.0
40.0
-4.0
35.0
2.0
36.0
-8.0
0.0
33.0
4.0
-4.0
2.0
-1.0
1.0
31.0
4.0
-2.0
30.0
1.0
31.0
-1.0
30.0
-1.0
29.0
-1.0
30.0
0.0
38.0
-1.0
36.0
-2.0
1.0
29.0
-3.0
32.0
1.0
30.0
1.0
36.0
-1.0
2.0
34.0
-2.0
-11.0
36.0
2.0
29.0
-2.0
30.0
-10.0
0.0
34.0
-2.0
29.0
2.0
31.0
5.0
30.0
-3.0
-4.0
-7.0
34.0
-15.0
-1.0
35.0
4.0
1.0
-3.0
0.0
-2.0
33.0
-2.0
34.0
5.0
-4.0
-5.0
29.0
-8.0
34.0
-7.0
31.0
2.0
2.0
29.0
-10.0
33.0
4.0
4.0
-2.0
32.0
2.0
4.0
33.0
-2.0
52.0
4.0
-2.0
0.0
2.0
-2.0
-1.0
29.0
-5.0
1.0
-1.0
28.0
-2.0
-8.0
31.0
0.0
29.0
-14.0
26.0
1.0
-1.0
-3.0
29.0
-2.0
33.0
4.0
-1.0
33.0
-2.0
0.0
0.0
33.0
-1.0
36.0
2.0
31.0
2.0
32.0
2.0
30.0
-10.0
30.0
0.0
29.0
4.0
30.0
115.0
-3.0
30.0
0.0
1.0
29.0
6.0
33.0
-3.0
-3.0
1.0
36.0
5.0
1.0
32.0
-2.0
33.0
1.0
0.0
33.0
-10.0
35.0
-4.0
33.0
0.0
-8.0
30.0
1.0
1.0
-4.0
-6.0
1.0
32.0
2.0
31.0
0.0
2.0
31.0
2.0
3.0
4.0
25.0
66.0
1.0
-1.0
5.0
2.0
49.0
33.0
3.0
0.0
0.0
-2.0
-2.0
29.0
-8.0
31.0
-1.0
0.0
28.0
1.0
4.0
2.0
1.0
-3.0
34.0
-10.0
5.0
29.0
3.0
-4.0
30.0
5.0
2.0
-3.0
28.0
-2.0
-1.0
30.0
-4.0
28.0
1.0
-3.0
31.0
-2.0
37.0
-4.0
31.0
-3.0
29.0
2.0
5.0
-18.0
33.0
-12.0
31.0
4.0
30.0
2.0
1.0
-3.0
33.0
-1.0
-2.0
-5.0
34.0
-2.0
-6.0
2.0
33.0
0.0
1.0
3.0
32.0
1.0
3.0
-1.0
32.0
0.0
-1.0
1.0
29.0
-2.0
-3.0
-2.0
34.0
-2.0
-1.0
31.0
0.0
29.0
-3.0
34.0
-2.0
29.0
2.0
-3.0
30.0
1.0
4.0
30.0
1.0
33.0
2.0
4.0
34.0
1.0
-3.0
1.0
-1.0
4.0
32.0
-6.0
30.0
108.0
1.0
-8.0
31.0
2.0
0.0
-2.0
-2.0
-3.0
26.0
-5.0
37.0
3.0
4.0
-2.0
29.0
-2.0
29.0
-2.0
4.0
33.0
-3.0
31.0
-4.0
-3.0
-2.0
-2.0
33.0
1.0
30.0
-3.0
28.0
-3.0
4.0
-1.0
33.0
6.0
-8.0
28.0
-4.0
27.0
4.0
-2.0
29.0
3.0
39.0
-5.0
-1.0
29.0
0.0
1.0
0.0
32.0
0.0
30.0
-4.0
36.0
-2.0
33.0
3.0
33.0
-8.0
32.0
-9.0
31.0
-1.0
5.0
-2.0
30.0
0.0
4.0
-2.0
-1.0
33.0
2.0
1.0
29.0
1.0
78.0
32.0
-1.0
3.0
31.0
-4.0
30.0
3.0
31.0
-10.0
33.0
-2.0
34.0
-1.0
1.0
36.0
4.0
-4.0
-2.0
-2.0
2.0
1.0
28.0
-2.0
32.0
-13.0
36.0
-1.0
30.0
-7.0
30.0
-1.0
33.0
1.0
28.0
2.0
1.0
33.0
-3.0
-3.0
-4.0
-2.0
31.0
2.0
3.0
31.0
0.0
-2.0
27.0
-1.0
28.0
-4.0
29.0
1.0
2.0
-2.0
29.0
4.0
32.0
-3.0
32.0
-4.0
34.0
3.0
33.0
1.0
1.0
30.0
2.0
0.0
33.0
-2.0
29.0
0.0
31.0
-1.0
33.0
3.0
-3.0
2.0
2.0
-1.0
36.0
1.0
30.0
-3.0
32.0
-30.0
37.0
0.0
0.0
31.0
-4.0
2.0
1.0
32.0
0.0
-1.0
-2.0
2.0
31.0
4.0
31.0
-6.0
33.0
-10.0
29.0
0.0
5.0
-2.0
32.0
-2.0
32.0
23.0
-3.0
33.0
-1.0
2.0
30.0
1.0
33.0
2.0
2.0
33.0
5.0
-3.0
-2.0
34.0
-2.0
36.0
-6.0
33.0
0.0
1.0
-1.0
0.0
29.0
94.0
0.0
1.0
1.0
34.0
-2.0
-2.0
28.0
-1.0
35.0
3.0
2.0
1.0
31.0
7.0
33.0
-1.0
-9.0
36.0
-3.0
31.0
3.0
29.0
2.0
30.0
0.0
-2.0
1.0
30.0
-2.0
33.0
-3.0
0.0
26.0
6.0
34.0
5.0
33.0
-4.0
34.0
2.0
35.0
6.0
-2.0
0.0
32.0
-1.0
31.0
-1.0
34.0
5.0
0.0
33.0
3.0
-8.0
33.0
4.0
29.0
2.0
-7.0
2.0
387.0
34.0
-7.0
31.0
0.0
-3.0
-4.0
1.0
7.0
31.0
-5.0
33.0
-2.0
31.0
-5.0
-2.0
5.0
33.0
-3.0
29.0
1.0
33.0
-1.0
31.0
-5.0
3.0
38.0
431.0
34.0
4.0
1.0
28.0
-1.0
29.0
0.0
28.0
1.0
8.0
33.0
-2.0
2.0
0.0
-2.0
0.0
33.0
1.0
33.0
-1.0
32.0
4.0
32.0
0.0
1.0
58.0
36.0
-3.0
31.0
-2.0
29.0
-7.0
28.0
1.0
-1.0
30.0
412.0
33.0
-1.0
-6.0
33.0
5.0
34.0
0.0
31.0
-6.0
2.0
29.0
-4.0
30.0
91.0
30.0
0.0
37.0
8.0
31.0
1.0
31.0
2.0
31.0
4.0
33.0
0.0
-2.0
29.0
1.0
5.0
31.0
-2.0
-1.0
0.0
33.0
-1.0
31.0
0.0
30.0
1.0
-3.0
-4.0
29.0
1.0
28.0
-4.0
2.0
-4.0
29.0
-3.0
-6.0
31.0
1.0
-10.0
33.0
0.0
-1.0
-4.0
29.0
-4.0
1.0
28.0
1.0
5.0
31.0
-2.0
-6.0
32.0
1.0
0.0
32.0
-10.0
3.0
32.0
-3.0
0.0
31.0
3.0
31.0
3.0
27.0
-2.0
2.0
-1.0
-9.0
32.0
-5.0
2.0
31.0
-4.0
35.0
-2.0
31.0
2.0
33.0
-4.0
-3.0
31.0
4.0
1.0
33.0
0.0
30.0
-7.0
0.0
0.0
26.0
-5.0
34.0
-2.0
36.0
-10.0
32.0
-2.0
4.0
30.0
2.0
30.0
6.0
34.0
-2.0
34.0
33.0
8.0
1.0
32.0
3.0
28.0
0.0
31.0
-15.0
36.0
1.0
1.0
1.0
30.0
-5.0
3.0
0.0
-1.0
3.0
1.0
34.0
-1.0
5.0
1.0
32.0
-1.0
-8.0
33.0
-1.0
31.0
0.0
1.0
27.0
-9.0
33.0
3.0
31.0
-5.0
-1.0
27.0
0.0
33.0
409.0
37.0
2.0
34.0
-1.0
30.0
1.0
-1.0
-2.0
30.0
415.0
-2.0
31.0
-6.0
33.0
1.0
5.0
33.0
-2.0
33.0
424.0
39.0
-1.0
33.0
-3.0
31.0
397.0
31.0
-6.0
31.0
-2.0
32.0
-1.0
34.0
-1.0
33.0
2.0
2.0
32.0
1.0
31.0
-1.0
31.0
1.0
36.0
2.0
-9.0
30.0
2.0
33.0
-2.0
4.0
25.0
8.0
36.0
-3.0
34.0
-4.0
-2.0
31.0
-6.0
-6.0
33.0
-9.0
2.0
-7.0
1.0
-2.0
30.0
0.0
1.0
-7.0
36.0
1.0
31.0
1.0
1.0
36.0
4.0
0.0
33.0
1.0
33.0
-1.0
-2.0
-5.0
29.0
2.0
-6.0
32.0
1.0
34.0
-2.0
38.0
-4.0
30.0
80.0
33.0
-1.0
32.0
3.0
149.0
3.0
30.0
-2.0
-8.0
34.0
-4.0
-2.0
-1.0
25.0
-8.0
31.0
0.0
30.0
-10.0
31.0
4.0
4.0
3.0
29.0
-8.0
29.0
5.0
-4.0
28.0
-3.0
329.0
35.0
0.0
33.0
2.0
33.0
4.0
-3.0
30.0
-4.0
-1.0
0.0
27.0
-2.0
-2.0
38.0
-2.0
2.0
32.0
4.0
1.0
26.0
-1.0
-3.0
3.0
6.0
-2.0
-1.0
62.0
30.0
-3.0
29.0
-1.0
-2.0
33.0
0.0
0.0
34.0
1.0
34.0
-4.0
31.0
-4.0
33.0
-4.0
28.0
0.0
28.0
-2.0
30.0
3.0
1.0
-3.0
4.0
1.0
2.0
1.0
30.0
-2.0
-2.0
-2.0
34.0
-1.0
33.0
3.0
122.0
3.0
33.0
3.0
35.0
1.0
4.0
37.0
-2.0
-2.0
2.0
2.0
3.0
-2.0
28.0
-6.0
30.0
0.0
34.0
-3.0
33.0
-1.0
33.0
-2.0
-2.0
-3.0
26.0
1.0
33.0
-4.0
3.0
-1.0
1.0
36.0
5.0
-1.0
31.0
-2.0
35.0
-1.0
28.0
1.0
2.0
29.0
-2.0
-3.0
-4.0
33.0
-3.0
1.0
0.0
-12.0
33.0
-4.0
31.0
-2.0
33.0
-23.0
32.0
-1.0
-3.0
2.0
33.0
0.0
25.0
6.0
27.0
-47.0
54.0
2.0
28.0
-6.0
31.0
1.0
2.0
-1.0
-1.0
30.0
-1.0
33.0
4.0
34.0
1.0
29.0
0.0
-2.0
31.0
-1.0
33.0
2.0
34.0
4.0
2.0
0.0
-10.0
-2.0
30.0
-14.0
28.0
-1.0
1.0
-2.0
29.0
-2.0
33.0
2.0
25.0
-10.0
30.0
-6.0
31.0
0.0
32.0
-2.0
30.0
-3.0
35.0
-2.0
30.0
-2.0
27.0
-12.0
28.0
4.0
33.0
1.0
-1.0
30.0
-2.0
36.0
3.0
31.0
3.0
30.0
0.0
2.0
31.0
1.0
-1.0
30.0
-4.0
33.0
-3.0
-1.0
-2.0
30.0
-6.0
1.0
33.0
1.0
33.0
-2.0
30.0
-2.0
1.0
0.0
-2.0
32.0
-1.0
4.0
5.0
4.0
33.0
4.0
34.0
0.0
1.0
30.0
-1.0
34.0
4.0
1.0
32.0
-4.0
33.0
-3.0
-3.0
3.0
-6.0
-1.0
57.0
31.0
1.0
36.0
-2.0
-20.0
33.0
-1.0
2.0
26.0
-28.0
35.0
1.0
31.0
-4.0
4.0
-6.0
-3.0
28.0
-1.0
5.0
2.0
-3.0
-4.0
31.0
1.0
-3.0
28.0
0.0
37.0
-1.0
33.0
2.0
31.0
-10.0
28.0
-1.0
32.0
-8.0
30.0
3.0
-2.0
-2.0
32.0
2.0
31.0
-1.0
29.0
2.0
29.0
1.0
-1.0
29.0
-2.0
36.0
1.0
-2.0
31.0
91.0
27.0
2.0
32.0
1.0
31.0
6.0
-6.0
35.0
-2.0
29.0
96.0
29.0
5.0
31.0
-3.0
29.0
8.0
29.0
-1.0
-2.0
-9.0
-1.0
33.0
1.0
26.0
4.0
3.0
28.0
1.0
-1.0
4.0
31.0
2.0
29.0
-6.0
32.0
7.0
2.0
28.0
6.0
29.0
2.0
-7.0
33.0
-1.0
1.0
33.0
3.0
367.0
31.0
-7.0
4.0
29.0
-6.0
31.0
0.0
2.0
33.0
-1.0
-2.0
32.0
-31.0
38.0
4.0
-3.0
2.0
-4.0
0.0
30.0
-1.0
3.0
31.0
1.0
28.0
3.0
2.0
28.0
1.0
34.0
0.0
4.0
33.0
-5.0
33.0
0.0
-14.0
33.0
-1.0
32.0
1.0
5.0
30.0
2.0
0.0
33.0
4.0
-1.0
30.0
-3.0
34.0
-2.0
0.0
33.0
-2.0
33.0
5.0
3.0
32.0
1.0
33.0
2.0
1.0
-3.0
33.0
-3.0
0.0
31.0
0.0
30.0
2.0
36.0
-1.0
30.0
-3.0
2.0
-3.0
31.0
4.0
30.0
-28.0
41.0
2.0
31.0
-2.0
-18.0
37.0
1.0
31.0
-2.0
1.0
31.0
1.0
-2.0
-2.0
32.0
-2.0
-2.0
31.0
-4.0
-2.0
33.0
-4.0
28.0
-1.0
2.0
2.0
30.0
-18.0
32.0
1.0
30.0
-11.0
-2.0
-2.0
32.0
-11.0
-8.0
1.0
1.0
-1.0
34.0
-3.0
-6.0
0.0
36.0
-1.0
-8.0
32.0
1.0
33.0
-2.0
34.0
-21.0
33.0
6.0
3.0
28.0
-2.0
-16.0
36.0
-2.0
0.0
-2.0
2.0
34.0
1.0
-1.0
29.0
0.0
25.0
3.0
31.0
-4.0
30.0
-11.0
0.0
31.0
3.0
34.0
2.0
-5.0
33.0
1.0
31.0
-3.0
-3.0
0.0
31.0
-2.0
3.0
2.0
-2.0
30.0
0.0
33.0
4.0
33.0
77.0
0.0
33.0
-10.0
29.0
-2.0
-3.0
35.0
4.0
31.0
-3.0
0.0
31.0
4.0
5.0
26.0
2.0
1.0
34.0
-1.0
-2.0
28.0
1.0
0.0
1.0
28.0
-11.0
32.0
1.0
-15.0
32.0
-11.0
36.0
-2.0
33.0
-1.0
36.0
4.0
1.0
30.0
4.0
32.0
-1.0
33.0
-3.0
29.0
3.0
33.0
-5.0
35.0
-6.0
33.0
5.0
-1.0
24.0
-4.0
-4.0
-1.0
-1.0
30.0
9.0
4.0
36.0
0.0
30.0
-4.0
39.0
1.0
-3.0
25.0
1.0
-7.0
1.0
34.0
-50.0
54.0
1.0
4.0
2.0
32.0
-12.0
28.0
-5.0
1.0
36.0
1.0
-2.0
34.0
-2.0
-2.0
6.0
0.0
1.0
31.0
1.0
30.0
-3.0
-1.0
28.0
3.0
32.0
-2.0
3.0
30.0
-2.0
33.0
-3.0
1.0
-1.0
32.0
-3.0
29.0
4.0
-1.0
31.0
-2.0
-5.0
34.0
1.0
1.0
31.0
-2.0
6.0
3.0
31.0
-2.0
31.0
-4.0
29.0
2.0
28.0
0.0
-2.0
31.0
1.0
31.0
-10.0
30.0
-5.0
1.0
1.0
72.0
33.0
-3.0
0.0
-2.0
38.0
116.0
-4.0
33.0
2.0
1.0
-2.0
33.0
-3.0
2.0
-5.0
-2.0
-12.0
-1.0
33.0
2.0
30.0
6.0
-2.0
33.0
-2.0
-4.0
-5.0
2.0
-1.0
1.0
0.0
1.0
36.0
-4.0
35.0
2.0
33.0
4.0
-1.0
31.0
1.0
30.0
2.0
37.0
-1.0
-11.0
33.0
-2.0
32.0
1.0
32.0
3.0
31.0
5.0
-5.0
31.0
-2.0
31.0
1.0
29.0
-3.0
34.0
-1.0
29.0
2.0
31.0
-2.0
33.0
1.0
-3.0
4.0
32.0
-9.0
30.0
-3.0
32.0
-4.0
33.0
1.0
0.0
-3.0
0.0
34.0
-9.0
1.0
36.0
0.0
31.0
142.0
-1.0
32.0
-2.0
4.0
33.0
-7.0
30.0
1.0
38.0
-2.0
5.0
33.0
-4.0
31.0
2.0
-1.0
-1.0
-30.0
33.0
-3.0
1.0
2.0
28.0
1.0
34.0
-3.0
6.0
4.0
36.0
1.0
29.0
-2.0
34.0
6.0
-3.0
33.0
-2.0
33.0
-1.0
35.0
1.0
33.0
3.0
30.0
-1.0
1.0
3.0
-4.0
-1.0
1.0
-1.0
3.0
0.0
30.0
-2.0
30.0
-1.0
30.0
0.0
29.0
2.0
4.0
1.0
33.0
-4.0
-3.0
32.0
-3.0
33.0
2.0
1.0
32.0
2.0
36.0
0.0
32.0
-1.0
-4.0
1.0
6.0
38.0
-4.0
3.0
1.0
0.0
33.0
-3.0
584.0
-3.0
10.0
31.0
89.0
1.0
34.0
2.0
0.0
34.0
-2.0
-4.0
28.0
2.0
28.0
1.0
-4.0
-12.0
-15.0
32.0
0.0
37.0
0.0
245.0
31.0
0.0
2.0
32.0
-2.0
-8.0
30.0
-18.0
33.0
-10.0
119.0
36.0
-1.0
-2.0
-1.0
-4.0
-6.0
30.0
-7.0
32.0
-3.0
-2.0
34.0
-1.0
29.0
-3.0
29.0
-4.0
31.0
4.0
30.0
-2.0
27.0
-2.0
29.0
-2.0
5.0
31.0
-3.0
31.0
3.0
31.0
3.0
31.0
-3.0
3.0
-1.0
6.0
29.0
-1.0
29.0
1.0
31.0
1.0
36.0
-2.0
-4.0
31.0
1.0
1.0
29.0
-4.0
33.0
2.0
3.0
32.0
1.0
1.0
27.0
-4.0
31.0
2.0
33.0
1.0
95.0
32.0
-6.0
36.0
4.0
1.0
30.0
-3.0
-5.0
36.0
-3.0
-2.0
2.0
-2.0
1.0
3.0
31.0
2.0
294.0
33.0
-3.0
34.0
-3.0
3.0
-15.0
0.0
33.0
-2.0
31.0
3.0
-3.0
1.0
-2.0
31.0
4.0
1.0
31.0
0.0
2.0
-1.0
35.0
-3.0
4.0
2.0
4.0
-3.0
-18.0
36.0
1.0
-3.0
2.0
-1.0
-2.0
26.0
-2.0
30.0
111.0
29.0
-5.0
29.0
-3.0
30.0
1.0
-2.0
0.0
30.0
-5.0
30.0
1.0
4.0
35.0
-2.0
-2.0
33.0
-1.0
33.0
-2.0
32.0
-4.0
-1.0
34.0
-4.0
-2.0
30.0
0.0
-3.0
-6.0
32.0
104.0
30.0
1.0
35.0
-3.0
28.0
2.0
3.0
0.0
30.0
-2.0
29.0
-8.0
50.0
-1.0
33.0
-1.0
-2.0
31.0
1.0
-1.0
34.0
1.0
1.0
-2.0
-3.0
3.0
-4.0
32.0
-2.0
4.0
5.0
-4.0
-2.0
34.0
0.0
33.0
-2.0
30.0
1.0
-5.0
29.0
-1.0
35.0
4.0
0.0
32.0
1.0
34.0
3.0
34.0
-2.0
436.0
34.0
1.0
30.0
5.0
34.0
-4.0
35.0
-1.0
2.0
32.0
0.0
28.0
2.0
-1.0
30.0
-4.0
2.0
33.0
1.0
-3.0
29.0
-1.0
29.0
0.0
2.0
5.0
30.0
-10.0
33.0
-3.0
27.0
-2.0
31.0
1.0
0.0
-1.0
32.0
1.0
34.0
-1.0
29.0
0.0
34.0
-6.0
31.0
-2.0
27.0
-3.0
32.0
-3.0
27.0
-4.0
28.0
-5.0
29.0
-7.0
1.0
31.0
-4.0
29.0
-2.0
31.0
1.0
29.0
-1.0
24.0
1.0
25.0
1.0
35.0
4.0
30.0
-1.0
1.0
-5.0
26.0
-1.0
32.0
1.0
-3.0
32.0
-1.0
30.0
2.0
-2.0
6.0
-2.0
-7.0
-2.0
30.0
-2.0
33.0
-11.0
33.0
-7.0
33.0
-6.0
37.0
248.0
31.0
0.0
1.0
2.0
32.0
-2.0
32.0
-1.0
3.0
34.0
-2.0
32.0
2.0
30.0
0.0
-14.0
-2.0
28.0
3.0
30.0
1.0
-4.0
28.0
1.0
30.0
-2.0
30.0
2.0
-2.0
31.0
2.0
30.0
-4.0
30.0
0.0
28.0
0.0
32.0
-4.0
32.0
-2.0
30.0
1.0
30.0
-3.0
-5.0
33.0
-6.0
29.0
-1.0
-2.0
-4.0
33.0
-2.0
33.0
4.0
-2.0
-2.0
0.0
3.0
-1.0
31.0
0.0
33.0
1.0
29.0
6.0
34.0
0.0
29.0
-2.0
-7.0
-1.0
0.0
4.0
33.0
-2.0
32.0
-7.0
29.0
-1.0
31.0
-4.0
0.0
-2.0
2.0
5.0
28.0
1.0
-1.0
4.0
34.0
-6.0
31.0
-10.0
31.0
-3.0
31.0
-7.0
30.0
-4.0
32.0
1.0
33.0
5.0
30.0
-1.0
30.0
-1.0
31.0
4.0
30.0
-3.0
-2.0
416.0
32.0
-3.0
33.0
-6.0
32.0
2.0
-3.0
30.0
-4.0
31.0
-7.0
32.0
-2.0
0.0
0.0
0.0
31.0
176.0
35.0
0.0
-1.0
4.0
32.0
3.0
32.0
1.0
36.0
4.0
30.0
4.0
-1.0
30.0
125.0
34.0
3.0
-4.0
29.0
2.0
29.0
-2.0
27.0
0.0
-2.0
30.0
-10.0
30.0
-2.0
33.0
-4.0
28.0
-2.0
30.0
1.0
-1.0
-3.0
0.0
33.0
-18.0
29.0
1.0
28.0
-2.0
29.0
0.0
3.0
-1.0
33.0
-5.0
1.0
-7.0
30.0
3.0
-4.0
30.0
0.0
28.0
2.0
29.0
-1.0
-3.0
118.0
1.0
29.0
-7.0
32.0
-2.0
0.0
31.0
-2.0
31.0
-1.0
2.0
30.0
2.0
4.0
30.0
-4.0
34.0
6.0
-17.0
-2.0
36.0
-1.0
-14.0
36.0
-2.0
-1.0
31.0
-2.0
-9.0
33.0
1.0
31.0
3.0
30.0
2.0
1.0
32.0
2.0
342.0
38.0
5.0
25.0
-2.0
2.0
30.0
6.0
31.0
4.0
30.0
-9.0
27.0
3.0
25.0
-2.0
-3.0
1.0
32.0
2.0
1.0
6.0
2.0
-2.0
4.0
35.0
4.0
31.0
362.0
33.0
3.0
29.0
1.0
-5.0
33.0
-1.0
4.0
37.0
-3.0
0.0
32.0
-2.0
32.0
0.0
-1.0
-2.0
33.0
-3.0
34.0
-10.0
26.0
2.0
32.0
-1.0
35.0
-1.0
-7.0
38.0
-2.0
35.0
-2.0
34.0
-1.0
28.0
1.0
2.0
3.0
3.0
34.0
-8.0
31.0
2.0
2.0
32.0
-19.0
36.0
-3.0
30.0
-7.0
34.0
5.0
1.0
28.0
2.0
32.0
2.0
0.0
-8.0
36.0
-1.0
-2.0
1.0
-2.0
-1.0
1.0
28.0
2.0
36.0
-2.0
30.0
2.0
2.0
32.0
-4.0
2.0
28.0
1.0
0.0
-1.0
-2.0
-2.0
36.0
1.0
31.0
-1.0
3.0
30.0
-6.0
1.0
-2.0
-6.0
5.0
-4.0
30.0
2.0
29.0
-1.0
35.0
0.0
4.0
33.0
0.0
-1.0
30.0
-2.0
-3.0
31.0
2.0
31.0
-4.0
-3.0
28.0
-7.0
29.0
-3.0
33.0
3.0
-1.0
33.0
3.0
-7.0
0.0
31.0
1.0
-2.0
33.0
3.0
-7.0
29.0
1.0
33.0
1.0
36.0
-6.0
34.0
1.0
0.0
33.0
1.0
-2.0
34.0
1.0
32.0
1.0
34.0
-1.0
0.0
33.0
1.0
-2.0
-4.0
4.0
33.0
-6.0
1.0
30.0
63.0
30.0
-2.0
-2.0
29.0
-3.0
2.0
31.0
0.0
1.0
1.0
33.0
-1.0
30.0
-1.0
33.0
-10.0
4.0
30.0
-8.0
30.0
5.0
-10.0
30.0
4.0
32.0
-10.0
1.0
32.0
-10.0
458.0
36.0
-2.0
36.0
-2.0
27.0
0.0
30.0
3.0
33.0
0.0
33.0
2.0
-2.0
31.0
-2.0
1.0
30.0
0.0
-6.0
32.0
3.0
-2.0
-20.0
34.0
2.0
-3.0
-3.0
-6.0
30.0
2.0
30.0
0.0
33.0
3.0
31.0
1.0
2.0
5.0
-1.0
2.0
-4.0
32.0
-3.0
29.0
3.0
-1.0
33.0
2.0
31.0
-3.0
-7.0
-3.0
31.0
1.0
30.0
4.0
1.0
2.0
29.0
-7.0
27.0
2.0
3.0
4.0
31.0
1.0
33.0
1.0
4.0
-2.0
34.0
0.0
33.0
-1.0
32.0
-2.0
31.0
-2.0
-2.0
-2.0
37.0
0.0
-2.0
30.0
-1.0
5.0
37.0
2.0
36.0
0.0
36.0
-4.0
-1.0
-19.0
31.0
2.0
34.0
-2.0
-5.0
-2.0
-1.0
30.0
0.0
2.0
32.0
-2.0
-2.0
29.0
-1.0
4.0
31.0
5.0
-2.0
31.0
1.0
33.0
1.0
1.0
30.0
-3.0
33.0
1.0
1.0
37.0
1.0
30.0
4.0
155.0
34.0
-3.0
31.0
1.0
1.0
31.0
1.0
33.0
0.0
0.0
29.0
-16.0
33.0
0.0
-1.0
0.0
29.0
-1.0
32.0
0.0
31.0
1.0
29.0
5.0
0.0
29.0
0.0
39.0
-4.0
33.0
6.0
25.0
0.0
34.0
5.0
32.0
2.0
1.0
30.0
1.0
30.0
6.0
-1.0
-4.0
-2.0
33.0
3.0
30.0
1.0
-5.0
33.0
-7.0
30.0
4.0
35.0
-2.0
3.0
-2.0
30.0
2.0
31.0
5.0
-1.0
85.0
-1.0
2.0
31.0
0.0
-6.0
28.0
2.0
34.0
-1.0
3.0
30.0
-10.0
31.0
-1.0
32.0
2.0
30.0
-1.0
0.0
-4.0
38.0
-1.0
-19.0
33.0
-9.0
32.0
-1.0
34.0
0.0
2.0
32.0
2.0
32.0
1.0
-1.0
-6.0
31.0
-4.0
-1.0
0.0
4.0
3.0
-2.0
2.0
33.0
0.0
1.0
29.0
-2.0
-2.0
32.0
-2.0
32.0
5.0
0.0
3.0
0.0
32.0
1.0
2.0
32.0
-8.0
6.0
-3.0
2.0
3.0
-1.0
37.0
1.0
-4.0
-4.0
3.0
-13.0
34.0
3.0
-6.0
-4.0
31.0
-5.0
-1.0
6.0
31.0
-1.0
31.0
-1.0
33.0
-11.0
33.0
1.0
34.0
-2.0
0.0
33.0
2.0
-2.0
31.0
2.0
-7.0
36.0
73.0
30.0
-1.0
0.0
-6.0
34.0
0.0
-3.0
28.0
-13.0
4.0
-2.0
1.0
-1.0
-3.0
31.0
4.0
31.0
2.0
37.0
1.0
33.0
-1.0
37.0
2.0
-4.0
31.0
-1.0
78.0
2.0
-9.0
-3.0
-7.0
29.0
-2.0
27.0
2.0
-4.0
28.0
1.0
38.0
2.0
33.0
-1.0
34.0
1.0
31.0
-2.0
32.0
0.0
31.0
2.0
-9.0
35.0
-1.0
0.0
33.0
4.0
33.0
0.0
32.0
1.0
28.0
-2.0
31.0
1.0
7.0
-1.0
1.0
0.0
30.0
117.0
92.0
1.0
-1.0
-6.0
30.0
-10.0
31.0
1.0
261.0
36.0
-4.0
34.0
-2.0
31.0
-1.0
3.0
1.0
29.0
3.0
32.0
1.0
-1.0
-2.0
31.0
-2.0
-14.0
33.0
4.0
31.0
-2.0
33.0
-1.0
-1.0
-1.0
30.0
9.0
36.0
1.0
34.0
1.0
0.0
0.0
29.0
-1.0
37.0
1.0
31.0
97.0
28.0
5.0
5.0
1.0
28.0
4.0
-2.0
1.0
-6.0
30.0
0.0
-1.0
34.0
2.0
33.0
6.0
33.0
1.0
1.0
3.0
30.0
0.0
33.0
4.0
0.0
34.0
1.0
34.0
0.0
34.0
2.0
30.0
0.0
2.0
34.0
3.0
-1.0
31.0
3.0
31.0
1.0
33.0
-6.0
29.0
2.0
1.0
31.0
-1.0
33.0
2.0
3.0
30.0
-15.0
33.0
-1.0
8.0
0.0
-1.0
0.0
-1.0
27.0
-1.0
3.0
29.0
-1.0
30.0
-3.0
5.0
33.0
-12.0
30.0
2.0
31.0
-1.0
3.0
2.0
31.0
1.0
27.0
69.0
29.0
0.0
31.0
-28.0
38.0
-1.0
-3.0
2.0
32.0
-2.0
-19.0
38.0
-2.0
35.0
4.0
30.0
0.0
2.0
-1.0
0.0
-2.0
-3.0
30.0
0.0
0.0
31.0
-2.0
-3.0
-7.0
32.0
0.0
30.0
2.0
-3.0
-3.0
-1.0
32.0
-3.0
37.0
-4.0
-2.0
2.0
28.0
2.0
-2.0
2.0
170.0
26.0
-6.0
1.0
25.0
-1.0
35.0
-3.0
-3.0
28.0
3.0
0.0
33.0
-1.0
-4.0
-1.0
-1.0
33.0
2.0
30.0
1.0
1.0
0.0
28.0
-2.0
28.0
2.0
-1.0
38.0
-1.0
30.0
1.0
6.0
34.0
180.0
35.0
-1.0
-1.0
30.0
0.0
29.0
1.0
2.0
-1.0
33.0
2.0
-2.0
30.0
-4.0
0.0
-3.0
34.0
1.0
1.0
4.0
-1.0
-2.0
34.0
-11.0
30.0
-1.0
29.0
3.0
28.0
-2.0
4.0
0.0
4.0
-3.0
-2.0
-2.0
2.0
4.0
-7.0
33.0
3.0
-3.0
1.0
-6.0
40.0
0.0
1.0
28.0
1.0
-2.0
4.0
34.0
326.0
-4.0
2.0
2.0
-9.0
34.0
-2.0
2.0
32.0
1.0
34.0
1.0
-1.0
31.0
-5.0
-4.0
-2.0
32.0
-4.0
29.0
-2.0
37.0
-3.0
1.0
2.0
28.0
336.0
29.0
1.0
0.0
30.0
-1.0
-1.0
32.0
1.0
1.0
1.0
0.0
34.0
-10.0
-2.0
2.0
-2.0
-2.0
30.0
2.0
-3.0
29.0
-3.0
0.0
-3.0
-1.0
33.0
-4.0
2.0
2.0
31.0
1.0
-4.0
4.0
2.0
2.0
33.0
-7.0
28.0
-2.0
2.0
30.0
4.0
30.0
-3.0
-1.0
31.0
-1.0
-1.0
28.0
0.0
30.0
4.0
1.0
-1.0
30.0
1.0
29.0
1.0
0.0
4.0
31.0
0.0
31.0
-4.0
31.0
-1.0
4.0
31.0
-1.0
31.0
-2.0
-1.0
35.0
-1.0
30.0
0.0
-1.0
30.0
3.0
2.0
31.0
2.0
33.0
-3.0
30.0
207.0
90.0
3.0
30.0
1.0
37.0
-5.0
8.0
0.0
30.0
2.0
-1.0
1.0
1.0
-2.0
0.0
-2.0
37.0
-3.0
-10.0
36.0
0.0
8.0
35.0
6.0
1.0
33.0
3.0
2.0
-2.0
29.0
-10.0
34.0
-2.0
-1.0
-10.0
2.0
-5.0
33.0
2.0
36.0
7.0
36.0
-3.0
33.0
-4.0
30.0
-1.0
-1.0
0.0
29.0
0.0
2.0
-2.0
30.0
4.0
33.0
-3.0
1.0
1.0
-4.0
34.0
305.0
33.0
-3.0
36.0
-2.0
29.0
-6.0
-2.0
-3.0
34.0
-2.0
-2.0
211.0
31.0
4.0
32.0
-2.0
29.0
4.0
33.0
-2.0
1.0
-1.0
1.0
-7.0
28.0
-11.0
0.0
-15.0
34.0
-2.0
34.0
449.0
35.0
2.0
30.0
4.0
5.0
29.0
0.0
26.0
5.0
31.0
2.0
33.0
0.0
2.0
30.0
2.0
34.0
3.0
34.0
-1.0
34.0
0.0
1.0
-12.0
33.0
4.0
-10.0
-6.0
31.0
-4.0
31.0
-1.0
-10.0
-2.0
1.0
-2.0
34.0
62.0
3.0
266.0
35.0
1.0
1.0
33.0
1.0
32.0
1.0
2.0
1.0
-4.0
33.0
0.0
3.0
-2.0
31.0
1.0
0.0
-3.0
28.0
0.0
3.0
5.0
38.0
-3.0
34.0
0.0
-7.0
2.0
31.0
-3.0
-1.0
4.0
-2.0
-4.0
1.0
152.0
32.0
2.0
34.0
1.0
-11.0
31.0
-4.0
-3.0
1.0
34.0
-3.0
32.0
2.0
29.0
1.0
5.0
-4.0
37.0
-4.0
0.0
31.0
-3.0
3.0
31.0
3.0
2.0
32.0
3.0
-3.0
36.0
2.0
2.0
0.0
31.0
-7.0
31.0
4.0
35.0
0.0
33.0
2.0
31.0
2.0
33.0
0.0
0.0
29.0
-2.0
-1.0
2.0
3.0
-2.0
33.0
-1.0
-2.0
1.0
4.0
1.0
30.0
1.0
0.0
32.0
-2.0
-1.0
-3.0
32.0
-7.0
30.0
4.0
30.0
3.0
-3.0
33.0
-18.0
36.0
-3.0
-7.0
1.0
233.0
-4.0
32.0
-5.0
30.0
0.0
32.0
-1.0
33.0
0.0
28.0
-2.0
0.0
31.0
1.0
33.0
6.0
1.0
1.0
0.0
6.0
3.0
2.0
1.0
-4.0
33.0
3.0
1.0
30.0
1.0
33.0
3.0
1.0
34.0
0.0
0.0
33.0
0.0
2.0
-4.0
-8.0
-3.0
30.0
-10.0
1.0
-2.0
1.0
2.0
30.0
4.0
29.0
0.0
30.0
1.0
31.0
-4.0
40.0
-5.0
32.0
2.0
32.0
-2.0
6.0
2.0
2.0
-3.0
28.0
-15.0
31.0
2.0
3.0
2.0
28.0
-2.0
-2.0
-2.0
-1.0
-1.0
31.0
0.0
242.0
-1.0
31.0
1.0
-5.0
30.0
0.0
31.0
-1.0
14.0
2.0
33.0
-3.0
30.0
-4.0
31.0
-1.0
34.0
-2.0
2.0
34.0
-8.0
-12.0
34.0
0.0
37.0
1.0
33.0
1.0
2.0
-1.0
-2.0
33.0
-2.0
-12.0
33.0
-1.0
5.0
30.0
2.0
0.0
32.0
-8.0
36.0
1.0
26.0
-10.0
33.0
1.0
1.0
-2.0
33.0
-1.0
5.0
-2.0
0.0
2.0
3.0
30.0
1.0
5.0
33.0
-6.0
-4.0
0.0
3.0
-1.0
30.0
2.0
31.0
-10.0
33.0
4.0
-11.0
34.0
-4.0
5.0
1.0
2.0
35.0
4.0
-3.0
31.0
0.0
33.0
-1.0
-1.0
-2.0
0.0
36.0
2.0
-2.0
31.0
-4.0
28.0
-3.0
2.0
-6.0
5.0
1.0
0.0
33.0
2.0
30.0
1.0
-1.0
34.0
-4.0
30.0
1.0
433.0
-6.0
33.0
1.0
29.0
3.0
0.0
32.0
-3.0
30.0
5.0
1.0
-4.0
26.0
-3.0
31.0
5.0
36.0
-1.0
35.0
2.0
30.0
-2.0
34.0
-2.0
30.0
-6.0
28.0
-6.0
33.0
-8.0
-5.0
30.0
-7.0
-2.0
-2.0
-2.0
24.0
0.0
30.0
3.0
-9.0
-3.0
2.0
28.0
-2.0
-1.0
-7.0
30.0
0.0
-9.0
36.0
-2.0
27.0
1.0
29.0
4.0
-2.0
30.0
341.0
33.0
-3.0
33.0
1.0
131.0
-1.0
4.0
37.0
5.0
2.0
5.0
-9.0
-1.0
3.0
29.0
2.0
8.0
-1.0
1.0
32.0
0.0
0.0
-4.0
-1.0
1.0
33.0
0.0
28.0
1.0
1.0
23.0
-2.0
30.0
-1.0
-2.0
33.0
-2.0
-2.0
29.0
-6.0
30.0
277.0
33.0
1.0
30.0
-2.0
3.0
0.0
-2.0
25.0
1.0
32.0
-4.0
-1.0
-5.0
-3.0
33.0
2.0
37.0
-8.0
29.0
-4.0
32.0
-1.0
-3.0
33.0
-4.0
30.0
2.0
33.0
0.0
3.0
2.0
-2.0
32.0
-2.0
-2.0
-1.0
36.0
6.0
31.0
-1.0
36.0
-2.0
29.0
5.0
31.0
127.0
35.0
5.0
1.0
30.0
-2.0
33.0
-1.0
29.0
7.0
-1.0
33.0
0.0
-2.0
1.0
-2.0
29.0
2.0
35.0
1.0
29.0
355.0
36.0
2.0
33.0
-3.0
1.0
36.0
3.0
33.0
-2.0
30.0
3.0
33.0
0.0
490.0
33.0
3.0
31.0
-1.0
5.0
30.0
1.0
30.0
2.0
-2.0
1.0
32.0
4.0
6.0
25.0
1.0
30.0
0.0
30.0
-2.0
33.0
1.0
70.0
-2.0
2.0
33.0
1.0
33.0
5.0
-1.0
30.0
-2.0
-2.0
29.0
-1.0
0.0
33.0
-37.0
42.0
3.0
30.0
-2.0
32.0
84.0
29.0
-4.0
31.0
-16.0
34.0
-8.0
30.0
-2.0
-1.0
30.0
2.0
6.0
30.0
1.0
-3.0
32.0
5.0
33.0
0.0
36.0
52.0
31.0
-3.0
0.0
-4.0
26.0
-6.0
30.0
-5.0
2.0
30.0
0.0
-12.0
4.0
5.0
30.0
1.0
30.0
0.0
33.0
-5.0
29.0
0.0
2.0
-2.0
1.0
1.0
-8.0
2.0
33.0
-6.0
-1.0
-7.0
28.0
65.0
33.0
-2.0
-3.0
0.0
29.0
2.0
6.0
30.0
-4.0
30.0
0.0
2.0
-2.0
32.0
-2.0
33.0
-4.0
-1.0
0.0
36.0
0.0
1.0
1.0
-1.0
4.0
31.0
-1.0
32.0
4.0
33.0
-1.0
-10.0
30.0
-4.0
-1.0
32.0
310.0
31.0
5.0
2.0
-6.0
32.0
-1.0
1.0
-1.0
-2.0
34.0
-1.0
31.0
57.0
32.0
3.0
4.0
35.0
0.0
-1.0
-1.0
31.0
1.0
31.0
-1.0
31.0
0.0
30.0
1.0
-3.0
-1.0
-7.0
33.0
-6.0
33.0
-4.0
6.0
32.0
1.0
29.0
0.0
35.0
0.0
30.0
-4.0
4.0
-1.0
1.0
3.0
30.0
0.0
29.0
2.0
2.0
4.0
2.0
33.0
-2.0
4.0
34.0
2.0
32.0
-6.0
33.0
5.0
4.0
2.0
-2.0
26.0
1.0
-2.0
-2.0
30.0
7.0
0.0
30.0
-1.0
1.0
1.0
31.0
-5.0
30.0
1.0
0.0
-1.0
31.0
1.0
2.0
31.0
-7.0
29.0
1.0
36.0
-6.0
4.0
34.0
-3.0
36.0
3.0
30.0
4.0
-5.0
36.0
1.0
34.0
373.0
34.0
-2.0
34.0
2.0
32.0
-2.0
33.0
0.0
32.0
1.0
33.0
17.0
32.0
-2.0
31.0
2.0
1.0
29.0
153.0
-4.0
30.0
1.0
29.0
3.0
0.0
4.0
31.0
-1.0
-1.0
2.0
-8.0
32.0
1.0
3.0
34.0
-11.0
36.0
3.0
35.0
-1.0
35.0
1.0
30.0
1.0
33.0
-4.0
-2.0
29.0
-7.0
-1.0
0.0
-2.0
-4.0
26.0
0.0
33.0
1.0
30.0
-3.0
-4.0
34.0
0.0
0.0
-2.0
1.0
2.0
1.0
-1.0
-10.0
35.0
-7.0
31.0
-2.0
1.0
34.0
6.0
31.0
-1.0
34.0
1.0
33.0
-7.0
33.0
1.0
36.0
1.0
-2.0
-15.0
35.0
1.0
33.0
2.0
-2.0
33.0
-1.0
32.0
-8.0
36.0
-1.0
31.0
55.0
-7.0
-3.0
31.0
0.0
30.0
-13.0
34.0
-1.0
32.0
-3.0
31.0
-1.0
30.0
-2.0
30.0
-6.0
33.0
0.0
5.0
0.0
34.0
-3.0
31.0
-1.0
31.0
3.0
0.0
31.0
-2.0
-2.0
28.0
-1.0
-24.0
39.0
3.0
30.0
-2.0
33.0
-1.0
-6.0
33.0
4.0
-1.0
-2.0
31.0
1.0
-2.0
34.0
2.0
-11.0
56.0
30.0
2.0
-2.0
2.0
5.0
