2.6700000000000017
0.6700000000000017
139.67000000000002
0.6700000000000017
1.6700000000000017
29.67
-2.3299999999999983
31.67
-3.3299999999999983
33.67
2.6700000000000017
0.6700000000000017
-3.3299999999999983
27.67
-2.3299999999999983
31.67
-1.3299999999999983
29.67
28.67
3.6700000000000017
32.67
-0.3299999999999983
31.67
-1.3299999999999983
-1.3299999999999983
1.6700000000000017
-0.3299999999999983
29.67
0.6700000000000017
-6.329999999999998
31.67
-4.329999999999998
-3.3299999999999983
-12.329999999999998
33.67
-2.3299999999999983
30.67
2.6700000000000017
34.67
3.6700000000000017
31.67
-3.3299999999999983
32.67
-5.329999999999998
33.67
-0.3299999999999983
32.67
-0.3299999999999983
30.67
0.6700000000000017
3.6700000000000017
-7.329999999999998
34.67
-1.3299999999999983
36.67
2.6700000000000017
30.67
3.6700000000000017
1.6700000000000017
0.6700000000000017
33.67
1.6700000000000017
-0.3299999999999983
3.6700000000000017
32.67
-1.3299999999999983
0.6700000000000017
31.67
1.6700000000000017
-1.3299999999999983
-0.3299999999999983
-2.3299999999999983
31.67
1.6700000000000017
-6.329999999999998
3.6700000000000017
32.67
0.6700000000000017
32.67
-15.329999999999998
30.67
-1.3299999999999983
29.67
-0.3299999999999983
2.6700000000000017
-3.3299999999999983
31.67
3.6700000000000017
32.67
-1.3299999999999983
28.67
0.6700000000000017
34.67
-3.3299999999999983
31.67
0.6700000000000017
32.67
3.6700000000000017
-7.329999999999998
33.67
-4.329999999999998
3.6700000000000017
31.67
-3.3299999999999983
30.67
-4.329999999999998
35.67
-0.3299999999999983
36.67
-0.3299999999999983
30.67
-1.3299999999999983
1.6700000000000017
30.67
0.6700000000000017
35.67
-1.3299999999999983
31.67
6.670000000000002
29.67
1.6700000000000017
27.67
-4.329999999999998
31.67
-1.3299999999999983
0.6700000000000017
29.67
2.6700000000000017
30.67
-1.3299999999999983
31.67
-5.329999999999998
-0.3299999999999983
36.67
-12.329999999999998
36.67
4.670000000000002
27.67
0.6700000000000017
33.67
-8.329999999999998
-0.3299999999999983
0.6700000000000017
35.67
0.6700000000000017
-1.3299999999999983
0.6700000000000017
33.67
3.6700000000000017
-4.329999999999998
30.67
0.6700000000000017
35.67
0.6700000000000017
30.67
4.670000000000002
30.67
-0.3299999999999983
-1.3299999999999983
33.67
-4.329999999999998
32.67
139.67000000000002
-0.3299999999999983
2.6700000000000017
28.67
4.670000000000002
29.67
-2.3299999999999983
0.6700000000000017
32.67
-2.3299999999999983
35.67
0.6700000000000017
32.67
-0.3299999999999983
32.67
-3.3299999999999983
32.67
3.6700000000000017
27.67
2.6700000000000017
32.67
-0.3299999999999983
32.67
-1.3299999999999983
-0.3299999999999983
36.67
-8.329999999999998
32.67
-1.3299999999999983
30.67
-0.3299999999999983
35.67
-0.3299999999999983
33.67
0.6700000000000017
-3.3299999999999983
33.67
-2.3299999999999983
28.67
-5.329999999999998
-3.3299999999999983
30.67
-5.329999999999998
30.67
-1.3299999999999983
34.67
-18.33
29.67
-5.329999999999998
32.67
-30.33
42.67
-9.329999999999998
34.67
-8.329999999999998
34.67
0.6700000000000017
-0.3299999999999983
32.67
-1.3299999999999983
27.67
0.6700000000000017
32.67
2.6700000000000017
30.67
-0.3299999999999983
30.67
3.6700000000000017
30.67
3.6700000000000017
34.67
-2.3299999999999983
32.67
3.6700000000000017
0.6700000000000017
31.67
4.670000000000002
46.67
-1.3299999999999983
3.6700000000000017
-3.3299999999999983
29.67
-0.3299999999999983
-4.329999999999998
0.6700000000000017
0.6700000000000017
0.6700000000000017
-7.329999999999998
34.67
-0.3299999999999983
-0.3299999999999983
0.6700000000000017
-0.3299999999999983
29.67
-0.3299999999999983
30.67
0.6700000000000017
31.67
-1.3299999999999983
32.67
-0.3299999999999983
36.67
0.6700000000000017
-4.329999999999998
32.67
-1.3299999999999983
32.67
-3.3299999999999983
31.67
-0.3299999999999983
31.67
1.6700000000000017
30.67
0.6700000000000017
27.67
-1.3299999999999983
31.67
0.6700000000000017
4.670000000000002
29.67
-7.329999999999998
32.67
-0.3299999999999983
-1.3299999999999983
29.67
-1.3299999999999983
32.67
-7.329999999999998
32.67
0.6700000000000017
30.67
1.6700000000000017
32.67
-1.3299999999999983
-4.329999999999998
-1.3299999999999983
0.6700000000000017
32.67
-1.3299999999999983
24.67
-1.3299999999999983
-1.3299999999999983
0.6700000000000017
0.6700000000000017
35.67
-0.3299999999999983
32.67
1.6700000000000017
-6.329999999999998
32.67
-4.329999999999998
33.67
-1.3299999999999983
36.67
0.6700000000000017
30.67
0.6700000000000017
28.67
-2.3299999999999983
31.67
85.67
27.67
-4.329999999999998
0.6700000000000017
-0.3299999999999983
32.67
1.6700000000000017
1.6700000000000017
33.67
61.67
3.6700000000000017
30.67
-10.329999999999998
30.67
-4.329999999999998
30.67
128.67000000000002
0.6700000000000017
2.6700000000000017
32.67
1.6700000000000017
-4.329999999999998
30.67
-11.329999999999998
33.67
1.6700000000000017
33.67
2.6700000000000017
0.6700000000000017
-9.329999999999998
0.6700000000000017
0.6700000000000017
1.6700000000000017
30.67
-0.3299999999999983
30.67
3.6700000000000017
33.67
1.6700000000000017
29.67
-7.329999999999998
31.67
1.6700000000000017
0.6700000000000017
-1.3299999999999983
34.67
112.67
-4.329999999999998
-4.329999999999998
0.6700000000000017
-1.3299999999999983
30.67
2.6700000000000017
3.6700000000000017
28.67
2.6700000000000017
32.67
3.6700000000000017
29.67
-0.3299999999999983
-6.329999999999998
-3.3299999999999983
1.6700000000000017
33.67
113.67
29.67
0.6700000000000017
33.67
0.6700000000000017
-3.3299999999999983
37.67
0.6700000000000017
-6.329999999999998
35.67
-1.3299999999999983
30.67
-1.3299999999999983
0.6700000000000017
0.6700000000000017
1.6700000000000017
33.67
-1.3299999999999983
32.67
-0.3299999999999983
29.67
1.6700000000000017
31.67
0.6700000000000017
4.670000000000002
1.6700000000000017
-4.329999999999998
-2.3299999999999983
27.67
0.6700000000000017
-1.3299999999999983
29.67
-4.329999999999998
31.67
-0.3299999999999983
-4.329999999999998
32.67
194.67000000000002
32.67
0.6700000000000017
31.67
-4.329999999999998
32.67
0.6700000000000017
30.67
3.6700000000000017
-7.329999999999998
28.67
-4.329999999999998
25.67
-1.3299999999999983
1.6700000000000017
30.67
-5.329999999999998
32.67
1.6700000000000017
29.67
2.6700000000000017
34.67
-2.3299999999999983
27.67
-2.3299999999999983
3.6700000000000017
36.67
-2.3299999999999983
30.67
-0.3299999999999983
0.6700000000000017
27.67
0.6700000000000017
-4.329999999999998
-5.329999999999998
0.6700000000000017
32.67
-3.3299999999999983
-7.329999999999998
-0.3299999999999983
36.67
0.6700000000000017
1.6700000000000017
-4.329999999999998
-5.329999999999998
35.67
-2.3299999999999983
31.67
3.6700000000000017
34.67
-0.3299999999999983
2.6700000000000017
32.67
-0.3299999999999983
32.67
-2.3299999999999983
2.6700000000000017
-0.3299999999999983
31.67
-3.3299999999999983
-1.3299999999999983
35.67
0.6700000000000017
-2.3299999999999983
-5.329999999999998
0.6700000000000017
1.6700000000000017
-4.329999999999998
28.67
1.6700000000000017
-2.3299999999999983
31.67
-0.3299999999999983
2.6700000000000017
31.67
3.6700000000000017
0.6700000000000017
32.67
-2.3299999999999983
35.67
-0.3299999999999983
0.6700000000000017
32.67
-1.3299999999999983
35.67
1.6700000000000017
-0.3299999999999983
0.6700000000000017
-2.3299999999999983
-0.3299999999999983
34.67
-9.329999999999998
-2.3299999999999983
31.67
0.6700000000000017
-0.3299999999999983
36.67
-4.329999999999998
31.67
0.6700000000000017
31.67
-3.3299999999999983
32.67
-1.3299999999999983
-1.3299999999999983
30.67
-0.3299999999999983
0.6700000000000017
1.6700000000000017
29.67
-1.3299999999999983
30.67
2.6700000000000017
27.67
-4.329999999999998
34.67
1.6700000000000017
0.6700000000000017
30.67
-1.3299999999999983
-9.329999999999998
33.67
0.6700000000000017
33.67
2.6700000000000017
33.67
1.6700000000000017
30.67
153.67000000000002
0.6700000000000017
2.6700000000000017
1.6700000000000017
33.67
1.6700000000000017
0.6700000000000017
0.6700000000000017
36.67
3.6700000000000017
34.67
-1.3299999999999983
32.67
-1.3299999999999983
-1.3299999999999983
34.67
2.6700000000000017
29.67
-1.3299999999999983
-1.3299999999999983
2.6700000000000017
30.67
3.6700000000000017
1.6700000000000017
33.67
-4.329999999999998
29.67
3.6700000000000017
33.67
0.6700000000000017
-0.3299999999999983
33.67
-5.329999999999998
31.67
-1.3299999999999983
30.67
-8.329999999999998
34.67
3.6700000000000017
-5.329999999999998
32.67
0.6700000000000017
30.67
3.6700000000000017
-12.329999999999998
28.67
-1.3299999999999983
32.67
-0.3299999999999983
27.67
0.6700000000000017
30.67
0.6700000000000017
-2.3299999999999983
32.67
-1.3299999999999983
-13.329999999999998
37.67
2.6700000000000017
31.67
1.6700000000000017
31.67
-3.3299999999999983
30.67
3.6700000000000017
3.6700000000000017
0.6700000000000017
33.67
-8.329999999999998
31.67
4.670000000000002
-11.329999999999998
31.67
-0.3299999999999983
-4.329999999999998
32.67
1.6700000000000017
0.6700000000000017
30.67
-1.3299999999999983
38.67
-1.3299999999999983
35.67
-3.3299999999999983
-2.3299999999999983
30.67
0.6700000000000017
0.6700000000000017
3.6700000000000017
-4.329999999999998
2.6700000000000017
-0.3299999999999983
29.67
-1.3299999999999983
31.67
-0.3299999999999983
0.6700000000000017
34.67
-1.3299999999999983
3.6700000000000017
0.6700000000000017
33.67
0.6700000000000017
32.67
1.6700000000000017
3.6700000000000017
-0.3299999999999983
35.67
0.6700000000000017
1.6700000000000017
-3.3299999999999983
31.67
119.67
28.67
-4.329999999999998
0.6700000000000017
-3.3299999999999983
28.67
1.6700000000000017
-4.329999999999998
0.6700000000000017
34.67
-1.3299999999999983
31.67
-5.329999999999998
-3.3299999999999983
32.67
-1.3299999999999983
28.67
-0.3299999999999983
32.67
2.6700000000000017
31.67
2.6700000000000017
35.67
0.6700000000000017
30.67
3.6700000000000017
-0.3299999999999983
31.67
-1.3299999999999983
-0.3299999999999983
33.67
6.670000000000002
33.67
-2.3299999999999983
2.6700000000000017
32.67
0.6700000000000017
35.67
3.6700000000000017
2.6700000000000017
2.6700000000000017
3.6700000000000017
32.67
4.670000000000002
31.67
-3.3299999999999983
31.67
64.67
30.67
-8.329999999999998
32.67
3.6700000000000017
6.670000000000002
31.67
1.6700000000000017
-0.3299999999999983
29.67
-2.3299999999999983
31.67
380.67
26.67
3.6700000000000017
35.67
1.6700000000000017
0.6700000000000017
3.6700000000000017
33.67
1.6700000000000017
35.67
-0.3299999999999983
33.67
0.6700000000000017
36.67
3.6700000000000017
31.67
3.6700000000000017
32.67
-3.3299999999999983
-5.329999999999998
-18.33
32.67
2.6700000000000017
34.67
-5.329999999999998
1.6700000000000017
32.67
2.6700000000000017
-3.3299999999999983
26.67
-11.329999999999998
31.67
3.6700000000000017
-1.3299999999999983
33.67
-4.329999999999998
31.67
0.6700000000000017
64.67
5.670000000000002
-0.3299999999999983
31.67
-0.3299999999999983
30.67
-3.3299999999999983
27.67
345.67
30.67
-0.3299999999999983
32.67
-3.3299999999999983
-0.3299999999999983
1.6700000000000017
-3.3299999999999983
-0.3299999999999983
34.67
1.6700000000000017
-6.329999999999998
33.67
1.6700000000000017
32.67
-8.329999999999998
32.67
0.6700000000000017
4.670000000000002
33.67
-0.3299999999999983
-6.329999999999998
31.67
-1.3299999999999983
31.67
-0.3299999999999983
-2.3299999999999983
28.67
49.67
35.67
-4.329999999999998
1.6700000000000017
30.67
-3.3299999999999983
-1.3299999999999983
-2.3299999999999983
32.67
-3.3299999999999983
-1.3299999999999983
30.67
1.6700000000000017
1.6700000000000017
-0.3299999999999983
31.67
0.6700000000000017
34.67
22.67
-1.3299999999999983
32.67
-3.3299999999999983
2.6700000000000017
35.67
0.6700000000000017
0.6700000000000017
0.6700000000000017
2.6700000000000017
32.67
-4.329999999999998
1.6700000000000017
1.6700000000000017
0.6700000000000017
1.6700000000000017
0.6700000000000017
33.67
-0.3299999999999983
32.67
-5.329999999999998
34.67
1.6700000000000017
28.67
3.6700000000000017
30.67
0.6700000000000017
34.67
3.6700000000000017
33.67
-11.329999999999998
28.67
-1.3299999999999983
-0.3299999999999983
-3.3299999999999983
-15.329999999999998
35.67
0.6700000000000017
33.67
1.6700000000000017
32.67
0.6700000000000017
30.67
1.6700000000000017
30.67
6.670000000000002
5.670000000000002
3.6700000000000017
31.67
-4.329999999999998
31.67
0.6700000000000017
35.67
-8.329999999999998
27.67
0.6700000000000017
29.67
-2.3299999999999983
-0.3299999999999983
32.67
3.6700000000000017
31.67
5.670000000000002
0.6700000000000017
1.6700000000000017
429.67
28.67
138.67000000000002
-0.3299999999999983
30.67
-1.3299999999999983
34.67
4.670000000000002
33.67
-3.3299999999999983
31.67
3.6700000000000017
27.67
-17.33
3.6700000000000017
32.67
0.6700000000000017
34.67
79.67
32.67
-3.3299999999999983
32.67
-3.3299999999999983
29.67
1.6700000000000017
35.67
0.6700000000000017
-1.3299999999999983
32.67
0.6700000000000017
33.67
-0.3299999999999983
-12.329999999999998
-1.3299999999999983
2.6700000000000017
33.67
-3.3299999999999983
-0.3299999999999983
29.67
1.6700000000000017
33.67
1.6700000000000017
32.67
-4.329999999999998
-0.3299999999999983
3.6700000000000017
0.6700000000000017
36.67
4.670000000000002
31.67
378.67
31.67
-1.3299999999999983
-3.3299999999999983
31.67
-5.329999999999998
32.67
-2.3299999999999983
31.67
-1.3299999999999983
32.67
1.6700000000000017
-4.329999999999998
72.67
31.67
-0.3299999999999983
28.67
4.670000000000002
2.6700000000000017
35.67
3.6700000000000017
28.67
-5.329999999999998
0.6700000000000017
31.67
0.6700000000000017
32.67
0.6700000000000017
31.67
-5.329999999999998
29.67
5.670000000000002
0.6700000000000017
33.67
-1.3299999999999983
25.67
-2.3299999999999983
36.67
1.6700000000000017
-2.3299999999999983
-12.329999999999998
32.67
-0.3299999999999983
33.67
3.6700000000000017
29.67
-4.329999999999998
-1.3299999999999983
0.6700000000000017
-4.329999999999998
30.67
0.6700000000000017
29.67
0.6700000000000017
32.67
2.6700000000000017
3.6700000000000017
-16.33
30.67
-4.329999999999998
-3.3299999999999983
-1.3299999999999983
28.67
0.6700000000000017
-0.3299999999999983
30.67
-0.3299999999999983
27.67
0.6700000000000017
1.6700000000000017
6.670000000000002
-9.329999999999998
32.67
0.6700000000000017
35.67
-0.3299999999999983
29.67
1.6700000000000017
34.67
3.6700000000000017
0.6700000000000017
1.6700000000000017
30.67
-0.3299999999999983
31.67
-0.3299999999999983
-0.3299999999999983
35.67
0.6700000000000017
33.67
-1.3299999999999983
33.67
-8.329999999999998
30.67
3.6700000000000017
0.6700000000000017
30.67
1.6700000000000017
32.67
-2.3299999999999983
26.67
2.6700000000000017
0.6700000000000017
1.6700000000000017
-3.3299999999999983
30.67
1.6700000000000017
35.67
-2.3299999999999983
-1.3299999999999983
27.67
0.6700000000000017
31.67
1.6700000000000017
32.67
-2.3299999999999983
152.67000000000002
32.67
-2.3299999999999983
32.67
-20.33
33.67
-0.3299999999999983
0.6700000000000017
32.67
-3.3299999999999983
32.67
0.6700000000000017
27.67
-4.329999999999998
-10.329999999999998
38.67
0.6700000000000017
1.6700000000000017
-3.3299999999999983
34.67
-0.3299999999999983
1.6700000000000017
32.67
-3.3299999999999983
-3.3299999999999983
33.67
493.67
11.670000000000002
-5.329999999999998
4.670000000000002
2.6700000000000017
0.6700000000000017
0.6700000000000017
32.67
0.6700000000000017
33.67
0.6700000000000017
30.67
0.6700000000000017
2.6700000000000017
32.67
-0.3299999999999983
3.6700000000000017
33.67
1.6700000000000017
33.67
-2.3299999999999983
-0.3299999999999983
30.67
-1.3299999999999983
26.67
-0.3299999999999983
31.67
-1.3299999999999983
30.67
-4.329999999999998
33.67
-13.329999999999998
33.67
1.6700000000000017
29.67
-1.3299999999999983
1.6700000000000017
1.6700000000000017
30.67
-8.329999999999998
35.67
-1.3299999999999983
32.67
4.670000000000002
2.6700000000000017
0.6700000000000017
3.6700000000000017
0.6700000000000017
31.67
-1.3299999999999983
-1.3299999999999983
-6.329999999999998
33.67
-1.3299999999999983
38.67
-4.329999999999998
34.67
-0.3299999999999983
35.67
0.6700000000000017
33.67
-5.329999999999998
33.67
1.6700000000000017
33.67
-0.3299999999999983
0.6700000000000017
33.67
137.67000000000002
0.6700000000000017
29.67
0.6700000000000017
29.67
-9.329999999999998
32.67
4.670000000000002
36.67
2.6700000000000017
-4.329999999999998
0.6700000000000017
33.67
0.6700000000000017
30.67
-0.3299999999999983
31.67
0.6700000000000017
39.67
0.6700000000000017
30.67
1.6700000000000017
32.67
3.6700000000000017
33.67
-3.3299999999999983
27.67
-9.329999999999998
34.67
0.6700000000000017
28.67
-0.3299999999999983
2.6700000000000017
33.67
-6.329999999999998
34.67
-2.3299999999999983
-1.3299999999999983
2.6700000000000017
32.67
2.6700000000000017
0.6700000000000017
36.67
-4.329999999999998
26.67
-0.3299999999999983
30.67
1.6700000000000017
-0.3299999999999983
-3.3299999999999983
32.67
-4.329999999999998
-10.329999999999998
28.67
-0.3299999999999983
27.67
8.670000000000002
104.67
2.6700000000000017
28.67
0.6700000000000017
-0.3299999999999983
32.67
0.6700000000000017
28.67
-11.329999999999998
28.67
-0.3299999999999983
32.67
1.6700000000000017
31.67
-0.3299999999999983
33.67
3.6700000000000017
1.6700000000000017
35.67
1.6700000000000017
-1.3299999999999983
31.67
0.6700000000000017
-3.3299999999999983
-1.3299999999999983
0.6700000000000017
-0.3299999999999983
28.67
1.6700000000000017
2.6700000000000017
32.67
-0.3299999999999983
31.67
2.6700000000000017
31.67
-0.3299999999999983
31.67
-2.3299999999999983
33.67
-0.3299999999999983
27.67
-0.3299999999999983
156.67000000000002
30.67
-7.329999999999998
29.67
2.6700000000000017
31.67
2.6700000000000017
32.67
1.6700000000000017
0.6700000000000017
-0.3299999999999983
-0.3299999999999983
1.6700000000000017
27.67
0.6700000000000017
31.67
1.6700000000000017
31.67
0.6700000000000017
34.67
4.670000000000002
-6.329999999999998
2.6700000000000017
-9.329999999999998
35.67
3.6700000000000017
158.67000000000002
28.67
-1.3299999999999983
32.67
-2.3299999999999983
-0.3299999999999983
1.6700000000000017
-1.3299999999999983
2.6700000000000017
34.67
161.67000000000002
0.6700000000000017
32.67
0.6700000000000017
32.67
-2.3299999999999983
33.67
-3.3299999999999983
29.67
-1.3299999999999983
8.670000000000002
-1.3299999999999983
31.67
-0.3299999999999983
33.67
-2.3299999999999983
2.6700000000000017
-1.3299999999999983
2.6700000000000017
32.67
5.670000000000002
32.67
-1.3299999999999983
3.6700000000000017
31.67
3.6700000000000017
-1.3299999999999983
33.67
-0.3299999999999983
-3.3299999999999983
-4.329999999999998
-3.3299999999999983
36.67
-4.329999999999998
27.67
3.6700000000000017
29.67
1.6700000000000017
4.670000000000002
1.6700000000000017
-0.3299999999999983
29.67
0.6700000000000017
2.6700000000000017
3.6700000000000017
2.6700000000000017
32.67
1.6700000000000017
30.67
0.6700000000000017
32.67
1.6700000000000017
0.6700000000000017
4.670000000000002
-39.33
50.67
-3.3299999999999983
0.6700000000000017
-1.3299999999999983
33.67
0.6700000000000017
28.67
-2.3299999999999983
-0.3299999999999983
33.67
-3.3299999999999983
34.67
0.6700000000000017
-1.3299999999999983
-3.3299999999999983
32.67
77.67
31.67
-24.33
39.67
-1.3299999999999983
-0.3299999999999983
3.6700000000000017
35.67
6.670000000000002
-3.3299999999999983
69.67
27.67
1.6700000000000017
-12.329999999999998
35.67
0.6700000000000017
0.6700000000000017
-1.3299999999999983
-1.3299999999999983
4.670000000000002
-0.3299999999999983
25.67
3.6700000000000017
-1.3299999999999983
33.67
1.6700000000000017
-3.3299999999999983
0.6700000000000017
30.67
0.6700000000000017
0.6700000000000017
-8.329999999999998
-0.3299999999999983
33.67
-0.3299999999999983
32.67
-1.3299999999999983
-2.3299999999999983
32.67
-0.3299999999999983
-2.3299999999999983
30.67
0.6700000000000017
32.67
0.6700000000000017
30.67
3.6700000000000017
2.6700000000000017
-1.3299999999999983
1.6700000000000017
-2.3299999999999983
-0.3299999999999983
30.67
2.6700000000000017
0.6700000000000017
33.67
-1.3299999999999983
-0.3299999999999983
31.67
-3.3299999999999983
25.67
2.6700000000000017
-1.3299999999999983
0.6700000000000017
34.67
-0.3299999999999983
-0.3299999999999983
32.67
-6.329999999999998
34.67
0.6700000000000017
1.6700000000000017
56.67
-11.329999999999998
31.67
0.6700000000000017
-1.3299999999999983
33.67
0.6700000000000017
-3.3299999999999983
-1.3299999999999983
29.67
0.6700000000000017
-1.3299999999999983
31.67
0.6700000000000017
30.67
3.6700000000000017
32.67
3.6700000000000017
2.6700000000000017
29.67
0.6700000000000017
34.67
1.6700000000000017
32.67
0.6700000000000017
27.67
0.6700000000000017
31.67
3.6700000000000017
3.6700000000000017
30.67
-16.33
-0.3299999999999983
-1.3299999999999983
30.67
-1.3299999999999983
32.67
-5.329999999999998
-22.33
32.67
-1.3299999999999983
-5.329999999999998
-4.329999999999998
1.6700000000000017
-0.3299999999999983
0.6700000000000017
30.67
-6.329999999999998
-5.329999999999998
33.67
0.6700000000000017
30.67
1.6700000000000017
30.67
-4.329999999999998
-1.3299999999999983
33.67
-1.3299999999999983
-16.33
-0.3299999999999983
4.670000000000002
32.67
-3.3299999999999983
-1.3299999999999983
-5.329999999999998
30.67
0.6700000000000017
1.6700000000000017
33.67
-2.3299999999999983
1.6700000000000017
30.67
1.6700000000000017
35.67
-0.3299999999999983
32.67
1.6700000000000017
-1.3299999999999983
0.6700000000000017
0.6700000000000017
33.67
-0.3299999999999983
36.67
-3.3299999999999983
-1.3299999999999983
32.67
-1.3299999999999983
-3.3299999999999983
0.6700000000000017
34.67
-2.3299999999999983
-0.3299999999999983
27.67
2.6700000000000017
-2.3299999999999983
-0.3299999999999983
28.67
-4.329999999999998
-1.3299999999999983
2.6700000000000017
0.6700000000000017
33.67
-1.3299999999999983
1.6700000000000017
34.67
-4.329999999999998
1.6700000000000017
33.67
0.6700000000000017
35.67
2.6700000000000017
30.67
3.6700000000000017
3.6700000000000017
30.67
-1.3299999999999983
33.67
-4.329999999999998
32.67
-1.3299999999999983
-7.329999999999998
32.67
-4.329999999999998
-1.3299999999999983
31.67
-5.329999999999998
29.67
360.67
32.67
1.6700000000000017
-11.329999999999998
31.67
-5.329999999999998
28.67
1.6700000000000017
33.67
5.670000000000002
31.67
-1.3299999999999983
-3.3299999999999983
30.67
-0.3299999999999983
28.67
-1.3299999999999983
-5.329999999999998
2.6700000000000017
-3.3299999999999983
28.67
-0.3299999999999983
3.6700000000000017
2.6700000000000017
30.67
-1.3299999999999983
-1.3299999999999983
0.6700000000000017
0.6700000000000017
31.67
1.6700000000000017
3.6700000000000017
1.6700000000000017
30.67
214.67000000000002
-7.329999999999998
0.6700000000000017
0.6700000000000017
-0.3299999999999983
0.6700000000000017
0.6700000000000017
31.67
-4.329999999999998
-6.329999999999998
33.67
-9.329999999999998
36.67
0.6700000000000017
528.67
-3.3299999999999983
3.6700000000000017
28.67
-3.3299999999999983
1.6700000000000017
36.67
-5.329999999999998
-0.3299999999999983
26.67
1.6700000000000017
30.67
-4.329999999999998
31.67
0.6700000000000017
-3.3299999999999983
27.67
1.6700000000000017
31.67
1.6700000000000017
39.67
-4.329999999999998
28.67
-4.329999999999998
28.67
0.6700000000000017
30.67
-0.3299999999999983
30.67
1.6700000000000017
0.6700000000000017
34.67
1.6700000000000017
28.67
0.6700000000000017
31.67
-1.3299999999999983
-1.3299999999999983
29.67
-4.329999999999998
32.67
395.67
32.67
-1.3299999999999983
0.6700000000000017
28.67
2.6700000000000017
3.6700000000000017
32.67
0.6700000000000017
30.67
-12.329999999999998
34.67
-1.3299999999999983
28.67
2.6700000000000017
35.67
-2.3299999999999983
34.67
0.6700000000000017
-1.3299999999999983
4.670000000000002
27.67
-6.329999999999998
2.6700000000000017
33.67
6.670000000000002
28.67
-4.329999999999998
25.67
-3.3299999999999983
33.67
-11.329999999999998
35.67
-1.3299999999999983
-3.3299999999999983
33.67
-1.3299999999999983
35.67
-2.3299999999999983
31.67
2.6700000000000017
37.67
-4.329999999999998
-0.3299999999999983
33.67
0.6700000000000017
-7.329999999999998
35.67
-7.329999999999998
31.67
-0.3299999999999983
165.67000000000002
30.67
-3.3299999999999983
30.67
1.6700000000000017
0.6700000000000017
32.67
95.67
2.6700000000000017
0.6700000000000017
32.67
0.6700000000000017
33.67
-1.3299999999999983
32.67
-1.3299999999999983
-3.3299999999999983
32.67
2.6700000000000017
27.67
-7.329999999999998
33.67
-8.329999999999998
32.67
-3.3299999999999983
30.67
-3.3299999999999983
35.67
1.6700000000000017
65.67
30.67
3.6700000000000017
31.67
0.6700000000000017
28.67
-2.3299999999999983
31.67
-0.3299999999999983
0.6700000000000017
4.670000000000002
33.67
-3.3299999999999983
3.6700000000000017
0.6700000000000017
3.6700000000000017
30.67
-1.3299999999999983
0.6700000000000017
-0.3299999999999983
31.67
0.6700000000000017
30.67
-0.3299999999999983
30.67
3.6700000000000017
31.67
-3.3299999999999983
32.67
-0.3299999999999983
33.67
-9.329999999999998
33.67
1.6700000000000017
-2.3299999999999983
35.67
1.6700000000000017
-1.3299999999999983
31.67
3.6700000000000017
1.6700000000000017
2.6700000000000017
-9.329999999999998
30.67
1.6700000000000017
34.67
0.6700000000000017
31.67
3.6700000000000017
0.6700000000000017
35.67
0.6700000000000017
32.67
-0.3299999999999983
30.67
-3.3299999999999983
28.67
-0.3299999999999983
30.67
3.6700000000000017
29.67
1.6700000000000017
35.67
2.6700000000000017
31.67
-1.3299999999999983
27.67
-0.3299999999999983
32.67
3.6700000000000017
2.6700000000000017
-0.3299999999999983
-0.3299999999999983
95.67
2.6700000000000017
-0.3299999999999983
0.6700000000000017
33.67
0.6700000000000017
37.67
-0.3299999999999983
2.6700000000000017
0.6700000000000017
34.67
2.6700000000000017
-1.3299999999999983
31.67
-0.3299999999999983
27.67
-3.3299999999999983
30.67
113.67
2.6700000000000017
32.67
2.6700000000000017
28.67
-3.3299999999999983
28.67
0.6700000000000017
-13.329999999999998
35.67
-1.3299999999999983
32.67
-9.329999999999998
29.67
-0.3299999999999983
0.6700000000000017
2.6700000000000017
0.6700000000000017
29.67
0.6700000000000017
32.67
0.6700000000000017
31.67
-1.3299999999999983
32.67
-1.3299999999999983
38.67
-0.3299999999999983
28.67
1.6700000000000017
29.67
0.6700000000000017
31.67
-3.3299999999999983
36.67
1.6700000000000017
30.67
-3.3299999999999983
4.670000000000002
33.67
0.6700000000000017
2.6700000000000017
-0.3299999999999983
31.67
-1.3299999999999983
32.67
-3.3299999999999983
27.67
-0.3299999999999983
32.67
0.6700000000000017
33.67
1.6700000000000017
0.6700000000000017
-0.3299999999999983
30.67
-1.3299999999999983
31.67
44.67
32.67
0.6700000000000017
32.67
2.6700000000000017
-12.329999999999998
0.6700000000000017
-0.3299999999999983
27.67
3.6700000000000017
30.67
1.6700000000000017
36.67
3.6700000000000017
0.6700000000000017
32.67
-4.329999999999998
32.67
-1.3299999999999983
30.67
0.6700000000000017
31.67
-1.3299999999999983
33.67
50.67
0.6700000000000017
3.6700000000000017
33.67
3.6700000000000017
1.6700000000000017
35.67
0.6700000000000017
-1.3299999999999983
31.67
-9.329999999999998
34.67
-13.329999999999998
35.67
-0.3299999999999983
35.67
2.6700000000000017
33.67
-6.329999999999998
0.6700000000000017
-0.3299999999999983
-0.3299999999999983
-7.329999999999998
35.67
-0.3299999999999983
0.6700000000000017
31.67
-0.3299999999999983
-1.3299999999999983
30.67
-1.3299999999999983
34.67
88.67
33.67
1.6700000000000017
29.67
-0.3299999999999983
-0.3299999999999983
2.6700000000000017
0.6700000000000017
-0.3299999999999983
-8.329999999999998
32.67
-4.329999999999998
-8.329999999999998
33.67
1.6700000000000017
31.67
1.6700000000000017
28.67
1.6700000000000017
28.67
5.670000000000002
1.6700000000000017
-9.329999999999998
32.67
1.6700000000000017
-1.3299999999999983
33.67
1.6700000000000017
0.6700000000000017
28.67
-5.329999999999998
32.67
2.6700000000000017
31.67
1.6700000000000017
-7.329999999999998
1.6700000000000017
32.67
1.6700000000000017
7.670000000000002
1.6700000000000017
3.6700000000000017
30.67
-4.329999999999998
35.67
0.6700000000000017
31.67
1.6700000000000017
31.67
-1.3299999999999983
33.67
0.6700000000000017
31.67
-0.3299999999999983
35.67
-3.3299999999999983
34.67
3.6700000000000017
35.67
-1.3299999999999983
-4.329999999999998
-1.3299999999999983
-0.3299999999999983
1.6700000000000017
-0.3299999999999983
29.67
-7.329999999999998
-7.329999999999998
315.67
0.6700000000000017
27.67
2.6700000000000017
32.67
-0.3299999999999983
28.67
0.6700000000000017
33.67
-29.33
40.67
-1.3299999999999983
33.67
-12.329999999999998
32.67
72.67
-1.3299999999999983
33.67
1.6700000000000017
30.67
-3.3299999999999983
29.67
-0.3299999999999983
33.67
-4.329999999999998
35.67
-4.329999999999998
31.67
-0.3299999999999983
32.67
-1.3299999999999983
31.67
-0.3299999999999983
32.67
-1.3299999999999983
1.6700000000000017
32.67
0.6700000000000017
31.67
-0.3299999999999983
-3.3299999999999983
-6.329999999999998
31.67
2.6700000000000017
-0.3299999999999983
31.67
-1.3299999999999983
32.67
3.6700000000000017
30.67
3.6700000000000017
27.67
-1.3299999999999983
0.6700000000000017
1.6700000000000017
3.6700000000000017
1.6700000000000017
31.67
-3.3299999999999983
36.67
0.6700000000000017
32.67
-1.3299999999999983
29.67
3.6700000000000017
28.67
1.6700000000000017
1.6700000000000017
0.6700000000000017
33.67
1.6700000000000017
30.67
2.6700000000000017
0.6700000000000017
28.67
-1.3299999999999983
35.67
-2.3299999999999983
31.67
3.6700000000000017
3.6700000000000017
32.67
2.6700000000000017
37.67
-3.3299999999999983
1.6700000000000017
30.67
-1.3299999999999983
46.67
0.6700000000000017
-1.3299999999999983
1.6700000000000017
30.67
-1.3299999999999983
28.67
0.6700000000000017
31.67
-5.329999999999998
3.6700000000000017
33.67
-0.3299999999999983
32.67
0.6700000000000017
0.6700000000000017
32.67
-5.329999999999998
-1.3299999999999983
31.67
-8.329999999999998
37.67
-2.3299999999999983
0.6700000000000017
32.67
0.6700000000000017
32.67
-0.3299999999999983
33.67
0.6700000000000017
-0.3299999999999983
-4.329999999999998
-6.329999999999998
-1.3299999999999983
35.67
-1.3299999999999983
34.67
0.6700000000000017
30.67
-1.3299999999999983
35.67
1.6700000000000017
30.67
0.6700000000000017
30.67
-0.3299999999999983
31.67
0.6700000000000017
30.67
-2.3299999999999983
30.67
1.6700000000000017
31.67
-0.3299999999999983
35.67
-4.329999999999998
29.67
-3.3299999999999983
33.67
-0.3299999999999983
-4.329999999999998
32.67
-1.3299999999999983
33.67
-0.3299999999999983
-1.3299999999999983
26.67
-12.329999999999998
34.67
-4.329999999999998
32.67
1.6700000000000017
35.67
0.6700000000000017
33.67
-0.3299999999999983
33.67
0.6700000000000017
0.6700000000000017
-6.329999999999998
-0.3299999999999983
32.67
2.6700000000000017
29.67
144.67000000000002
-1.3299999999999983
31.67
1.6700000000000017
27.67
-0.3299999999999983
33.67
2.6700000000000017
31.67
1.6700000000000017
32.67
1.6700000000000017
30.67
-6.329999999999998
3.6700000000000017
-1.3299999999999983
-0.3299999999999983
32.67
0.6700000000000017
30.67
-1.3299999999999983
32.67
-0.3299999999999983
-0.3299999999999983
5.670000000000002
-8.329999999999998
27.67
0.6700000000000017
-1.3299999999999983
-1.3299999999999983
0.6700000000000017
31.67
-1.3299999999999983
-3.3299999999999983
1.6700000000000017
29.67
-1.3299999999999983
30.67
0.6700000000000017
29.67
-3.3299999999999983
-1.3299999999999983
34.67
460.67
31.67
-1.3299999999999983
33.67
2.6700000000000017
32.67
-1.3299999999999983
0.6700000000000017
1.6700000000000017
-0.3299999999999983
27.67
0.6700000000000017
0.6700000000000017
31.67
1.6700000000000017
1.6700000000000017
32.67
0.6700000000000017
-1.3299999999999983
297.67
28.67
-3.3299999999999983
32.67
2.6700000000000017
35.67
-0.3299999999999983
-0.3299999999999983
31.67
-0.3299999999999983
31.67
-2.3299999999999983
27.67
-1.3299999999999983
4.670000000000002
-2.3299999999999983
33.67
1.6700000000000017
29.67
-1.3299999999999983
-2.3299999999999983
27.67
-3.3299999999999983
-3.3299999999999983
0.6700000000000017
3.6700000000000017
31.67
0.6700000000000017
31.67
3.6700000000000017
29.67
3.6700000000000017
31.67
-1.3299999999999983
31.67
-4.329999999999998
0.6700000000000017
32.67
-3.3299999999999983
31.67
4.670000000000002
31.67
1.6700000000000017
32.67
-2.3299999999999983
-1.3299999999999983
31.67
0.6700000000000017
-23.33
38.67
-2.3299999999999983
30.67
-0.3299999999999983
32.67
-7.329999999999998
3.6700000000000017
32.67
2.6700000000000017
-0.3299999999999983
2.6700000000000017
0.6700000000000017
-3.3299999999999983
28.67
4.670000000000002
107.67
31.67
-1.3299999999999983
31.67
0.6700000000000017
29.67
3.6700000000000017
29.67
2.6700000000000017
34.67
0.6700000000000017
35.67
-4.329999999999998
35.67
0.6700000000000017
0.6700000000000017
30.67
2.6700000000000017
33.67
0.6700000000000017
28.67
1.6700000000000017
31.67
0.6700000000000017
3.6700000000000017
31.67
-3.3299999999999983
-11.329999999999998
34.67
1.6700000000000017
30.67
0.6700000000000017
32.67
-9.329999999999998
3.6700000000000017
30.67
-4.329999999999998
26.67
-1.3299999999999983
36.67
0.6700000000000017
32.67
-3.3299999999999983
0.6700000000000017
-8.329999999999998
32.67
-11.329999999999998
-2.3299999999999983
33.67
-0.3299999999999983
-0.3299999999999983
-3.3299999999999983
0.6700000000000017
1.6700000000000017
31.67
-0.3299999999999983
29.67
-1.3299999999999983
-1.3299999999999983
-0.3299999999999983
28.67
-7.329999999999998
32.67
-5.329999999999998
30.67
8.670000000000002
0.6700000000000017
30.67
-7.329999999999998
33.67
2.6700000000000017
2.6700000000000017
-3.3299999999999983
28.67
0.6700000000000017
4.670000000000002
28.67
0.6700000000000017
-4.329999999999998
97.67
0.6700000000000017
-1.3299999999999983
2.6700000000000017
-1.3299999999999983
3.6700000000000017
31.67
-3.3299999999999983
-4.329999999999998
-3.3299999999999983
31.67
-2.3299999999999983
-7.329999999999998
30.67
-1.3299999999999983
31.67
-9.329999999999998
29.67
0.6700000000000017
1.6700000000000017
-2.3299999999999983
28.67
-2.3299999999999983
32.67
0.6700000000000017
1.6700000000000017
32.67
-0.3299999999999983
-1.3299999999999983
1.6700000000000017
32.67
-0.3299999999999983
33.67
3.6700000000000017
33.67
-4.329999999999998
33.67
2.6700000000000017
35.67
-8.329999999999998
35.67
0.6700000000000017
33.67
-1.3299999999999983
33.67
107.67
-1.3299999999999983
30.67
-1.3299999999999983
0.6700000000000017
32.67
0.6700000000000017
27.67
-1.3299999999999983
-0.3299999999999983
-0.3299999999999983
30.67
4.670000000000002
0.6700000000000017
30.67
-2.3299999999999983
32.67
4.670000000000002
-1.3299999999999983
30.67
-10.329999999999998
33.67
-3.3299999999999983
33.67
3.6700000000000017
-5.329999999999998
32.67
1.6700000000000017
-0.3299999999999983
-8.329999999999998
-3.3299999999999983
4.670000000000002
32.67
3.6700000000000017
31.67
0.6700000000000017
1.6700000000000017
32.67
-3.3299999999999983
3.6700000000000017
107.67
31.67
0.6700000000000017
0.6700000000000017
0.6700000000000017
-0.3299999999999983
-3.3299999999999983
1.6700000000000017
30.67
1.6700000000000017
1.6700000000000017
0.6700000000000017
-1.3299999999999983
2.6700000000000017
32.67
-4.329999999999998
33.67
0.6700000000000017
-1.3299999999999983
32.67
-4.329999999999998
2.6700000000000017
3.6700000000000017
-0.3299999999999983
2.6700000000000017
32.67
-7.329999999999998
4.670000000000002
31.67
0.6700000000000017
-4.329999999999998
31.67
2.6700000000000017
-4.329999999999998
-5.329999999999998
33.67
5.670000000000002
-4.329999999999998
30.67
0.6700000000000017
32.67
-1.3299999999999983
-1.3299999999999983
31.67
0.6700000000000017
33.67
1.6700000000000017
31.67
-3.3299999999999983
32.67
0.6700000000000017
-1.3299999999999983
-20.33
32.67
456.67
31.67
2.6700000000000017
28.67
0.6700000000000017
1.6700000000000017
2.6700000000000017
29.67
1.6700000000000017
0.6700000000000017
-4.329999999999998
31.67
-2.3299999999999983
-1.3299999999999983
-2.3299999999999983
33.67
0.6700000000000017
-3.3299999999999983
2.6700000000000017
32.67
-4.329999999999998
138.67000000000002
-1.3299999999999983
33.67
-1.3299999999999983
-4.329999999999998
2.6700000000000017
32.67
-3.3299999999999983
-6.329999999999998
-3.3299999999999983
32.67
-0.3299999999999983
0.6700000000000017
33.67
-3.3299999999999983
31.67
-1.3299999999999983
28.67
0.6700000000000017
30.67
2.6700000000000017
0.6700000000000017
36.67
140.67000000000002
-0.3299999999999983
33.67
-1.3299999999999983
32.67
4.670000000000002
-2.3299999999999983
33.67
2.6700000000000017
-5.329999999999998
-1.3299999999999983
-3.3299999999999983
3.6700000000000017
31.67
-4.329999999999998
32.67
-0.3299999999999983
-2.3299999999999983
400.67
28.67
-0.3299999999999983
0.6700000000000017
-0.3299999999999983
68.67
-0.3299999999999983
27.67
-3.3299999999999983
32.67
0.6700000000000017
1.6700000000000017
0.6700000000000017
30.67
-7.329999999999998
32.67
-1.3299999999999983
2.6700000000000017
33.67
1.6700000000000017
30.67
-0.3299999999999983
-4.329999999999998
-2.3299999999999983
-0.3299999999999983
29.67
2.6700000000000017
30.67
90.67
31.67
-2.3299999999999983
3.6700000000000017
-1.3299999999999983
33.67
0.6700000000000017
-3.3299999999999983
30.67
-4.329999999999998
26.67
0.6700000000000017
-0.3299999999999983
34.67
2.6700000000000017
38.67
2.6700000000000017
-3.3299999999999983
32.67
3.6700000000000017
0.6700000000000017
-3.3299999999999983
31.67
0.6700000000000017
31.67
-5.329999999999998
32.67
-7.329999999999998
35.67
-0.3299999999999983
38.67
-4.329999999999998
33.67
-11.329999999999998
32.67
-4.329999999999998
3.6700000000000017
56.67
30.67
-0.3299999999999983
0.6700000000000017
-7.329999999999998
5.670000000000002
30.67
2.6700000000000017
1.6700000000000017
28.67
-5.329999999999998
-0.3299999999999983
34.67
-0.3299999999999983
-0.3299999999999983
31.67
-0.3299999999999983
27.67
0.6700000000000017
30.67
-9.329999999999998
31.67
-2.3299999999999983
31.67
2.6700000000000017
2.6700000000000017
35.67
0.6700000000000017
0.6700000000000017
-4.329999999999998
-5.329999999999998
0.6700000000000017
-1.3299999999999983
27.67
-4.329999999999998
28.67
-16.33
35.67
-0.3299999999999983
28.67
-5.329999999999998
32.67
-3.3299999999999983
32.67
-2.3299999999999983
29.67
0.6700000000000017
1.6700000000000017
32.67
-0.3299999999999983
-0.3299999999999983
-0.3299999999999983
118.67
32.67
1.6700000000000017
1.6700000000000017
33.67
0.6700000000000017
0.6700000000000017
30.67
0.6700000000000017
30.67
103.67
33.67
2.6700000000000017
0.6700000000000017
0.6700000000000017
32.67
0.6700000000000017
30.67
-1.3299999999999983
32.67
-0.3299999999999983
34.67
4.670000000000002
34.67
3.6700000000000017
4.670000000000002
32.67
-2.3299999999999983
-4.329999999999998
30.67
2.6700000000000017
30.67
-3.3299999999999983
28.67
0.6700000000000017
32.67
-1.3299999999999983
-1.3299999999999983
-0.3299999999999983
1.6700000000000017
2.6700000000000017
32.67
2.6700000000000017
32.67
-4.329999999999998
32.67
-25.33
32.67
-1.3299999999999983
-1.3299999999999983
32.67
-1.3299999999999983
-1.3299999999999983
0.6700000000000017
28.67
2.6700000000000017
0.6700000000000017
0.6700000000000017
1.6700000000000017
32.67
1.6700000000000017
33.67
-3.3299999999999983
32.67
-9.329999999999998
30.67
-1.3299999999999983
-1.3299999999999983
-1.3299999999999983
31.67
-4.329999999999998
31.67
-4.329999999999998
89.67
29.67
3.6700000000000017
-3.3299999999999983
32.67
-1.3299999999999983
31.67
1.6700000000000017
-4.329999999999998
33.67
0.6700000000000017
0.6700000000000017
-1.3299999999999983
30.67
-3.3299999999999983
35.67
-8.329999999999998
31.67
2.6700000000000017
2.6700000000000017
3.6700000000000017
3.6700000000000017
30.67
0.6700000000000017
1.6700000000000017
-2.3299999999999983
2.6700000000000017
30.67
-2.3299999999999983
-1.3299999999999983
30.67
1.6700000000000017
35.67
3.6700000000000017
0.6700000000000017
71.67
31.67
2.6700000000000017
34.67
-0.3299999999999983
0.6700000000000017
35.67
1.6700000000000017
33.67
1.6700000000000017
31.67
3.6700000000000017
30.67
2.6700000000000017
3.6700000000000017
0.6700000000000017
28.67
-1.3299999999999983
31.67
-0.3299999999999983
-0.3299999999999983
30.67
0.6700000000000017
32.67
0.6700000000000017
35.67
-4.329999999999998
31.67
1.6700000000000017
31.67
3.6700000000000017
-1.3299999999999983
2.6700000000000017
33.67
2.6700000000000017
35.67
0.6700000000000017
31.67
3.6700000000000017
-0.3299999999999983
32.67
141.67000000000002
-9.329999999999998
32.67
0.6700000000000017
33.67
3.6700000000000017
-4.329999999999998
4.670000000000002
-12.329999999999998
35.67
-1.3299999999999983
30.67
0.6700000000000017
-1.3299999999999983
-2.3299999999999983
0.6700000000000017
4.670000000000002
31.67
-2.3299999999999983
33.67
-1.3299999999999983
36.67
0.6700000000000017
-0.3299999999999983
0.6700000000000017
31.67
-3.3299999999999983
28.67
0.6700000000000017
32.67
-3.3299999999999983
36.67
-7.329999999999998
-3.3299999999999983
32.67
-12.329999999999998
33.67
136.67000000000002
1.6700000000000017
28.67
-3.3299999999999983
28.67
0.6700000000000017
28.67
-3.3299999999999983
0.6700000000000017
30.67
-3.3299999999999983
1.6700000000000017
-4.329999999999998
-1.3299999999999983
2.6700000000000017
31.67
-1.3299999999999983
33.67
2.6700000000000017
32.67
-1.3299999999999983
31.67
3.6700000000000017
1.6700000000000017
-0.3299999999999983
36.67
274.67
33.67
0.6700000000000017
31.67
-5.329999999999998
30.67
3.6700000000000017
-3.3299999999999983
30.67
-5.329999999999998
38.67
-1.3299999999999983
-4.329999999999998
32.67
-0.3299999999999983
34.67
-4.329999999999998
35.67
-0.3299999999999983
-1.3299999999999983
32.67
-5.329999999999998
24.67
-0.3299999999999983
32.67
-1.3299999999999983
32.67
6.670000000000002
32.67
0.6700000000000017
31.67
-0.3299999999999983
32.67
-0.3299999999999983
32.67
0.6700000000000017
-3.3299999999999983
28.67
-0.3299999999999983
-0.3299999999999983
28.67
-3.3299999999999983
3.6700000000000017
1.6700000000000017
31.67
-1.3299999999999983
32.67
3.6700000000000017
30.67
-2.3299999999999983
-0.3299999999999983
-2.3299999999999983
28.67
0.6700000000000017
31.67
0.6700000000000017
1.6700000000000017
-1.3299999999999983
32.67
-0.3299999999999983
-1.3299999999999983
31.67
116.67
-7.329999999999998
30.67
-3.3299999999999983
0.6700000000000017
-0.3299999999999983
35.67
-5.329999999999998
-0.3299999999999983
30.67
1.6700000000000017
1.6700000000000017
33.67
0.6700000000000017
-4.329999999999998
32.67
61.67
-0.3299999999999983
34.67
382.67
-0.3299999999999983
32.67
-0.3299999999999983
0.6700000000000017
30.67
1.6700000000000017
34.67
1.6700000000000017
29.67
-0.3299999999999983
0.6700000000000017
-1.3299999999999983
-2.3299999999999983
31.67
-3.3299999999999983
1.6700000000000017
30.67
-2.3299999999999983
34.67
1.6700000000000017
29.67
3.6700000000000017
33.67
-5.329999999999998
-1.3299999999999983
32.67
-0.3299999999999983
1.6700000000000017
34.67
0.6700000000000017
28.67
-5.329999999999998
3.6700000000000017
-1.3299999999999983
28.67
-5.329999999999998
38.67
-0.3299999999999983
35.67
-12.329999999999998
31.67
2.6700000000000017
0.6700000000000017
33.67
3.6700000000000017
31.67
-1.3299999999999983
32.67
2.6700000000000017
-9.329999999999998
34.67
5.670000000000002
4.670000000000002
32.67
120.67
30.67
-0.3299999999999983
29.67
-15.329999999999998
32.67
3.6700000000000017
-0.3299999999999983
33.67
33.67
-1.3299999999999983
-1.3299999999999983
-1.3299999999999983
1.6700000000000017
0.6700000000000017
-1.3299999999999983
30.67
1.6700000000000017
0.6700000000000017
-0.3299999999999983
31.67
-4.329999999999998
-7.329999999999998
32.67
-4.329999999999998
29.67
-1.3299999999999983
185.67000000000002
29.67
-9.329999999999998
28.67
0.6700000000000017
32.67
-0.3299999999999983
-1.3299999999999983
32.67
6.670000000000002
32.67
-9.329999999999998
36.67
1.6700000000000017
33.67
-0.3299999999999983
28.67
-0.3299999999999983
-1.3299999999999983
-1.3299999999999983
34.67
-7.329999999999998
-2.3299999999999983
32.67
-2.3299999999999983
30.67
-2.3299999999999983
1.6700000000000017
30.67
-1.3299999999999983
30.67
-7.329999999999998
38.67
2.6700000000000017
31.67
0.6700000000000017
36.67
-5.329999999999998
32.67
-5.329999999999998
31.67
-0.3299999999999983
34.67
-4.329999999999998
30.67
-0.3299999999999983
32.67
1.6700000000000017
-0.3299999999999983
33.67
-0.3299999999999983
32.67
-2.3299999999999983
31.67
0.6700000000000017
35.67
-1.3299999999999983
-7.329999999999998
30.67
3.6700000000000017
35.67
-0.3299999999999983
-0.3299999999999983
28.67
2.6700000000000017
34.67
-3.3299999999999983
33.67
1.6700000000000017
-1.3299999999999983
31.67
-7.329999999999998
-2.3299999999999983
35.67
-7.329999999999998
2.6700000000000017
-7.329999999999998
-0.3299999999999983
0.6700000000000017
27.67
0.6700000000000017
1.6700000000000017
-8.329999999999998
35.67
-1.3299999999999983
30.67
3.6700000000000017
0.6700000000000017
32.67
0.6700000000000017
-0.3299999999999983
28.67
-4.329999999999998
32.67
4.670000000000002
0.6700000000000017
-4.329999999999998
27.67
1.6700000000000017
-3.3299999999999983
26.67
3.6700000000000017
34.67
0.6700000000000017
34.67
-4.329999999999998
34.67
0.6700000000000017
35.67
0.6700000000000017
29.67
3.6700000000000017
2.6700000000000017
1.6700000000000017
33.67
0.6700000000000017
-7.329999999999998
36.67
-6.329999999999998
-1.3299999999999983
-0.3299999999999983
27.67
-6.329999999999998
30.67
3.6700000000000017
30.67
-8.329999999999998
30.67
3.6700000000000017
0.6700000000000017
2.6700000000000017
32.67
-4.329999999999998
27.67
3.6700000000000017
-1.3299999999999983
27.67
-1.3299999999999983
-4.329999999999998
35.67
0.6700000000000017
33.67
-1.3299999999999983
31.67
2.6700000000000017
0.6700000000000017
32.67
1.6700000000000017
-2.3299999999999983
0.6700000000000017
32.67
0.6700000000000017
-2.3299999999999983
40.67
-4.329999999999998
-0.3299999999999983
36.67
3.6700000000000017
1.6700000000000017
29.67
-0.3299999999999983
-3.3299999999999983
3.6700000000000017
0.6700000000000017
1.6700000000000017
1.6700000000000017
-6.329999999999998
33.67
-1.3299999999999983
30.67
-3.3299999999999983
-3.3299999999999983
30.67
0.6700000000000017
-0.3299999999999983
33.67
0.6700000000000017
32.67
-5.329999999999998
30.67
-5.329999999999998
33.67
-0.3299999999999983
27.67
-1.3299999999999983
31.67
0.6700000000000017
33.67
3.6700000000000017
-2.3299999999999983
-1.3299999999999983
0.6700000000000017
0.6700000000000017
1.6700000000000017
0.6700000000000017
27.67
-1.3299999999999983
1.6700000000000017
-0.3299999999999983
31.67
-0.3299999999999983
30.67
0.6700000000000017
-8.329999999999998
1.6700000000000017
32.67
-0.3299999999999983
26.67
-0.3299999999999983
2.6700000000000017
33.67
2.6700000000000017
2.6700000000000017
-0.3299999999999983
0.6700000000000017
0.6700000000000017
-2.3299999999999983
31.67
241.67000000000002
31.67
-0.3299999999999983
32.67
-6.329999999999998
32.67
0.6700000000000017
32.67
180.67000000000002
-1.3299999999999983
-4.329999999999998
30.67
-1.3299999999999983
35.67
-3.3299999999999983
0.6700000000000017
-0.3299999999999983
-0.3299999999999983
32.67
-0.3299999999999983
5.670000000000002
27.67
3.6700000000000017
32.67
-3.3299999999999983
28.67
-3.3299999999999983
7.670000000000002
27.67
0.6700000000000017
-3.3299999999999983
-3.3299999999999983
30.67
-3.3299999999999983
1.6700000000000017
1.6700000000000017
-14.329999999999998
34.67
-7.329999999999998
35.67
1.6700000000000017
35.67
-22.33
32.67
0.6700000000000017
-1.3299999999999983
0.6700000000000017
33.67
-0.3299999999999983
27.67
3.6700000000000017
27.67
-48.33
51.67
3.6700000000000017
28.67
0.6700000000000017
33.67
0.6700000000000017
0.6700000000000017
1.6700000000000017
-0.3299999999999983
31.67
-1.3299999999999983
34.67
2.6700000000000017
30.67
1.6700000000000017
31.67
-1.3299999999999983
-0.3299999999999983
32.67
-1.3299999999999983
35.67
-0.3299999999999983
31.67
5.670000000000002
-0.3299999999999983
2.6700000000000017
-7.329999999999998
-1.3299999999999983
31.67
-15.329999999999998
30.67
0.6700000000000017
2.6700000000000017
0.6700000000000017
31.67
-4.329999999999998
34.67
-1.3299999999999983
30.67
-8.329999999999998
33.67
-4.329999999999998
31.67
-0.3299999999999983
31.67
3.6700000000000017
30.67
-4.329999999999998
31.67
-1.3299999999999983
32.67
-0.3299999999999983
30.67
-10.329999999999998
28.67
0.6700000000000017
31.67
-4.329999999999998
0.6700000000000017
28.67
-0.3299999999999983
34.67
-4.329999999999998
33.67
0.6700000000000017
33.67
0.6700000000000017
0.6700000000000017
30.67
0.6700000000000017
-0.3299999999999983
31.67
-0.3299999999999983
31.67
-4.329999999999998
-0.3299999999999983
-0.3299999999999983
30.67
-1.3299999999999983
-1.3299999999999983
34.67
1.6700000000000017
32.67
-2.3299999999999983
33.67
-1.3299999999999983
-1.3299999999999983
1.6700000000000017
-1.3299999999999983
32.67
-5.329999999999998
6.670000000000002
0.6700000000000017
-0.3299999999999983
30.67
4.670000000000002
30.67
0.6700000000000017
-0.3299999999999983
33.67
1.6700000000000017
33.67
1.6700000000000017
0.6700000000000017
33.67
-0.3299999999999983
33.67
-1.3299999999999983
-2.3299999999999983
-3.3299999999999983
-2.3299999999999983
0.6700000000000017
1.6700000000000017
31.67
-0.3299999999999983
35.67
-1.3299999999999983
-19.33
35.67
0.6700000000000017
1.6700000000000017
28.67
-27.33
38.67
-0.3299999999999983
32.67
-3.3299999999999983
-2.3299999999999983
-0.3299999999999983
-1.3299999999999983
30.67
0.6700000000000017
0.6700000000000017
181.67000000000002
-3.3299999999999983
-4.329999999999998
28.67
0.6700000000000017
1.6700000000000017
30.67
-4.329999999999998
35.67
0.6700000000000017
34.67
0.6700000000000017
31.67
-9.329999999999998
28.67
2.6700000000000017
31.67
-8.329999999999998
30.67
1.6700000000000017
1.6700000000000017
1.6700000000000017
32.67
-0.3299999999999983
30.67
-2.3299999999999983
30.67
-1.3299999999999983
27.67
-0.3299999999999983
-2.3299999999999983
31.67
-2.3299999999999983
35.67
-1.3299999999999983
1.6700000000000017
32.67
3.6700000000000017
30.67
-1.3299999999999983
28.67
112.67
29.67
7.670000000000002
1.6700000000000017
36.67
0.6700000000000017
28.67
2.6700000000000017
28.67
94.67
32.67
-3.3299999999999983
33.67
5.670000000000002
31.67
-1.3299999999999983
-4.329999999999998
-7.329999999999998
1.6700000000000017
32.67
0.6700000000000017
27.67
4.670000000000002
-0.3299999999999983
33.67
1.6700000000000017
0.6700000000000017
2.6700000000000017
29.67
-0.3299999999999983
31.67
-8.329999999999998
32.67
5.670000000000002
-4.329999999999998
31.67
0.6700000000000017
32.67
110.67
360.67
31.67
315.67
-0.3299999999999983
34.67
-3.3299999999999983
-4.329999999999998
34.67
-7.329999999999998
3.6700000000000017
32.67
-12.329999999999998
30.67
-1.3299999999999983
-1.3299999999999983
34.67
-5.329999999999998
-1.3299999999999983
33.67
-33.33
39.67
1.6700000000000017
-4.329999999999998
0.6700000000000017
83.67
-1.3299999999999983
30.67
-3.3299999999999983
1.6700000000000017
33.67
3.6700000000000017
30.67
2.6700000000000017
3.6700000000000017
32.67
1.6700000000000017
32.67
0.6700000000000017
-2.3299999999999983
30.67
-4.329999999999998
32.67
-3.3299999999999983
-13.329999999999998
30.67
0.6700000000000017
31.67
2.6700000000000017
-1.3299999999999983
34.67
1.6700000000000017
0.6700000000000017
30.67
4.670000000000002
-3.3299999999999983
31.67
-4.329999999999998
32.67
-5.329999999999998
0.6700000000000017
35.67
-1.3299999999999983
33.67
3.6700000000000017
4.670000000000002
32.67
0.6700000000000017
30.67
2.6700000000000017
-1.3299999999999983
-0.3299999999999983
35.67
-0.3299999999999983
0.6700000000000017
32.67
-0.3299999999999983
27.67
-1.3299999999999983
36.67
-1.3299999999999983
35.67
-3.3299999999999983
-0.3299999999999983
-5.329999999999998
30.67
92.67
30.67
-29.33
42.67
0.6700000000000017
31.67
0.6700000000000017
-20.33
33.67
3.6700000000000017
31.67
-0.3299999999999983
-0.3299999999999983
31.67
0.6700000000000017
-1.3299999999999983
-2.3299999999999983
31.67
-2.3299999999999983
0.6700000000000017
33.67
-4.329999999999998
-0.3299999999999983
33.67
-0.3299999999999983
31.67
-6.329999999999998
-1.3299999999999983
2.6700000000000017
32.67
-20.33
36.67
0.6700000000000017
28.67
-14.329999999999998
-2.3299999999999983
0.6700000000000017
32.67
-13.329999999999998
-5.329999999999998
-1.3299999999999983
1.6700000000000017
1.6700000000000017
33.67
362.67
-3.3299999999999983
1.6700000000000017
40.67
-1.3299999999999983
-7.329999999999998
32.67
2.6700000000000017
33.67
-0.3299999999999983
32.67
-23.33
35.67
1.6700000000000017
3.6700000000000017
31.67
1.6700000000000017
-14.329999999999998
32.67
-5.329999999999998
-1.3299999999999983
1.6700000000000017
1.6700000000000017
34.67
-1.3299999999999983
-3.3299999999999983
31.67
-3.3299999999999983
33.67
6.670000000000002
30.67
-3.3299999999999983
30.67
-7.329999999999998
-1.3299999999999983
30.67
0.6700000000000017
36.67
0.6700000000000017
0.6700000000000017
33.67
0.6700000000000017
30.67
-1.3299999999999983
0.6700000000000017
0.6700000000000017
32.67
-5.329999999999998
-3.3299999999999983
-1.3299999999999983
-2.3299999999999983
33.67
-6.329999999999998
32.67
55.67
34.67
-0.3299999999999983
-2.3299999999999983
31.67
-4.329999999999998
32.67
-4.329999999999998
0.6700000000000017
34.67
0.6700000000000017
28.67
-1.3299999999999983
0.6700000000000017
32.67
-0.3299999999999983
-1.3299999999999983
28.67
3.6700000000000017
1.6700000000000017
32.67
2.6700000000000017
3.6700000000000017
29.67
2.6700000000000017
-0.3299999999999983
-0.3299999999999983
26.67
-11.329999999999998
28.67
0.6700000000000017
-16.33
36.67
391.67
32.67
-2.3299999999999983
34.67
-1.3299999999999983
32.67
3.6700000000000017
-4.329999999999998
32.67
2.6700000000000017
33.67
2.6700000000000017
34.67
-3.3299999999999983
33.67
4.670000000000002
31.67
-4.329999999999998
33.67
-1.3299999999999983
31.67
2.6700000000000017
-1.3299999999999983
28.67
-1.3299999999999983
-2.3299999999999983
0.6700000000000017
-0.3299999999999983
28.67
3.6700000000000017
-1.3299999999999983
32.67
-0.3299999999999983
35.67
0.6700000000000017
30.67
5.670000000000002
-1.3299999999999983
30.67
1.6700000000000017
0.6700000000000017
0.6700000000000017
30.67
-47.33
56.67
0.6700000000000017
1.6700000000000017
58.67
27.67
-10.329999999999998
30.67
-1.3299999999999983
3.6700000000000017
33.67
3.6700000000000017
-3.3299999999999983
29.67
-3.3299999999999983
-5.329999999999998
0.6700000000000017
-5.329999999999998
1.6700000000000017
36.67
-1.3299999999999983
31.67
0.6700000000000017
0.6700000000000017
32.67
-1.3299999999999983
31.67
0.6700000000000017
2.6700000000000017
34.67
-1.3299999999999983
32.67
-7.329999999999998
2.6700000000000017
0.6700000000000017
29.67
-4.329999999999998
30.67
0.6700000000000017
-1.3299999999999983
32.67
0.6700000000000017
-6.329999999999998
31.67
0.6700000000000017
-2.3299999999999983
33.67
-1.3299999999999983
-0.3299999999999983
2.6700000000000017
31.67
-4.329999999999998
32.67
-7.329999999999998
30.67
-5.329999999999998
26.67
0.6700000000000017
-4.329999999999998
29.67
1.6700000000000017
31.67
384.67
34.67
-1.3299999999999983
-3.3299999999999983
3.6700000000000017
0.6700000000000017
35.67
0.6700000000000017
-0.3299999999999983
1.6700000000000017
37.67
-0.3299999999999983
0.6700000000000017
33.67
-0.3299999999999983
-0.3299999999999983
1.6700000000000017
35.67
1.6700000000000017
-0.3299999999999983
-3.3299999999999983
-1.3299999999999983
-12.329999999999998
-0.3299999999999983
33.67
0.6700000000000017
32.67
1.6700000000000017
0.6700000000000017
30.67
304.67
-1.3299999999999983
2.6700000000000017
0.6700000000000017
-4.329999999999998
1.6700000000000017
182.67000000000002
-2.3299999999999983
34.67
-0.3299999999999983
31.67
-1.3299999999999983
29.67
-1.3299999999999983
2.6700000000000017
34.67
0.6700000000000017
27.67
3.6700000000000017
37.67
2.6700000000000017
-13.329999999999998
31.67
0.6700000000000017
31.67
0.6700000000000017
29.67
3.6700000000000017
33.67
6.670000000000002
-1.3299999999999983
29.67
2.6700000000000017
34.67
3.6700000000000017
28.67
-4.329999999999998
32.67
-0.3299999999999983
29.67
0.6700000000000017
32.67
-0.3299999999999983
32.67
0.6700000000000017
1.6700000000000017
5.670000000000002
28.67
-10.329999999999998
31.67
-2.3299999999999983
31.67
-1.3299999999999983
31.67
1.6700000000000017
1.6700000000000017
-2.3299999999999983
-3.3299999999999983
33.67
381.67
-0.3299999999999983
34.67
-1.3299999999999983
30.67
0.6700000000000017
-0.3299999999999983
32.67
-1.3299999999999983
0.6700000000000017
32.67
-9.329999999999998
31.67
-2.3299999999999983
34.67
2.6700000000000017
0.6700000000000017
33.67
0.6700000000000017
28.67
1.6700000000000017
1.6700000000000017
187.67000000000002
-23.33
35.67
-0.3299999999999983
0.6700000000000017
2.6700000000000017
32.67
0.6700000000000017
32.67
-3.3299999999999983
0.6700000000000017
3.6700000000000017
32.67
252.67000000000002
30.67
-4.329999999999998
30.67
0.6700000000000017
-0.3299999999999983
32.67
-4.329999999999998
32.67
-3.3299999999999983
32.67
-0.3299999999999983
33.67
1.6700000000000017
32.67
-0.3299999999999983
1.6700000000000017
2.6700000000000017
-1.3299999999999983
0.6700000000000017
1.6700000000000017
-2.3299999999999983
4.670000000000002
-0.3299999999999983
30.67
84.67
31.67
-4.329999999999998
32.67
0.6700000000000017
29.67
-0.3299999999999983
3.6700000000000017
-1.3299999999999983
36.67
-3.3299999999999983
0.6700000000000017
31.67
-6.329999999999998
33.67
0.6700000000000017
0.6700000000000017
28.67
1.6700000000000017
29.67
-4.329999999999998
34.67
1.6700000000000017
0.6700000000000017
0.6700000000000017
5.670000000000002
35.67
0.6700000000000017
4.670000000000002
3.6700000000000017
-0.3299999999999983
30.67
3.6700000000000017
-40.33
44.67
5.670000000000002
32.67
6.670000000000002
0.6700000000000017
35.67
3.6700000000000017
-4.329999999999998
33.67
-2.3299999999999983
-3.3299999999999983
30.67
4.670000000000002
30.67
-1.3299999999999983
-2.3299999999999983
-15.329999999999998
-16.33
32.67
0.6700000000000017
37.67
-1.3299999999999983
-4.329999999999998
31.67
3.6700000000000017
1.6700000000000017
34.67
-4.329999999999998
-7.329999999999998
35.67
-18.33
33.67
-6.329999999999998
-1.3299999999999983
36.67
-0.3299999999999983
-1.3299999999999983
0.6700000000000017
-6.329999999999998
47.67
34.67
-6.329999999999998
30.67
-0.3299999999999983
-4.329999999999998
30.67
1.6700000000000017
33.67
1.6700000000000017
31.67
-3.3299999999999983
33.67
1.6700000000000017
31.67
-5.329999999999998
28.67
-1.3299999999999983
27.67
-0.3299999999999983
1.6700000000000017
33.67
0.6700000000000017
30.67
3.6700000000000017
31.67
2.6700000000000017
32.67
-4.329999999999998
-0.3299999999999983
2.6700000000000017
0.6700000000000017
32.67
-3.3299999999999983
31.67
-1.3299999999999983
31.67
0.6700000000000017
37.67
3.6700000000000017
-1.3299999999999983
33.67
0.6700000000000017
64.67
30.67
-4.329999999999998
33.67
1.6700000000000017
2.6700000000000017
32.67
3.6700000000000017
-0.3299999999999983
34.67
-3.3299999999999983
27.67
0.6700000000000017
30.67
-0.3299999999999983
-0.3299999999999983
31.67
-3.3299999999999983
36.67
1.6700000000000017
1.6700000000000017
29.67
-1.3299999999999983
-5.329999999999998
35.67
-1.3299999999999983
-3.3299999999999983
-1.3299999999999983
0.6700000000000017
0.6700000000000017
2.6700000000000017
34.67
3.6700000000000017
-0.3299999999999983
35.67
-1.3299999999999983
33.67
-6.329999999999998
1.6700000000000017
-14.329999999999998
0.6700000000000017
30.67
0.6700000000000017
33.67
-0.3299999999999983
-1.3299999999999983
1.6700000000000017
-1.3299999999999983
31.67
1.6700000000000017
3.6700000000000017
28.67
0.6700000000000017
0.6700000000000017
-1.3299999999999983
33.67
-3.3299999999999983
6.670000000000002
2.6700000000000017
0.6700000000000017
-4.329999999999998
-17.33
33.67
0.6700000000000017
0.6700000000000017
3.6700000000000017
6.670000000000002
-2.3299999999999983
30.67
3.6700000000000017
30.67
-0.3299999999999983
32.67
0.6700000000000017
27.67
-3.3299999999999983
33.67
2.6700000000000017
-2.3299999999999983
2.6700000000000017
31.67
-1.3299999999999983
30.67
-2.3299999999999983
1.6700000000000017
34.67
-1.3299999999999983
-0.3299999999999983
30.67
3.6700000000000017
32.67
2.6700000000000017
31.67
-4.329999999999998
0.6700000000000017
32.67
-0.3299999999999983
-1.3299999999999983
35.67
0.6700000000000017
-4.329999999999998
-13.329999999999998
31.67
-0.3299999999999983
31.67
-1.3299999999999983
35.67
-5.329999999999998
27.67
2.6700000000000017
1.6700000000000017
-1.3299999999999983
31.67
2.6700000000000017
32.67
-3.3299999999999983
48.67
0.6700000000000017
35.67
-0.3299999999999983
-1.3299999999999983
30.67
0.6700000000000017
0.6700000000000017
35.67
-3.3299999999999983
0.6700000000000017
-7.329999999999998
-1.3299999999999983
3.6700000000000017
-1.3299999999999983
32.67
-0.3299999999999983
3.6700000000000017
2.6700000000000017
-1.3299999999999983
2.6700000000000017
31.67
-2.3299999999999983
32.67
-0.3299999999999983
34.67
0.6700000000000017
-1.3299999999999983
32.67
-0.3299999999999983
30.67
0.6700000000000017
1.6700000000000017
29.67
-1.3299999999999983
28.67
4.670000000000002
32.67
-0.3299999999999983
-8.329999999999998
33.67
0.6700000000000017
33.67
-4.329999999999998
31.67
-3.3299999999999983
30.67
0.6700000000000017
-1.3299999999999983
30.67
0.6700000000000017
28.67
6.670000000000002
2.6700000000000017
31.67
-4.329999999999998
-0.3299999999999983
36.67
-1.3299999999999983
1.6700000000000017
32.67
-4.329999999999998
29.67
3.6700000000000017
3.6700000000000017
3.6700000000000017
31.67
-4.329999999999998
34.67
-3.3299999999999983
30.67
-4.329999999999998
27.67
-0.3299999999999983
-3.3299999999999983
3.6700000000000017
37.67
5.670000000000002
35.67
-1.3299999999999983
34.67
2.6700000000000017
32.67
-3.3299999999999983
31.67
0.6700000000000017
30.67
-0.3299999999999983
30.67
-0.3299999999999983
29.67
0.6700000000000017
29.67
-3.3299999999999983
34.67
-4.329999999999998
0.6700000000000017
31.67
0.6700000000000017
30.67
1.6700000000000017
29.67
2.6700000000000017
30.67
3.6700000000000017
29.67
0.6700000000000017
28.67
-0.3299999999999983
34.67
0.6700000000000017
28.67
-2.3299999999999983
-0.3299999999999983
-2.3299999999999983
30.67
-3.3299999999999983
35.67
-1.3299999999999983
4.670000000000002
33.67
-1.3299999999999983
31.67
2.6700000000000017
-1.3299999999999983
-0.3299999999999983
-3.3299999999999983
-6.329999999999998
-0.3299999999999983
32.67
-4.329999999999998
34.67
-9.329999999999998
31.67
-5.329999999999998
35.67
-1.3299999999999983
36.67
-4.329999999999998
29.67
1.6700000000000017
-1.3299999999999983
3.6700000000000017
34.67
-0.3299999999999983
35.67
-1.3299999999999983
1.6700000000000017
29.67
-1.3299999999999983
29.67
0.6700000000000017
30.67
-1.3299999999999983
-13.329999999999998
-1.3299999999999983
28.67
0.6700000000000017
39.67
2.6700000000000017
-1.3299999999999983
35.67
0.6700000000000017
33.67
-5.329999999999998
29.67
62.67
-3.3299999999999983
34.67
0.6700000000000017
31.67
-3.3299999999999983
32.67
0.6700000000000017
32.67
0.6700000000000017
33.67
-0.3299999999999983
32.67
-1.3299999999999983
32.67
0.6700000000000017
32.67
-0.3299999999999983
-2.3299999999999983
36.67
-7.329999999999998
31.67
0.6700000000000017
1.6700000000000017
-5.329999999999998
29.67
-0.3299999999999983
32.67
3.6700000000000017
-2.3299999999999983
-3.3299999999999983
-0.3299999999999983
1.6700000000000017
-0.3299999999999983
33.67
-1.3299999999999983
33.67
5.670000000000002
31.67
-2.3299999999999983
35.67
-0.3299999999999983
31.67
-7.329999999999998
-5.329999999999998
-0.3299999999999983
-0.3299999999999983
0.6700000000000017
35.67
-1.3299999999999983
35.67
-5.329999999999998
30.67
0.6700000000000017
28.67
-3.3299999999999983
0.6700000000000017
3.6700000000000017
0.6700000000000017
3.6700000000000017
32.67
1.6700000000000017
0.6700000000000017
0.6700000000000017
36.67
-7.329999999999998
32.67
-8.329999999999998
31.67
-1.3299999999999983
32.67
-4.329999999999998
33.67
-4.329999999999998
32.67
-0.3299999999999983
32.67
3.6700000000000017
31.67
0.6700000000000017
30.67
3.6700000000000017
32.67
4.670000000000002
27.67
-4.329999999999998
-0.3299999999999983
-8.329999999999998
32.67
2.6700000000000017
27.67
-1.3299999999999983
31.67
0.6700000000000017
-6.329999999999998
33.67
-1.3299999999999983
33.67
-4.329999999999998
30.67
0.6700000000000017
-1.3299999999999983
0.6700000000000017
0.6700000000000017
30.67
-3.3299999999999983
35.67
-1.3299999999999983
0.6700000000000017
-0.3299999999999983
32.67
0.6700000000000017
30.67
-0.3299999999999983
31.67
1.6700000000000017
26.67
3.6700000000000017
3.6700000000000017
34.67
-1.3299999999999983
33.67
2.6700000000000017
0.6700000000000017
30.67
-0.3299999999999983
33.67
0.6700000000000017
27.67
0.6700000000000017
1.6700000000000017
32.67
-9.329999999999998
35.67
-3.3299999999999983
27.67
-7.329999999999998
30.67
-0.3299999999999983
28.67
-3.3299999999999983
0.6700000000000017
0.6700000000000017
-1.3299999999999983
38.67
-15.329999999999998
31.67
-0.3299999999999983
31.67
-0.3299999999999983
33.67
1.6700000000000017
0.6700000000000017
2.6700000000000017
35.67
-3.3299999999999983
1.6700000000000017
320.67
31.67
0.6700000000000017
-1.3299999999999983
27.67
-0.3299999999999983
31.67
0.6700000000000017
27.67
0.6700000000000017
-0.3299999999999983
2.6700000000000017
4.670000000000002
30.67
-5.329999999999998
36.67
-0.3299999999999983
0.6700000000000017
29.67
-1.3299999999999983
32.67
-3.3299999999999983
-2.3299999999999983
30.67
2.6700000000000017
0.6700000000000017
30.67
-3.3299999999999983
32.67
3.6700000000000017
-11.329999999999998
1.6700000000000017
31.67
1.6700000000000017
-15.329999999999998
33.67
1.6700000000000017
0.6700000000000017
28.67
-3.3299999999999983
-11.329999999999998
32.67
-0.3299999999999983
30.67
6.670000000000002
30.67
1.6700000000000017
1.6700000000000017
30.67
0.6700000000000017
-6.329999999999998
35.67
1.6700000000000017
27.67
-2.3299999999999983
0.6700000000000017
30.67
0.6700000000000017
32.67
0.6700000000000017
27.67
-7.329999999999998
32.67
2.6700000000000017
26.67
-3.3299999999999983
0.6700000000000017
1.6700000000000017
27.67
-0.3299999999999983
1.6700000000000017
0.6700000000000017
-1.3299999999999983
1.6700000000000017
-0.3299999999999983
32.67
4.670000000000002
33.67
-12.329999999999998
33.67
1.6700000000000017
31.67
1.6700000000000017
-1.3299999999999983
33.67
-3.3299999999999983
2.6700000000000017
31.67
-5.329999999999998
3.6700000000000017
35.67
-1.3299999999999983
35.67
1.6700000000000017
0.6700000000000017
0.6700000000000017
28.67
-2.3299999999999983
32.67
-7.329999999999998
29.67
2.6700000000000017
32.67
-2.3299999999999983
26.67
0.6700000000000017
-4.329999999999998
30.67
-1.3299999999999983
30.67
-0.3299999999999983
34.67
0.6700000000000017
33.67
-1.3299999999999983
-0.3299999999999983
3.6700000000000017
2.6700000000000017
33.67
-8.329999999999998
31.67
-3.3299999999999983
0.6700000000000017
34.67
-15.329999999999998
37.67
-5.329999999999998
33.67
-7.329999999999998
30.67
1.6700000000000017
1.6700000000000017
32.67
-3.3299999999999983
31.67
0.6700000000000017
1.6700000000000017
-7.329999999999998
32.67
-5.329999999999998
-2.3299999999999983
3.6700000000000017
-2.3299999999999983
3.6700000000000017
-0.3299999999999983
27.67
-0.3299999999999983
34.67
2.6700000000000017
32.67
2.6700000000000017
4.670000000000002
34.67
1.6700000000000017
131.67000000000002
27.67
-1.3299999999999983
4.670000000000002
2.6700000000000017
-0.3299999999999983
-0.3299999999999983
34.67
3.6700000000000017
35.67
-3.3299999999999983
0.6700000000000017
30.67
-7.329999999999998
2.6700000000000017
-1.3299999999999983
-8.329999999999998
3.6700000000000017
-2.3299999999999983
30.67
-0.3299999999999983
32.67
2.6700000000000017
34.67
0.6700000000000017
-0.3299999999999983
30.67
-3.3299999999999983
-0.3299999999999983
30.67
-1.3299999999999983
-1.3299999999999983
30.67
4.670000000000002
35.67
1.6700000000000017
-0.3299999999999983
30.67
-6.329999999999998
27.67
-5.329999999999998
35.67
0.6700000000000017
-1.3299999999999983
34.67
0.6700000000000017
-7.329999999999998
3.6700000000000017
32.67
-0.3299999999999983
-3.3299999999999983
32.67
4.670000000000002
-4.329999999999998
33.67
1.6700000000000017
35.67
-1.3299999999999983
34.67
-2.3299999999999983
34.67
3.6700000000000017
1.6700000000000017
32.67
3.6700000000000017
-1.3299999999999983
30.67
2.6700000000000017
30.67
1.6700000000000017
28.67
3.6700000000000017
2.6700000000000017
32.67
1.6700000000000017
-4.329999999999998
-6.329999999999998
-0.3299999999999983
38.67
-4.329999999999998
0.6700000000000017
26.67
1.6700000000000017
30.67
-6.329999999999998
-1.3299999999999983
33.67
-0.3299999999999983
2.6700000000000017
31.67
-1.3299999999999983
0.6700000000000017
-0.3299999999999983
35.67
-0.3299999999999983
32.67
-4.329999999999998
33.67
-7.329999999999998
2.6700000000000017
31.67
-6.329999999999998
32.67
1.6700000000000017
-11.329999999999998
26.67
3.6700000000000017
36.67
409.67
-3.3299999999999983
30.67
-5.329999999999998
-11.329999999999998
36.67
-3.3299999999999983
32.67
-4.329999999999998
27.67
-2.3299999999999983
26.67
2.6700000000000017
33.67
1.6700000000000017
31.67
-0.3299999999999983
-4.329999999999998
35.67
-0.3299999999999983
92.67
29.67
-4.329999999999998
-7.329999999999998
32.67
81.67
-0.3299999999999983
-13.329999999999998
28.67
-0.3299999999999983
-7.329999999999998
-4.329999999999998
-1.3299999999999983
31.67
-1.3299999999999983
34.67
3.6700000000000017
30.67
1.6700000000000017
28.67
-1.3299999999999983
1.6700000000000017
-4.329999999999998
2.6700000000000017
1.6700000000000017
-3.3299999999999983
31.67
30.67
32.67
-0.3299999999999983
1.6700000000000017
34.67
-2.3299999999999983
31.67
1.6700000000000017
-7.329999999999998
0.6700000000000017
31.67
-0.3299999999999983
34.67
3.6700000000000017
0.6700000000000017
1.6700000000000017
28.67
-5.329999999999998
29.67
-0.3299999999999983
3.6700000000000017
-0.3299999999999983
36.67
-0.3299999999999983
32.67
0.6700000000000017
3.6700000000000017
-1.3299999999999983
34.67
-0.3299999999999983
30.67
-3.3299999999999983
34.67
1.6700000000000017
32.67
-1.3299999999999983
-1.3299999999999983
0.6700000000000017
32.67
1.6700000000000017
4.670000000000002
29.67
-1.3299999999999983
3.6700000000000017
32.67
0.6700000000000017
36.67
0.6700000000000017
32.67
0.6700000000000017
1.6700000000000017
-17.33
34.67
-0.3299999999999983
34.67
-4.329999999999998
365.67
2.6700000000000017
1.6700000000000017
30.67
4.670000000000002
-1.3299999999999983
33.67
-1.3299999999999983
-4.329999999999998
31.67
-1.3299999999999983
3.6700000000000017
30.67
2.6700000000000017
4.670000000000002
35.67
-3.3299999999999983
27.67
-1.3299999999999983
208.67000000000002
31.67
-3.3299999999999983
33.67
1.6700000000000017
-2.3299999999999983
31.67
3.6700000000000017
33.67
4.670000000000002
-6.329999999999998
32.67
-3.3299999999999983
30.67
-0.3299999999999983
-0.3299999999999983
31.67
4.670000000000002
32.67
-3.3299999999999983
-0.3299999999999983
27.67
-15.329999999999998
31.67
-0.3299999999999983
1.6700000000000017
-4.329999999999998
27.67
2.6700000000000017
35.67
-0.3299999999999983
31.67
0.6700000000000017
32.67
6.670000000000002
3.6700000000000017
33.67
0.6700000000000017
34.67
-2.3299999999999983
31.67
3.6700000000000017
31.67
-3.3299999999999983
29.67
2.6700000000000017
28.67
-0.3299999999999983
2.6700000000000017
32.67
3.6700000000000017
29.67
2.6700000000000017
1.6700000000000017
-4.329999999999998
-4.329999999999998
32.67
3.6700000000000017
32.67
2.6700000000000017
-0.3299999999999983
33.67
-8.329999999999998
34.67
0.6700000000000017
31.67
1.6700000000000017
3.6700000000000017
0.6700000000000017
32.67
0.6700000000000017
31.67
2.6700000000000017
-0.3299999999999983
3.6700000000000017
1.6700000000000017
2.6700000000000017
33.67
-0.3299999999999983
0.6700000000000017
28.67
-0.3299999999999983
34.67
-2.3299999999999983
-2.3299999999999983
28.67
-6.329999999999998
32.67
-1.3299999999999983
32.67
4.670000000000002
26.67
0.6700000000000017
-0.3299999999999983
-5.329999999999998
36.67
0.6700000000000017
-24.33
35.67
-1.3299999999999983
32.67
1.6700000000000017
35.67
1.6700000000000017
-0.3299999999999983
33.67
-0.3299999999999983
33.67
-0.3299999999999983
-1.3299999999999983
-7.329999999999998
32.67
-1.3299999999999983
-5.329999999999998
-0.3299999999999983
-0.3299999999999983
5.670000000000002
3.6700000000000017
1.6700000000000017
34.67
1.6700000000000017
2.6700000000000017
36.67
1.6700000000000017
-1.3299999999999983
29.67
-0.3299999999999983
33.67
3.6700000000000017
0.6700000000000017
3.6700000000000017
-1.3299999999999983
32.67
1.6700000000000017
-0.3299999999999983
32.67
-11.329999999999998
4.670000000000002
219.67000000000002
2.6700000000000017
3.6700000000000017
0.6700000000000017
33.67
-1.3299999999999983
-0.3299999999999983
0.6700000000000017
-0.3299999999999983
-16.33
36.67
-4.329999999999998
-4.329999999999998
-2.3299999999999983
30.67
-5.329999999999998
-3.3299999999999983
64.67
28.67
0.6700000000000017
31.67
0.6700000000000017
36.67
-12.329999999999998
33.67
0.6700000000000017
34.67
-2.3299999999999983
-2.3299999999999983
33.67
4.670000000000002
-3.3299999999999983
27.67
1.6700000000000017
-9.329999999999998
30.67
0.6700000000000017
27.67
3.6700000000000017
0.6700000000000017
-5.329999999999998
33.67
-4.329999999999998
-0.3299999999999983
31.67
-14.329999999999998
1.6700000000000017
-1.3299999999999983
2.6700000000000017
-3.3299999999999983
0.6700000000000017
31.67
3.6700000000000017
33.67
3.6700000000000017
32.67
-1.3299999999999983
33.67
0.6700000000000017
31.67
2.6700000000000017
0.6700000000000017
30.67
0.6700000000000017
0.6700000000000017
0.6700000000000017
-8.329999999999998
-0.3299999999999983
-7.329999999999998
30.67
-1.3299999999999983
28.67
1.6700000000000017
401.67
26.67
-0.3299999999999983
33.67
-0.3299999999999983
34.67
-3.3299999999999983
33.67
0.6700000000000017
30.67
-3.3299999999999983
31.67
-3.3299999999999983
33.67
0.6700000000000017
-4.329999999999998
31.67
-0.3299999999999983
0.6700000000000017
33.67
4.670000000000002
30.67
1.6700000000000017
32.67
4.670000000000002
28.67
-0.3299999999999983
32.67
-3.3299999999999983
3.6700000000000017
-3.3299999999999983
54.67
0.6700000000000017
31.67
2.6700000000000017
0.6700000000000017
2.6700000000000017
0.6700000000000017
-1.3299999999999983
30.67
-4.329999999999998
32.67
0.6700000000000017
-0.3299999999999983
33.67
-1.3299999999999983
30.67
-1.3299999999999983
32.67
-1.3299999999999983
4.670000000000002
3.6700000000000017
28.67
1.6700000000000017
32.67
2.6700000000000017
-0.3299999999999983
-1.3299999999999983
32.67
1.6700000000000017
-15.329999999999998
35.67
3.6700000000000017
35.67
-0.3299999999999983
30.67
-0.3299999999999983
-1.3299999999999983
-3.3299999999999983
30.67
5.670000000000002
35.67
1.6700000000000017
32.67
-1.3299999999999983
-0.3299999999999983
-0.3299999999999983
31.67
-3.3299999999999983
37.67
-0.3299999999999983
30.67
-0.3299999999999983
31.67
1.6700000000000017
3.6700000000000017
-1.3299999999999983
30.67
1.6700000000000017
3.6700000000000017
1.6700000000000017
1.6700000000000017
30.67
-4.329999999999998
-3.3299999999999983
31.67
0.6700000000000017
33.67
3.6700000000000017
31.67
4.670000000000002
0.6700000000000017
-0.3299999999999983
32.67
1.6700000000000017
31.67
0.6700000000000017
-1.3299999999999983
31.67
2.6700000000000017
32.67
-0.3299999999999983
31.67
0.6700000000000017
34.67
4.670000000000002
-2.3299999999999983
34.67
7.670000000000002
1.6700000000000017
34.67
1.6700000000000017
30.67
-4.329999999999998
32.67
-4.329999999999998
32.67
-1.3299999999999983
2.6700000000000017
31.67
-2.3299999999999983
31.67
3.6700000000000017
2.6700000000000017
31.67
447.67
27.67
0.6700000000000017
5.670000000000002
-0.3299999999999983
6.670000000000002
4.670000000000002
0.6700000000000017
31.67
0.6700000000000017
0.6700000000000017
31.67
1.6700000000000017
31.67
1.6700000000000017
0.6700000000000017
35.67
-11.329999999999998
31.67
0.6700000000000017
30.67
1.6700000000000017
2.6700000000000017
0.6700000000000017
33.67
-1.3299999999999983
31.67
1.6700000000000017
27.67
-4.329999999999998
28.67
-30.33
37.67
2.6700000000000017
-4.329999999999998
-2.3299999999999983
37.67
-4.329999999999998
-16.33
40.67
-2.3299999999999983
31.67
-1.3299999999999983
30.67
0.6700000000000017
2.6700000000000017
0.6700000000000017
0.6700000000000017
-3.3299999999999983
1.6700000000000017
30.67
-0.3299999999999983
0.6700000000000017
33.67
-1.3299999999999983
0.6700000000000017
-5.329999999999998
32.67
0.6700000000000017
34.67
1.6700000000000017
1.6700000000000017
-0.3299999999999983
0.6700000000000017
32.67
-0.3299999999999983
33.67
-0.3299999999999983
0.6700000000000017
0.6700000000000017
34.67
-0.3299999999999983
0.6700000000000017
2.6700000000000017
-10.329999999999998
30.67
-5.329999999999998
1.6700000000000017
28.67
-0.3299999999999983
35.67
-4.329999999999998
-1.3299999999999983
27.67
3.6700000000000017
1.6700000000000017
31.67
-1.3299999999999983
-1.3299999999999983
0.6700000000000017
0.6700000000000017
33.67
1.6700000000000017
32.67
0.6700000000000017
0.6700000000000017
0.6700000000000017
30.67
-2.3299999999999983
30.67
67.67
1.6700000000000017
33.67
-0.3299999999999983
29.67
-4.329999999999998
-0.3299999999999983
33.67
-0.3299999999999983
32.67
0.6700000000000017
1.6700000000000017
30.67
0.6700000000000017
35.67
-1.3299999999999983
1.6700000000000017
-1.3299999999999983
32.67
3.6700000000000017
5.670000000000002
30.67
0.6700000000000017
0.6700000000000017
0.6700000000000017
31.67
198.67000000000002
1.6700000000000017
3.6700000000000017
0.6700000000000017
2.6700000000000017
32.67
-8.329999999999998
34.67
-1.3299999999999983
33.67
1.6700000000000017
33.67
-0.3299999999999983
4.670000000000002
1.6700000000000017
3.6700000000000017
-1.3299999999999983
-0.3299999999999983
3.6700000000000017
2.6700000000000017
2.6700000000000017
-5.329999999999998
32.67
1.6700000000000017
0.6700000000000017
-0.3299999999999983
-1.3299999999999983
35.67
-3.3299999999999983
-1.3299999999999983
29.67
-0.3299999999999983
-0.3299999999999983
0.6700000000000017
35.67
0.6700000000000017
-5.329999999999998
5.670000000000002
0.6700000000000017
-7.329999999999998
33.67
4.670000000000002
1.6700000000000017
27.67
1.6700000000000017
36.67
0.6700000000000017
-0.3299999999999983
32.67
-2.3299999999999983
0.6700000000000017
-0.3299999999999983
33.67
0.6700000000000017
31.67
-3.3299999999999983
35.67
-2.3299999999999983
-1.3299999999999983
-1.3299999999999983
31.67
-5.329999999999998
27.67
1.6700000000000017
-1.3299999999999983
29.67
1.6700000000000017
1.6700000000000017
33.67
-1.3299999999999983
-1.3299999999999983
0.6700000000000017
0.6700000000000017
30.67
420.67
0.6700000000000017
-1.3299999999999983
0.6700000000000017
1.6700000000000017
34.67
3.6700000000000017
-2.3299999999999983
32.67
-1.3299999999999983
2.6700000000000017
-3.3299999999999983
-0.3299999999999983
32.67
3.6700000000000017
0.6700000000000017
-0.3299999999999983
30.67
-0.3299999999999983
-4.329999999999998
1.6700000000000017
-0.3299999999999983
2.6700000000000017
37.67
-7.329999999999998
32.67
-1.3299999999999983
1.6700000000000017
31.67
2.6700000000000017
30.67
-4.329999999999998
-1.3299999999999983
34.67
1.6700000000000017
-2.3299999999999983
24.67
1.6700000000000017
31.67
0.6700000000000017
4.670000000000002
2.6700000000000017
32.67
230.67000000000002
28.67
0.6700000000000017
2.6700000000000017
3.6700000000000017
32.67
-3.3299999999999983
33.67
-6.329999999999998
34.67
63.67
1.6700000000000017
35.67
0.6700000000000017
32.67
1.6700000000000017
-1.3299999999999983
31.67
-2.3299999999999983
27.67
-3.3299999999999983
0.6700000000000017
31.67
1.6700000000000017
3.6700000000000017
28.67
-0.3299999999999983
31.67
-1.3299999999999983
27.67
-0.3299999999999983
-0.3299999999999983
0.6700000000000017
28.67
-1.3299999999999983
33.67
-4.329999999999998
3.6700000000000017
-1.3299999999999983
30.67
0.6700000000000017
-0.3299999999999983
0.6700000000000017
4.670000000000002
2.6700000000000017
3.6700000000000017
0.6700000000000017
35.67
-2.3299999999999983
-7.329999999999998
36.67
-4.329999999999998
1.6700000000000017
31.67
6.670000000000002
-3.3299999999999983
34.67
3.6700000000000017
3.6700000000000017
0.6700000000000017
26.67
-14.329999999999998
35.67
0.6700000000000017
0.6700000000000017
-10.329999999999998
3.6700000000000017
349.67
32.67
52.67
32.67
2.6700000000000017
31.67
-2.3299999999999983
32.67
0.6700000000000017
36.67
2.6700000000000017
3.6700000000000017
4.670000000000002
28.67
-0.3299999999999983
2.6700000000000017
2.6700000000000017
30.67
2.6700000000000017
33.67
-3.3299999999999983
-2.3299999999999983
-1.3299999999999983
-6.329999999999998
33.67
1.6700000000000017
34.67
-0.3299999999999983
31.67
0.6700000000000017
28.67
-12.329999999999998
-2.3299999999999983
-0.3299999999999983
37.67
1.6700000000000017
-3.3299999999999983
-3.3299999999999983
32.67
4.670000000000002
32.67
1.6700000000000017
28.67
0.6700000000000017
32.67
-0.3299999999999983
-4.329999999999998
3.6700000000000017
1.6700000000000017
-7.329999999999998
27.67
-7.329999999999998
298.67
-13.329999999999998
32.67
-4.329999999999998
35.67
-16.33
32.67
-0.3299999999999983
32.67
2.6700000000000017
4.670000000000002
30.67
-1.3299999999999983
30.67
0.6700000000000017
32.67
-0.3299999999999983
33.67
-0.3299999999999983
3.6700000000000017
27.67
0.6700000000000017
32.67
1.6700000000000017
32.67
-1.3299999999999983
32.67
-0.3299999999999983
2.6700000000000017
-12.329999999999998
34.67
4.670000000000002
-9.329999999999998
-8.329999999999998
31.67
-7.329999999999998
30.67
1.6700000000000017
-8.329999999999998
-0.3299999999999983
-3.3299999999999983
0.6700000000000017
32.67
56.67
-1.3299999999999983
-4.329999999999998
31.67
-4.329999999999998
-1.3299999999999983
38.67
4.670000000000002
28.67
2.6700000000000017
2.6700000000000017
0.6700000000000017
-1.3299999999999983
32.67
-1.3299999999999983
0.6700000000000017
0.6700000000000017
31.67
-3.3299999999999983
-0.3299999999999983
-7.329999999999998
32.67
1.6700000000000017
3.6700000000000017
3.6700000000000017
30.67
-5.329999999999998
33.67
0.6700000000000017
-10.329999999999998
5.670000000000002
35.67
-0.3299999999999983
-3.3299999999999983
3.6700000000000017
1.6700000000000017
-4.329999999999998
2.6700000000000017
-1.3299999999999983
30.67
-3.3299999999999983
35.67
1.6700000000000017
-11.329999999999998
31.67
-7.329999999999998
-2.3299999999999983
2.6700000000000017
28.67
-8.329999999999998
31.67
0.6700000000000017
32.67
-1.3299999999999983
3.6700000000000017
-3.3299999999999983
34.67
1.6700000000000017
-3.3299999999999983
31.67
-0.3299999999999983
-4.329999999999998
33.67
-1.3299999999999983
4.670000000000002
30.67
0.6700000000000017
-3.3299999999999983
31.67
-1.3299999999999983
0.6700000000000017
-0.3299999999999983
32.67
-3.3299999999999983
32.67
0.6700000000000017
33.67
7.670000000000002
33.67
1.6700000000000017
31.67
5.670000000000002
34.67
-0.3299999999999983
1.6700000000000017
29.67
4.670000000000002
-1.3299999999999983
1.6700000000000017
2.6700000000000017
1.6700000000000017
33.67
-2.3299999999999983
-4.329999999999998
0.6700000000000017
1.6700000000000017
0.6700000000000017
32.67
3.6700000000000017
-4.329999999999998
28.67
0.6700000000000017
-1.3299999999999983
320.67
30.67
-9.329999999999998
32.67
3.6700000000000017
30.67
1.6700000000000017
-1.3299999999999983
33.67
-17.33
34.67
355.67
-5.329999999999998
3.6700000000000017
222.67000000000002
-1.3299999999999983
34.67
-2.3299999999999983
33.67
2.6700000000000017
28.67
0.6700000000000017
33.67
0.6700000000000017
32.67
-3.3299999999999983
1.6700000000000017
32.67
4.670000000000002
31.67
5.670000000000002
-4.329999999999998
-0.3299999999999983
-5.329999999999998
1.6700000000000017
-0.3299999999999983
0.6700000000000017
-0.3299999999999983
0.6700000000000017
32.67
0.6700000000000017
-0.3299999999999983
36.67
-1.3299999999999983
32.67
3.6700000000000017
2.6700000000000017
35.67
0.6700000000000017
-1.3299999999999983
32.67
-4.329999999999998
3.6700000000000017
-2.3299999999999983
-7.329999999999998
0.6700000000000017
32.67
-7.329999999999998
-0.3299999999999983
1.6700000000000017
4.670000000000002
-1.3299999999999983
28.67
3.6700000000000017
30.67
0.6700000000000017
33.67
-1.3299999999999983
30.67
-8.329999999999998
37.67
-5.329999999999998
32.67
3.6700000000000017
30.67
-2.3299999999999983
4.670000000000002
3.6700000000000017
3.6700000000000017
-6.329999999999998
32.67
-14.329999999999998
32.67
2.6700000000000017
-0.3299999999999983
0.6700000000000017
30.67
-0.3299999999999983
-1.3299999999999983
-2.3299999999999983
-4.329999999999998
0.6700000000000017
32.67
0.6700000000000017
-2.3299999999999983
-1.3299999999999983
28.67
-0.3299999999999983
-1.3299999999999983
28.67
0.6700000000000017
28.67
-3.3299999999999983
8.670000000000002
1.6700000000000017
33.67
-4.329999999999998
32.67
-0.3299999999999983
32.67
1.6700000000000017
32.67
1.6700000000000017
0.6700000000000017
36.67
-7.329999999999998
-8.329999999999998
35.67
3.6700000000000017
35.67
3.6700000000000017
32.67
0.6700000000000017
4.670000000000002
-2.3299999999999983
52.67
33.67
-3.3299999999999983
-6.329999999999998
35.67
0.6700000000000017
-2.3299999999999983
31.67
4.670000000000002
3.6700000000000017
35.67
-6.329999999999998
33.67
155.67000000000002
28.67
-6.329999999999998
32.67
-0.3299999999999983
-1.3299999999999983
-4.329999999999998
32.67
-0.3299999999999983
64.67
349.67
-7.329999999999998
1.6700000000000017
0.6700000000000017
31.67
-1.3299999999999983
6.670000000000002
28.67
-7.329999999999998
324.67
-1.3299999999999983
-2.3299999999999983
-0.3299999999999983
30.67
2.6700000000000017
36.67
-10.329999999999998
32.67
3.6700000000000017
-12.329999999999998
28.67
-3.3299999999999983
3.6700000000000017
2.6700000000000017
0.6700000000000017
35.67
5.670000000000002
-3.3299999999999983
32.67
5.670000000000002
33.67
0.6700000000000017
1.6700000000000017
3.6700000000000017
1.6700000000000017
33.67
2.6700000000000017
2.6700000000000017
29.67
-0.3299999999999983
26.67
-5.329999999999998
1.6700000000000017
-7.329999999999998
6.670000000000002
0.6700000000000017
4.670000000000002
35.67
0.6700000000000017
33.67
-2.3299999999999983
-0.3299999999999983
35.67
-1.3299999999999983
39.67
1.6700000000000017
-7.329999999999998
-9.329999999999998
39.67
-1.3299999999999983
33.67
-0.3299999999999983
2.6700000000000017
27.67
288.67
29.67
0.6700000000000017
0.6700000000000017
-3.3299999999999983
32.67
3.6700000000000017
30.67
3.6700000000000017
33.67
0.6700000000000017
32.67
2.6700000000000017
29.67
-2.3299999999999983
34.67
-2.3299999999999983
34.67
-7.329999999999998
34.67
-4.329999999999998
32.67
-5.329999999999998
-3.3299999999999983
30.67
-5.329999999999998
-4.329999999999998
-0.3299999999999983
-0.3299999999999983
27.67
0.6700000000000017
29.67
0.6700000000000017
-3.3299999999999983
-1.3299999999999983
1.6700000000000017
30.67
-4.329999999999998
0.6700000000000017
406.67
31.67
1.6700000000000017
-5.329999999999998
34.67
-7.329999999999998
26.67
-1.3299999999999983
31.67
5.670000000000002
0.6700000000000017
32.67
-0.3299999999999983
33.67
-1.3299999999999983
32.67
0.6700000000000017
0.6700000000000017
1.6700000000000017
-1.3299999999999983
32.67
1.6700000000000017
-3.3299999999999983
1.6700000000000017
369.67
0.6700000000000017
0.6700000000000017
31.67
-3.3299999999999983
3.6700000000000017
-0.3299999999999983
3.6700000000000017
32.67
-1.3299999999999983
4.670000000000002
-5.329999999999998
-1.3299999999999983
3.6700000000000017
28.67
2.6700000000000017
31.67
-1.3299999999999983
1.6700000000000017
30.67
3.6700000000000017
35.67
-4.329999999999998
0.6700000000000017
35.67
-4.329999999999998
0.6700000000000017
28.67
-3.3299999999999983
31.67
1.6700000000000017
35.67
3.6700000000000017
32.67
-3.3299999999999983
1.6700000000000017
5.670000000000002
-5.329999999999998
31.67
-1.3299999999999983
31.67
-2.3299999999999983
64.67
1.6700000000000017
-0.3299999999999983
33.67
-0.3299999999999983
34.67
-8.329999999999998
31.67
-7.329999999999998
32.67
-3.3299999999999983
-2.3299999999999983
32.67
-7.329999999999998
32.67
5.670000000000002
30.67
-0.3299999999999983
1.6700000000000017
0.6700000000000017
401.67
31.67
-1.3299999999999983
1.6700000000000017
-2.3299999999999983
31.67
0.6700000000000017
35.67
-0.3299999999999983
34.67
-0.3299999999999983
35.67
2.6700000000000017
30.67
-3.3299999999999983
33.67
3.6700000000000017
1.6700000000000017
31.67
-0.3299999999999983
35.67
-1.3299999999999983
31.67
3.6700000000000017
1.6700000000000017
32.67
-0.3299999999999983
1.6700000000000017
-0.3299999999999983
1.6700000000000017
27.67
3.6700000000000017
35.67
2.6700000000000017
30.67
-1.3299999999999983
35.67
-1.3299999999999983
33.67
1.6700000000000017
0.6700000000000017
34.67
-0.3299999999999983
32.67
2.6700000000000017
30.67
-1.3299999999999983
30.67
-1.3299999999999983
-17.33
35.67
1.6700000000000017
27.67
-1.3299999999999983
50.67
30.67
-4.329999999999998
27.67
2.6700000000000017
2.6700000000000017
-4.329999999999998
35.67
-1.3299999999999983
-2.3299999999999983
31.67
4.670000000000002
32.67
1.6700000000000017
28.67
0.6700000000000017
32.67
0.6700000000000017
71.67
-4.329999999999998
1.6700000000000017
33.67
2.6700000000000017
34.67
0.6700000000000017
-3.3299999999999983
31.67
3.6700000000000017
-1.3299999999999983
30.67
-3.3299999999999983
-1.3299999999999983
34.67
-30.33
41.67
-0.3299999999999983
31.67
-3.3299999999999983
30.67
4.670000000000002
31.67
-0.3299999999999983
30.67
-14.329999999999998
37.67
-8.329999999999998
28.67
0.6700000000000017
-0.3299999999999983
32.67
3.6700000000000017
3.6700000000000017
31.67
2.6700000000000017
-0.3299999999999983
31.67
2.6700000000000017
32.67
3.6700000000000017
32.67
-0.3299999999999983
32.67
-3.3299999999999983
-1.3299999999999983
-4.329999999999998
25.67
-4.329999999999998
27.67
-7.329999999999998
3.6700000000000017
29.67
-1.3299999999999983
-10.329999999999998
-1.3299999999999983
-0.3299999999999983
33.67
-0.3299999999999983
30.67
-1.3299999999999983
31.67
-5.329999999999998
29.67
1.6700000000000017
50.67
256.67
-3.3299999999999983
-2.3299999999999983
-6.329999999999998
1.6700000000000017
34.67
-4.329999999999998
0.6700000000000017
-5.329999999999998
32.67
2.6700000000000017
32.67
1.6700000000000017
-1.3299999999999983
-3.3299999999999983
28.67
3.6700000000000017
0.6700000000000017
31.67
0.6700000000000017
34.67
-1.3299999999999983
0.6700000000000017
-2.3299999999999983
31.67
-2.3299999999999983
31.67
-6.329999999999998
-2.3299999999999983
1.6700000000000017
35.67
-3.3299999999999983
4.670000000000002
0.6700000000000017
-2.3299999999999983
0.6700000000000017
27.67
-3.3299999999999983
32.67
-0.3299999999999983
32.67
-0.3299999999999983
-11.329999999999998
35.67
186.67000000000002
1.6700000000000017
30.67
-5.329999999999998
29.67
0.6700000000000017
-1.3299999999999983
-3.3299999999999983
31.67
-2.3299999999999983
-1.3299999999999983
0.6700000000000017
-3.3299999999999983
32.67
0.6700000000000017
32.67
-0.3299999999999983
29.67
2.6700000000000017
-0.3299999999999983
30.67
-0.3299999999999983
3.6700000000000017
2.6700000000000017
34.67
-0.3299999999999983
29.67
3.6700000000000017
29.67
-0.3299999999999983
32.67
4.670000000000002
-0.3299999999999983
-1.3299999999999983
-5.329999999999998
31.67
-1.3299999999999983
30.67
-0.3299999999999983
3.6700000000000017
31.67
-2.3299999999999983
32.67
0.6700000000000017
32.67
1.6700000000000017
32.67
-3.3299999999999983
0.6700000000000017
0.6700000000000017
1.6700000000000017
1.6700000000000017
29.67
-0.3299999999999983
32.67
-3.3299999999999983
55.67
6.670000000000002
-1.3299999999999983
32.67
2.6700000000000017
0.6700000000000017
31.67
0.6700000000000017
31.67
-7.329999999999998
30.67
0.6700000000000017
1.6700000000000017
3.6700000000000017
-1.3299999999999983
28.67
0.6700000000000017
-4.329999999999998
-5.329999999999998
30.67
1.6700000000000017
-0.3299999999999983
29.67
-3.3299999999999983
0.6700000000000017
-0.3299999999999983
28.67
-7.329999999999998
34.67
-1.3299999999999983
3.6700000000000017
-0.3299999999999983
30.67
-0.3299999999999983
1.6700000000000017
30.67
-7.329999999999998
28.67
-5.329999999999998
32.67
406.67
3.6700000000000017
31.67
-1.3299999999999983
35.67
0.6700000000000017
33.67
0.6700000000000017
-0.3299999999999983
31.67
0.6700000000000017
30.67
-4.329999999999998
35.67
-3.3299999999999983
35.67
1.6700000000000017
32.67
-0.3299999999999983
33.67
2.6700000000000017
32.67
0.6700000000000017
32.67
-5.329999999999998
28.67
-1.3299999999999983
32.67
-0.3299999999999983
-0.3299999999999983
31.67
-0.3299999999999983
-8.329999999999998
30.67
2.6700000000000017
32.67
3.6700000000000017
0.6700000000000017
0.6700000000000017
32.67
-1.3299999999999983
-0.3299999999999983
-2.3299999999999983
-10.329999999999998
30.67
0.6700000000000017
2.6700000000000017
34.67
-9.329999999999998
34.67
-1.3299999999999983
31.67
0.6700000000000017
27.67
-4.329999999999998
27.67
110.67
33.67
-2.3299999999999983
3.6700000000000017
30.67
-5.329999999999998
-4.329999999999998
0.6700000000000017
-2.3299999999999983
1.6700000000000017
28.67
0.6700000000000017
35.67
3.6700000000000017
30.67
-1.3299999999999983
-5.329999999999998
32.67
0.6700000000000017
-0.3299999999999983
-4.329999999999998
3.6700000000000017
2.6700000000000017
246.67000000000002
-1.3299999999999983
-11.329999999999998
32.67
-4.329999999999998
31.67
-2.3299999999999983
-1.3299999999999983
31.67
3.6700000000000017
32.67
-1.3299999999999983
34.67
1.6700000000000017
28.67
-7.329999999999998
34.67
-1.3299999999999983
34.67
-1.3299999999999983
-0.3299999999999983
-12.329999999999998
33.67
-0.3299999999999983
32.67
3.6700000000000017
0.6700000000000017
30.67
-3.3299999999999983
33.67
-12.329999999999998
40.67
-3.3299999999999983
33.67
-0.3299999999999983
-7.329999999999998
-5.329999999999998
30.67
1.6700000000000017
29.67
-15.329999999999998
32.67
-1.3299999999999983
32.67
1.6700000000000017
30.67
0.6700000000000017
31.67
-3.3299999999999983
30.67
-1.3299999999999983
33.67
-0.3299999999999983
0.6700000000000017
0.6700000000000017
33.67
-5.329999999999998
28.67
-2.3299999999999983
31.67
-3.3299999999999983
-0.3299999999999983
32.67
1.6700000000000017
-1.3299999999999983
29.67
-3.3299999999999983
-22.33
34.67
-4.329999999999998
34.67
-0.3299999999999983
32.67
0.6700000000000017
-3.3299999999999983
27.67
1.6700000000000017
-0.3299999999999983
-4.329999999999998
32.67
0.6700000000000017
0.6700000000000017
32.67
-0.3299999999999983
-14.329999999999998
-4.329999999999998
32.67
-1.3299999999999983
-3.3299999999999983
-1.3299999999999983
2.6700000000000017
