0.5
2.5
-0.5
0.5
-0.5
27.5
-3.5
30.5
-7.5
30.5
-5.5
-1.5
-2.5
24.5
-4.5
32.5
3.5
31.5
26.5
4.5
32.5
2.5
30.5
-4.5
2.5
1.5
2.5
25.5
3.5
-6.5
25.5
0.5
-0.5
-13.5
32.5
-0.5
28.5
0.5
35.5
-3.5
32.5
-4.5
35.5
-5.5
31.5
1.5
33.5
-3.5
29.5
-5.5
-0.5
-7.5
35.5
-2.5
31.5
-0.5
30.5
0.5
3.5
-3.5
31.5
-0.5
-4.5
-0.5
28.5
-1.5
4.5
31.5
0.5
0.5
-2.5
4.5
32.5
-0.5
-5.5
0.5
29.5
3.5
27.5
463.5
29.5
-0.5
32.5
86.5
-3.5
-3.5
27.5
1.5
33.5
0.5
29.5
-0.5
30.5
-1.5
28.5
0.5
30.5
4.5
-9.5
35.5
1.5
0.5
27.5
94.5
31.5
1.5
31.5
-1.5
32.5
-0.5
28.5
-0.5
-0.5
31.5
-0.5
30.5
-5.5
28.5
-0.5
33.5
-4.5
31.5
-7.5
28.5
-0.5
0.5
36.5
1.5
29.5
4.5
26.5
378.5
0.5
32.5
-14.5
28.5
-1.5
25.5
-2.5
27.5
-11.5
1.5
-1.5
33.5
204.5
-5.5
0.5
33.5
-0.5
-3.5
32.5
-1.5
28.5
-1.5
29.5
-1.5
25.5
-4.5
4.5
30.5
-3.5
31.5
-4.5
-4.5
2.5
24.5
-1.5
25.5
-0.5
-5.5
29.5
-3.5
36.5
-3.5
28.5
2.5
31.5
-4.5
27.5
2.5
28.5
1.5
29.5
-3.5
30.5
2.5
-3.5
30.5
-12.5
32.5
-9.5
27.5
-5.5
30.5
-4.5
35.5
2.5
-7.5
27.5
-1.5
25.5
248.5
-7.5
28.5
-11.5
31.5
-3.5
30.5
-18.5
27.5
-10.5
25.5
-35.5
38.5
-7.5
32.5
-9.5
32.5
-1.5
-5.5
29.5
-2.5
24.5
1.5
24.5
-4.5
28.5
-1.5
30.5
-0.5
30.5
-1.5
30.5
-5.5
29.5
-1.5
0.5
31.5
-0.5
-7.5
-0.5
1.5
-3.5
28.5
-0.5
-6.5
1.5
-2.5
-0.5
-5.5
33.5
-1.5
-0.5
-0.5
-1.5
28.5
-1.5
29.5
-3.5
28.5
-1.5
29.5
0.5
31.5
-4.5
-3.5
33.5
-5.5
28.5
1.5
29.5
-5.5
26.5
-1.5
25.5
-0.5
27.5
-1.5
29.5
1.5
4.5
27.5
-10.5
28.5
-4.5
170.5
27.5
-2.5
33.5
-9.5
26.5
0.5
24.5
2.5
32.5
-2.5
-1.5
-0.5
-1.5
29.5
-4.5
23.5
0.5
0.5
0.5
-3.5
34.5
-3.5
27.5
-5.5
-10.5
28.5
-10.5
33.5
2.5
30.5
-4.5
29.5
-2.5
28.5
-0.5
28.5
-4.5
26.5
-8.5
1.5
-1.5
30.5
-0.5
-0.5
30.5
1.5
0.5
29.5
-8.5
33.5
-0.5
31.5
-2.5
144.5
0.5
29.5
-1.5
-2.5
32.5
-13.5
30.5
58.5
34.5
130.5
-4.5
-5.5
2.5
-1.5
4.5
32.5
-0.5
27.5
-0.5
29.5
2.5
30.5
-5.5
28.5
-1.5
-1.5
-1.5
33.5
-3.5
-0.5
-2.5
-0.5
-1.5
29.5
4.5
2.5
30.5
-0.5
34.5
0.5
32.5
-4.5
59.5
-3.5
2.5
33.5
1.5
26.5
-1.5
34.5
2.5
1.5
33.5
-0.5
-8.5
34.5
-3.5
32.5
1.5
-3.5
-1.5
4.5
27.5
5.5
28.5
-0.5
29.5
2.5
31.5
0.5
2.5
-3.5
-0.5
4.5
27.5
-0.5
-4.5
28.5
-3.5
25.5
-3.5
14.5
28.5
-0.5
30.5
-1.5
31.5
-3.5
33.5
-0.5
27.5
1.5
-5.5
30.5
-1.5
27.5
-1.5
-3.5
28.5
-8.5
30.5
-0.5
30.5
-0.5
36.5
-1.5
31.5
-5.5
2.5
26.5
1.5
30.5
-1.5
4.5
30.5
-3.5
0.5
-3.5
-0.5
28.5
-3.5
-4.5
-4.5
35.5
3.5
-4.5
-5.5
-0.5
31.5
-6.5
27.5
0.5
31.5
-0.5
-2.5
31.5
-2.5
27.5
-8.5
6.5
4.5
30.5
-0.5
0.5
33.5
69.5
1.5
-1.5
-2.5
3.5
0.5
30.5
1.5
0.5
28.5
2.5
3.5
31.5
-0.5
-0.5
28.5
-0.5
29.5
-0.5
0.5
33.5
-7.5
33.5
2.5
0.5
-0.5
1.5
-0.5
31.5
399.5
-0.5
30.5
1.5
-4.5
33.5
-3.5
29.5
0.5
32.5
-0.5
25.5
140.5
14.5
30.5
-4.5
0.5
-0.5
27.5
2.5
28.5
4.5
28.5
-4.5
32.5
2.5
-0.5
30.5
0.5
-13.5
29.5
3.5
28.5
-0.5
30.5
4.5
31.5
-3.5
-0.5
3.5
-0.5
32.5
-3.5
3.5
-1.5
34.5
4.5
28.5
-1.5
25.5
-4.5
-0.5
33.5
-0.5
30.5
-7.5
-3.5
-1.5
30.5
5.5
-0.5
29.5
379.5
25.5
0.5
30.5
0.5
0.5
32.5
-5.5
31.5
-1.5
30.5
-11.5
33.5
-0.5
-3.5
36.5
2.5
35.5
-0.5
-13.5
30.5
2.5
31.5
-0.5
28.5
1.5
28.5
1.5
-2.5
28.5
-1.5
-12.5
32.5
1.5
36.5
1.5
30.5
-3.5
34.5
2.5
-3.5
0.5
31.5
-7.5
33.5
1.5
-11.5
34.5
-1.5
1.5
28.5
-2.5
-0.5
32.5
-4.5
35.5
-0.5
30.5
-3.5
2.5
30.5
-1.5
161.5
84.5
-1.5
1.5
-2.5
29.5
-2.5
32.5
-0.5
-3.5
30.5
-3.5
4.5
-2.5
30.5
-3.5
30.5
-2.5
61.5
0.5
29.5
2.5
2.5
-3.5
33.5
0.5
33.5
-8.5
-0.5
160.5
26.5
78.5
256.5
0.5
30.5
-3.5
32.5
-3.5
3.5
32.5
188.5
27.5
-0.5
28.5
0.5
27.5
0.5
36.5
-3.5
29.5
1.5
-1.5
29.5
1.5
1.5
34.5
1.5
28.5
-1.5
-0.5
28.5
1.5
32.5
-3.5
-0.5
-1.5
0.5
30.5
4.5
27.5
-1.5
29.5
2.5
26.5
-12.5
30.5
-3.5
3.5
31.5
-3.5
-0.5
31.5
-1.5
28.5
-8.5
26.5
2.5
30.5
-2.5
-3.5
-3.5
24.5
-2.5
29.5
0.5
28.5
-4.5
30.5
-0.5
28.5
3.5
31.5
-3.5
-9.5
-20.5
30.5
-3.5
28.5
-6.5
4.5
30.5
-0.5
0.5
28.5
-9.5
30.5
1.5
-0.5
33.5
-5.5
27.5
4.5
4.5
4.5
-1.5
27.5
-0.5
30.5
-12.5
32.5
-6.5
28.5
1.5
31.5
-3.5
1.5
-0.5
-3.5
2.5
31.5
2.5
-8.5
38.5
1.5
32.5
-11.5
32.5
2.5
2.5
28.5
-0.5
-5.5
31.5
0.5
32.5
-2.5
0.5
29.5
-4.5
33.5
-7.5
3.5
31.5
-5.5
-3.5
-2.5
28.5
-1.5
0.5
30.5
1.5
0.5
-0.5
28.5
0.5
33.5
25.5
-1.5
29.5
-1.5
1.5
29.5
3.5
0.5
-1.5
7.5
33.5
-1.5
0.5
1.5
0.5
47.5
-0.5
32.5
-1.5
35.5
-10.5
34.5
-2.5
31.5
1.5
31.5
-1.5
35.5
1.5
34.5
-10.5
29.5
1.5
0.5
1.5
-12.5
33.5
3.5
28.5
-1.5
30.5
5.5
30.5
-0.5
28.5
1.5
1.5
5.5
33.5
-8.5
32.5
-0.5
33.5
-8.5
28.5
3.5
28.5
-1.5
1.5
31.5
3.5
26.5
-0.5
-1.5
-0.5
-8.5
32.5
-1.5
-2.5
31.5
-6.5
34.5
3.5
33.5
-0.5
32.5
0.5
28.5
127.5
-0.5
29.5
3.5
35.5
-0.5
31.5
-1.5
29.5
-3.5
33.5
-1.5
29.5
-4.5
-4.5
31.5
2.5
29.5
1.5
-11.5
0.5
-0.5
28.5
-5.5
0.5
28.5
-2.5
31.5
1.5
29.5
-3.5
-1.5
0.5
-0.5
31.5
-3.5
26.5
-7.5
29.5
4.5
-0.5
30.5
-3.5
32.5
-4.5
30.5
-3.5
31.5
-4.5
-3.5
0.5
30.5
0.5
32.5
1.5
2.5
30.5
0.5
26.5
-8.5
-1.5
24.5
-0.5
27.5
0.5
31.5
-1.5
30.5
-3.5
-1.5
26.5
-0.5
28.5
-5.5
31.5
-1.5
-1.5
15.5
27.5
0.5
30.5
-0.5
24.5
-5.5
-4.5
-0.5
-3.5
25.5
1.5
24.5
-1.5
28.5
-1.5
-0.5
-16.5
33.5
-4.5
0.5
2.5
27.5
-3.5
3.5
27.5
-2.5
28.5
0.5
-0.5
3.5
-9.5
30.5
5.5
34.5
-0.5
32.5
-0.5
33.5
142.5
-0.5
4.5
24.5
-0.5
27.5
-2.5
-0.5
37.5
0.5
31.5
-3.5
28.5
-11.5
26.5
1.5
-2.5
30.5
0.5
28.5
-1.5
27.5
-1.5
-3.5
-1.5
-5.5
32.5
0.5
28.5
138.5
-2.5
27.5
-3.5
28.5
-5.5
33.5
-2.5
-0.5
28.5
-1.5
33.5
-22.5
30.5
-0.5
-3.5
33.5
-1.5
29.5
2.5
27.5
-5.5
-11.5
27.5
-0.5
-1.5
-5.5
34.5
-1.5
-1.5
28.5
170.5
-4.5
30.5
-20.5
29.5
-8.5
-2.5
3.5
-1.5
-1.5
30.5
-0.5
33.5
2.5
31.5
41.5
-3.5
27.5
3.5
2.5
32.5
-4.5
30.5
-0.5
-3.5
28.5
-6.5
26.5
-1.5
28.5
-1.5
26.5
-9.5
31.5
-8.5
28.5
1.5
24.5
0.5
-1.5
-5.5
32.5
-13.5
32.5
-3.5
31.5
7.5
-1.5
-2.5
0.5
-0.5
31.5
60.5
-0.5
-8.5
35.5
-3.5
34.5
-1.5
36.5
-2.5
35.5
1.5
31.5
-3.5
32.5
-1.5
30.5
3.5
-0.5
34.5
-2.5
-3.5
28.5
67.5
30.5
-5.5
32.5
1.5
27.5
2.5
0.5
-1.5
34.5
1.5
29.5
-0.5
30.5
-1.5
37.5
1.5
28.5
0.5
35.5
2.5
28.5
-5.5
32.5
-11.5
28.5
67.5
29.5
0.5
0.5
31.5
-3.5
31.5
-3.5
-3.5
2.5
29.5
1.5
1.5
34.5
-5.5
27.5
-1.5
30.5
0.5
-0.5
1.5
31.5
222.5
-13.5
25.5
-1.5
28.5
2.5
-0.5
2.5
31.5
-7.5
2.5
35.5
1.5
28.5
-12.5
29.5
2.5
30.5
-0.5
38.5
-1.5
36.5
0.5
4.5
33.5
3.5
-2.5
30.5
3.5
-3.5
-0.5
-3.5
-4.5
27.5
39.5
-0.5
30.5
-3.5
32.5
-3.5
30.5
-3.5
28.5
-3.5
33.5
-1.5
24.5
0.5
-2.5
28.5
-9.5
27.5
-1.5
30.5
-3.5
27.5
-1.5
67.5
3.5
-0.5
-1.5
26.5
-0.5
28.5
-0.5
30.5
-0.5
30.5
-1.5
-6.5
2.5
-13.5
30.5
2.5
-0.5
27.5
-0.5
24.5
283.5
-3.5
-0.5
0.5
-1.5
36.5
-4.5
-2.5
26.5
-4.5
29.5
-1.5
28.5
-2.5
37.5
-1.5
4.5
-1.5
29.5
-0.5
29.5
0.5
-0.5
-1.5
-1.5
29.5
3.5
31.5
-3.5
2.5
30.5
2.5
-3.5
30.5
-3.5
-3.5
-5.5
-9.5
31.5
-8.5
26.5
0.5
31.5
-0.5
1.5
1.5
1.5
31.5
-0.5
1.5
-1.5
-2.5
28.5
-2.5
24.5
-1.5
30.5
-4.5
-1.5
2.5
-40.5
45.5
0.5
67.5
-2.5
32.5
-4.5
31.5
-0.5
0.5
28.5
-4.5
32.5
4.5
-0.5
0.5
27.5
-1.5
31.5
-27.5
39.5
-2.5
-3.5
-3.5
28.5
-0.5
-5.5
0.5
32.5
-0.5
-13.5
34.5
-0.5
1.5
0.5
47.5
-0.5
172.5
31.5
5.5
-0.5
28.5
1.5
-4.5
1.5
30.5
1.5
0.5
-11.5
-0.5
31.5
1.5
26.5
-1.5
-0.5
30.5
-0.5
-2.5
26.5
-5.5
30.5
-0.5
33.5
-0.5
0.5
-3.5
0.5
-7.5
-2.5
29.5
-0.5
1.5
31.5
-7.5
-8.5
31.5
45.5
30.5
1.5
-7.5
2.5
27.5
-0.5
-1.5
26.5
-11.5
30.5
-0.5
-0.5
2.5
-12.5
26.5
0.5
-1.5
32.5
-2.5
-3.5
0.5
28.5
-0.5
-4.5
32.5
4.5
32.5
2.5
33.5
7.5
-3.5
29.5
0.5
32.5
0.5
35.5
-3.5
28.5
-0.5
29.5
1.5
0.5
30.5
499.5
-3.5
-3.5
27.5
0.5
35.5
72.5
-16.5
33.5
-5.5
34.5
-6.5
1.5
-4.5
2.5
31.5
-8.5
-7.5
31.5
4.5
25.5
0.5
29.5
-3.5
0.5
35.5
1.5
469.5
0.5
0.5
32.5
-2.5
-3.5
-7.5
31.5
3.5
-1.5
30.5
-1.5
1.5
25.5
1.5
35.5
-1.5
29.5
-3.5
-2.5
0.5
4.5
33.5
2.5
36.5
0.5
-0.5
31.5
-3.5
-0.5
0.5
30.5
0.5
3.5
31.5
175.5
-3.5
-2.5
31.5
47.5
-0.5
-3.5
1.5
35.5
5.5
-0.5
31.5
3.5
-3.5
33.5
-0.5
31.5
-0.5
28.5
-1.5
-2.5
32.5
-1.5
33.5
-0.5
30.5
-0.5
-8.5
30.5
3.5
-3.5
30.5
216.5
28.5
-3.5
31.5
-4.5
-14.5
27.5
304.5
30.5
-1.5
29.5
1.5
29.5
-5.5
-4.5
28.5
159.5
25.5
-3.5
344.5
-0.5
76.5
25.5
0.5
0.5
-1.5
30.5
-0.5
-1.5
-1.5
-1.5
28.5
-0.5
-4.5
0.5
26.5
-3.5
-2.5
-0.5
0.5
-4.5
0.5
2.5
28.5
18.5
-11.5
31.5
-12.5
28.5
0.5
-23.5
34.5
0.5
26.5
-8.5
-1.5
31.5
-7.5
-1.5
24.5
-4.5
24.5
-5.5
28.5
-0.5
-2.5
28.5
-1.5
28.5
-3.5
37.5
-5.5
30.5
186.5
24.5
3.5
27.5
-2.5
28.5
-0.5
-2.5
31.5
-1.5
29.5
0.5
31.5
0.5
-1.5
24.5
-1.5
31.5
-13.5
24.5
-0.5
-3.5
24.5
2.5
-0.5
32.5
-0.5
26.5
-11.5
30.5
-5.5
28.5
-1.5
34.5
0.5
28.5
-3.5
-4.5
0.5
28.5
-8.5
-2.5
33.5
2.5
33.5
103.5
23.5
-8.5
33.5
-13.5
34.5
-3.5
-1.5
30.5
-7.5
30.5
-7.5
27.5
0.5
34.5
-1.5
-0.5
31.5
2.5
-9.5
34.5
-1.5
28.5
-3.5
-3.5
25.5
-2.5
28.5
0.5
-0.5
28.5
-3.5
-3.5
3.5
27.5
-4.5
31.5
-3.5
31.5
71.5
-0.5
32.5
74.5
26.5
-3.5
34.5
-14.5
25.5
-3.5
29.5
-7.5
33.5
-2.5
-0.5
27.5
0.5
27.5
-3.5
26.5
-4.5
33.5
0.5
-4.5
0.5
32.5
-8.5
4.5
-4.5
-1.5
27.5
55.5
-0.5
-0.5
30.5
-3.5
29.5
-3.5
26.5
3.5
29.5
-4.5
31.5
-1.5
30.5
-17.5
33.5
0.5
1.5
33.5
0.5
-7.5
30.5
-4.5
-3.5
-0.5
454.5
27.5
0.5
30.5
-2.5
26.5
-2.5
-2.5
30.5
-1.5
32.5
-1.5
28.5
-3.5
29.5
-4.5
29.5
-1.5
32.5
-0.5
29.5
-5.5
28.5
0.5
27.5
-3.5
30.5
6.5
3.5
0.5
0.5
0.5
-3.5
-1.5
-0.5
29.5
-3.5
28.5
-2.5
0.5
-5.5
31.5
0.5
-2.5
31.5
-2.5
29.5
-1.5
31.5
-4.5
5.5
30.5
2.5
30.5
-1.5
31.5
-0.5
-14.5
32.5
-3.5
36.5
-5.5
31.5
190.5
0.5
3.5
-3.5
29.5
2.5
29.5
0.5
31.5
-1.5
34.5
-2.5
30.5
-1.5
26.5
1.5
26.5
2.5
36.5
-4.5
35.5
0.5
28.5
-0.5
0.5
29.5
4.5
2.5
1.5
27.5
-0.5
28.5
57.5
32.5
-0.5
31.5
-3.5
32.5
1.5
3.5
-0.5
30.5
151.5
29.5
-1.5
37.5
-0.5
31.5
71.5
-8.5
0.5
0.5
30.5
3.5
29.5
-2.5
35.5
-2.5
-4.5
28.5
-3.5
31.5
0.5
25.5
-1.5
30.5
-1.5
32.5
-3.5
0.5
4.5
31.5
4.5
0.5
29.5
-0.5
-1.5
30.5
-13.5
26.5
-13.5
34.5
-0.5
33.5
0.5
36.5
337.5
-0.5
-4.5
-5.5
-0.5
31.5
0.5
4.5
31.5
0.5
-0.5
27.5
1.5
32.5
-3.5
27.5
0.5
26.5
0.5
-0.5
-0.5
0.5
-1.5
375.5
31.5
0.5
-13.5
31.5
-2.5
25.5
-2.5
25.5
0.5
25.5
-3.5
-3.5
-17.5
31.5
-0.5
-7.5
28.5
-5.5
0.5
26.5
-4.5
30.5
0.5
25.5
0.5
-5.5
1.5
31.5
3.5
3.5
0.5
65.5
29.5
-4.5
28.5
3.5
28.5
0.5
26.5
-1.5
29.5
-3.5
31.5
-6.5
31.5
-8.5
32.5
-0.5
32.5
-0.5
-1.5
-3.5
-0.5
4.5
0.5
28.5
-8.5
-5.5
-2.5
0.5
29.5
3.5
32.5
-1.5
28.5
0.5
33.5
-35.5
37.5
4.5
31.5
-13.5
29.5
67.5
-3.5
32.5
-0.5
28.5
-1.5
28.5
-5.5
28.5
-5.5
33.5
-5.5
33.5
-2.5
30.5
-8.5
27.5
-3.5
29.5
-0.5
-1.5
29.5
-4.5
28.5
-5.5
-5.5
-3.5
30.5
-3.5
-3.5
27.5
-4.5
28.5
-3.5
30.5
0.5
32.5
-3.5
5.5
3.5
-0.5
3.5
34.5
-0.5
31.5
0.5
30.5
4.5
31.5
-3.5
26.5
-0.5
4.5
-1.5
33.5
3.5
28.5
0.5
87.5
25.5
-0.5
36.5
-2.5
28.5
3.5
2.5
33.5
1.5
32.5
-1.5
-3.5
31.5
-1.5
49.5
-0.5
-3.5
3.5
27.5
0.5
31.5
-0.5
34.5
-4.5
1.5
32.5
-3.5
31.5
2.5
-0.5
31.5
354.5
-2.5
29.5
-5.5
33.5
-3.5
0.5
36.5
2.5
27.5
-2.5
32.5
-2.5
-4.5
-0.5
412.5
-6.5
32.5
3.5
28.5
-4.5
29.5
-2.5
30.5
1.5
32.5
1.5
28.5
0.5
28.5
2.5
28.5
0.5
29.5
4.5
27.5
0.5
30.5
2.5
31.5
-0.5
32.5
-0.5
-4.5
32.5
-4.5
30.5
3.5
-1.5
26.5
-11.5
31.5
-5.5
29.5
-0.5
27.5
1.5
29.5
-2.5
30.5
-0.5
2.5
-3.5
-3.5
29.5
-0.5
27.5
-4.5
0.5
29.5
-0.5
29.5
-6.5
29.5
0.5
29.5
-2.5
32.5
-0.5
23.5
-2.5
-8.5
-3.5
-1.5
26.5
-1.5
29.5
-4.5
30.5
-1.5
-1.5
-0.5
-11.5
26.5
1.5
-4.5
-1.5
-3.5
26.5
-0.5
-4.5
0.5
27.5
-3.5
30.5
-1.5
29.5
-0.5
-3.5
29.5
-16.5
32.5
-2.5
28.5
-3.5
28.5
-6.5
-0.5
-1.5
-3.5
30.5
-1.5
-0.5
26.5
-1.5
0.5
32.5
-3.5
-3.5
0.5
27.5
-3.5
31.5
4.5
31.5
2.5
-0.5
30.5
0.5
29.5
-3.5
26.5
1.5
1.5
-3.5
34.5
-1.5
28.5
0.5
-4.5
30.5
318.5
-0.5
0.5
0.5
32.5
2.5
30.5
1.5
32.5
0.5
30.5
-2.5
35.5
-3.5
-0.5
32.5
3.5
31.5
1.5
31.5
-2.5
28.5
-0.5
-1.5
34.5
1.5
-26.5
37.5
-1.5
30.5
4.5
29.5
-15.5
3.5
30.5
1.5
-1.5
2.5
-0.5
2.5
31.5
4.5
-0.5
28.5
-4.5
34.5
95.5
29.5
0.5
30.5
1.5
29.5
-0.5
35.5
-4.5
32.5
-4.5
1.5
29.5
-2.5
33.5
-1.5
28.5
-1.5
31.5
-3.5
3.5
28.5
-4.5
-10.5
31.5
-2.5
22.5
0.5
28.5
-11.5
-0.5
31.5
-8.5
28.5
-1.5
31.5
-1.5
30.5
-3.5
-5.5
-7.5
28.5
472.5
-5.5
28.5
2.5
-3.5
-1.5
-3.5
61.5
30.5
-1.5
30.5
-1.5
-3.5
-5.5
25.5
5.5
32.5
-8.5
29.5
1.5
-0.5
29.5
-8.5
30.5
-3.5
-3.5
-3.5
28.5
-3.5
-0.5
32.5
-4.5
1.5
-0.5
284.5
-0.5
1.5
-1.5
1.5
28.5
-7.5
-1.5
-2.5
25.5
-1.5
-3.5
27.5
-3.5
28.5
-12.5
28.5
-0.5
-1.5
-0.5
24.5
-1.5
27.5
-0.5
-3.5
28.5
-3.5
-4.5
-1.5
33.5
-0.5
31.5
-1.5
31.5
-3.5
27.5
-1.5
29.5
-11.5
29.5
-4.5
28.5
-1.5
30.5
106.5
-0.5
24.5
0.5
-2.5
29.5
0.5
24.5
-4.5
-3.5
-5.5
29.5
0.5
-0.5
28.5
-8.5
28.5
-0.5
-5.5
31.5
-11.5
33.5
-2.5
27.5
1.5
-3.5
32.5
-0.5
-0.5
-10.5
-5.5
-4.5
27.5
-0.5
27.5
133.5
-0.5
28.5
-2.5
0.5
3.5
25.5
-2.5
-3.5
-3.5
-1.5
-4.5
-5.5
27.5
-2.5
1.5
-0.5
-1.5
-1.5
28.5
-5.5
23.5
-4.5
1.5
27.5
2.5
-0.5
1.5
-5.5
-0.5
30.5
438.5
3.5
28.5
3.5
-3.5
28.5
-0.5
-3.5
-6.5
27.5
-1.5
-4.5
31.5
-1.5
23.5
-0.5
-5.5
31.5
0.5
32.5
-2.5
28.5
-5.5
24.5
-5.5
-0.5
546.5
28.5
-12.5
32.5
3.5
30.5
1.5
4.5
3.5
30.5
1.5
-2.5
-2.5
35.5
-4.5
-5.5
0.5
34.5
0.5
-3.5
1.5
30.5
0.5
4.5
-1.5
30.5
149.5
-3.5
-0.5
32.5
-5.5
-4.5
1.5
30.5
-3.5
2.5
33.5
-1.5
33.5
-3.5
28.5
-7.5
31.5
-1.5
-0.5
29.5
-3.5
0.5
33.5
-3.5
31.5
-0.5
0.5
31.5
0.5
-1.5
-0.5
-0.5
-0.5
31.5
-7.5
32.5
2.5
0.5
-8.5
27.5
-2.5
-0.5
0.5
-4.5
46.5
25.5
-0.5
28.5
1.5
-2.5
-1.5
30.5
-10.5
30.5
1.5
5.5
31.5
-1.5
30.5
-1.5
-3.5
-4.5
-1.5
26.5
-1.5
31.5
-0.5
28.5
-0.5
-0.5
-5.5
33.5
-1.5
-5.5
33.5
-3.5
30.5
1.5
1.5
30.5
9.5
35.5
-1.5
-0.5
31.5
-1.5
0.5
-1.5
30.5
-2.5
32.5
-2.5
32.5
-3.5
31.5
-5.5
34.5
-3.5
30.5
-14.5
30.5
3.5
4.5
-0.5
25.5
0.5
-1.5
-3.5
-0.5
35.5
4.5
271.5
27.5
-2.5
-2.5
35.5
-1.5
0.5
28.5
-1.5
29.5
3.5
32.5
-5.5
30.5
-1.5
28.5
50.5
3.5
38.5
-2.5
0.5
318.5
-0.5
0.5
0.5
27.5
-2.5
31.5
449.5
33.5
3.5
28.5
-7.5
31.5
-4.5
30.5
-0.5
26.5
-0.5
1.5
32.5
-1.5
-1.5
-0.5
-3.5
30.5
1.5
1.5
33.5
1.5
2.5
27.5
-1.5
30.5
-3.5
26.5
0.5
162.5
-0.5
29.5
1.5
29.5
-5.5
36.5
-3.5
31.5
4.5
29.5
1.5
-0.5
32.5
2.5
-2.5
31.5
0.5
24.5
-0.5
32.5
-6.5
30.5
1.5
68.5
-0.5
-0.5
2.5
34.5
0.5
31.5
-5.5
32.5
-27.5
31.5
0.5
2.5
28.5
-0.5
2.5
1.5
32.5
4.5
3.5
-1.5
-0.5
31.5
0.5
34.5
-5.5
31.5
-5.5
31.5
1.5
-3.5
0.5
28.5
-1.5
28.5
-0.5
-8.5
24.5
1.5
-1.5
29.5
-3.5
27.5
0.5
-3.5
32.5
-1.5
-1.5
-2.5
31.5
-0.5
33.5
-8.5
27.5
-2.5
0.5
0.5
-8.5
27.5
-2.5
-0.5
-0.5
-3.5
33.5
-3.5
143.5
25.5
-3.5
32.5
0.5
84.5
-0.5
27.5
-1.5
32.5
-2.5
-8.5
29.5
-3.5
30.5
3.5
31.5
-2.5
26.5
0.5
-0.5
-0.5
30.5
-3.5
32.5
-11.5
-2.5
30.5
1.5
31.5
0.5
31.5
-8.5
30.5
1.5
36.5
4.5
-2.5
-0.5
33.5
2.5
30.5
1.5
30.5
4.5
4.5
30.5
-2.5
-10.5
33.5
-0.5
30.5
0.5
-3.5
3.5
-8.5
30.5
-4.5
30.5
1.5
-1.5
-4.5
1.5
5.5
32.5
2.5
31.5
-4.5
33.5
-4.5
1.5
0.5
31.5
-5.5
27.5
0.5
30.5
-3.5
34.5
-8.5
-3.5
29.5
-11.5
30.5
1.5
0.5
30.5
-7.5
29.5
62.5
29.5
-0.5
0.5
34.5
-3.5
-0.5
-3.5
-2.5
-1.5
31.5
3.5
36.5
-0.5
28.5
-0.5
31.5
3.5
-3.5
-0.5
27.5
-7.5
31.5
-8.5
26.5
-4.5
27.5
0.5
-3.5
28.5
-10.5
34.5
-0.5
-3.5
31.5
-1.5
32.5
-1.5
26.5
-4.5
1.5
27.5
394.5
24.5
-0.5
29.5
-5.5
33.5
4.5
28.5
-3.5
27.5
-0.5
30.5
-3.5
31.5
-0.5
-1.5
25.5
-3.5
0.5
26.5
-1.5
1.5
-3.5
27.5
-2.5
27.5
-0.5
30.5
-0.5
-0.5
-1.5
24.5
-1.5
28.5
-7.5
-2.5
-3.5
26.5
-8.5
-3.5
30.5
-1.5
-14.5
31.5
-0.5
140.5
-3.5
26.5
2.5
0.5
31.5
-0.5
3.5
29.5
0.5
-8.5
29.5
1.5
-3.5
26.5
-9.5
-1.5
28.5
-0.5
-1.5
27.5
-1.5
30.5
0.5
28.5
1.5
4.5
-3.5
-0.5
31.5
196.5
0.5
27.5
-4.5
34.5
-0.5
30.5
0.5
29.5
2.5
0.5
31.5
3.5
-2.5
32.5
0.5
28.5
-7.5
1.5
-0.5
27.5
301.5
28.5
-1.5
36.5
-12.5
31.5
4.5
0.5
28.5
-1.5
34.5
3.5
32.5
-1.5
-6.5
32.5
7.5
-1.5
36.5
-0.5
29.5
0.5
27.5
-11.5
33.5
4.5
-1.5
7.5
29.5
-3.5
-0.5
0.5
-1.5
-1.5
0.5
30.5
1.5
3.5
-0.5
31.5
0.5
-8.5
28.5
-3.5
27.5
1.5
-0.5
28.5
453.5
28.5
1.5
33.5
-0.5
-3.5
28.5
0.5
30.5
-11.5
37.5
5.5
31.5
-1.5
27.5
-0.5
-3.5
-1.5
27.5
-12.5
-4.5
28.5
-3.5
32.5
-1.5
-1.5
29.5
-2.5
28.5
-15.5
35.5
-0.5
26.5
-1.5
31.5
-8.5
31.5
-10.5
32.5
-7.5
31.5
-3.5
29.5
-0.5
28.5
-2.5
1.5
30.5
-2.5
27.5
-7.5
27.5
-4.5
32.5
-8.5
443.5
28.5
-0.5
31.5
0.5
1.5
27.5
-0.5
31.5
-7.5
28.5
-1.5
-6.5
30.5
-8.5
-5.5
30.5
414.5
3.5
-1.5
0.5
-1.5
25.5
0.5
0.5
-9.5
30.5
42.5
28.5
1.5
-3.5
36.5
-1.5
2.5
29.5
-4.5
29.5
1.5
-1.5
-11.5
25.5
0.5
-1.5
27.5
-3.5
32.5
-3.5
32.5
-7.5
32.5
-1.5
33.5
-0.5
27.5
-0.5
-1.5
-1.5
31.5
2.5
-5.5
31.5
-5.5
-0.5
6.5
26.5
-5.5
34.5
68.5
30.5
-7.5
32.5
-0.5
130.5
2.5
30.5
-0.5
30.5
-0.5
-3.5
25.5
-0.5
-8.5
31.5
-0.5
31.5
-0.5
30.5
4.5
-2.5
32.5
1.5
0.5
-0.5
31.5
0.5
0.5
38.5
-1.5
0.5
31.5
3.5
-1.5
29.5
-0.5
0.5
-2.5
-0.5
-0.5
3.5
-2.5
27.5
-0.5
30.5
-2.5
-2.5
29.5
3.5
-0.5
33.5
1.5
35.5
-7.5
29.5
-2.5
31.5
-0.5
27.5
-1.5
30.5
-4.5
28.5
-1.5
-3.5
-1.5
0.5
0.5
-0.5
48.5
30.5
-3.5
1.5
-0.5
28.5
-3.5
28.5
2.5
-10.5
5.5
31.5
2.5
30.5
-4.5
3.5
34.5
0.5
2.5
2.5
-0.5
2.5
-0.5
31.5
-5.5
32.5
-0.5
32.5
-4.5
27.5
3.5
33.5
-0.5
-1.5
-0.5
27.5
1.5
33.5
1.5
3.5
-0.5
-1.5
31.5
113.5
3.5
26.5
2.5
32.5
4.5
30.5
-0.5
6.5
27.5
-0.5
-2.5
-1.5
30.5
-4.5
0.5
4.5
-13.5
32.5
12.5
32.5
0.5
30.5
469.5
30.5
-0.5
-3.5
-1.5
31.5
69.5
28.5
0.5
28.5
-54.5
48.5
0.5
27.5
-3.5
31.5
-0.5
-0.5
-0.5
-1.5
29.5
-0.5
31.5
-3.5
34.5
2.5
31.5
-0.5
-1.5
30.5
0.5
31.5
2.5
29.5
-1.5
-3.5
-1.5
466.5
-0.5
30.5
-11.5
27.5
0.5
0.5
3.5
31.5
-0.5
32.5
0.5
28.5
-10.5
32.5
-1.5
30.5
0.5
31.5
-1.5
26.5
1.5
31.5
2.5
29.5
-1.5
28.5
-13.5
31.5
3.5
31.5
-3.5
-0.5
28.5
-3.5
28.5
-2.5
29.5
2.5
27.5
1.5
-2.5
30.5
-0.5
-0.5
31.5
-3.5
28.5
2.5
-4.5
-0.5
33.5
-8.5
-0.5
34.5
-0.5
31.5
-1.5
27.5
1.5
-3.5
-0.5
0.5
30.5
-0.5
7.5
-0.5
-0.5
30.5
0.5
30.5
-1.5
0.5
32.5
-1.5
34.5
0.5
-0.5
37.5
-1.5
33.5
-0.5
-1.5
0.5
-8.5
1.5
0.5
31.5
41.5
33.5
-3.5
-24.5
32.5
-4.5
-1.5
29.5
-25.5
33.5
0.5
33.5
-1.5
0.5
-3.5
-3.5
28.5
-3.5
1.5
-2.5
-5.5
-4.5
23.5
-0.5
-2.5
28.5
0.5
29.5
1.5
32.5
-2.5
27.5
-11.5
28.5
-0.5
30.5
-8.5
31.5
6.5
-3.5
-2.5
28.5
2.5
29.5
0.5
24.5
0.5
32.5
-5.5
-3.5
31.5
-5.5
31.5
-5.5
1.5
30.5
4.5
27.5
1.5
24.5
-1.5
32.5
2.5
-2.5
31.5
-1.5
29.5
-3.5
28.5
1.5
26.5
-7.5
28.5
3.5
29.5
3.5
-4.5
-5.5
-3.5
34.5
2.5
25.5
0.5
-3.5
32.5
-0.5
-3.5
-5.5
33.5
0.5
25.5
-9.5
35.5
-0.5
-3.5
32.5
3.5
26.5
-1.5
-10.5
28.5
-1.5
-2.5
32.5
-0.5
-8.5
27.5
-10.5
4.5
31.5
-8.5
30.5
-2.5
-1.5
32.5
-5.5
-1.5
25.5
-35.5
42.5
90.5
0.5
-0.5
3.5
1.5
30.5
-2.5
-0.5
30.5
0.5
31.5
2.5
-0.5
26.5
1.5
33.5
2.5
47.5
31.5
-1.5
32.5
1.5
447.5
29.5
-0.5
31.5
0.5
2.5
34.5
1.5
-0.5
34.5
4.5
-2.5
26.5
-3.5
31.5
-2.5
-3.5
32.5
-2.5
32.5
4.5
2.5
29.5
-1.5
31.5
-3.5
3.5
-3.5
31.5
-5.5
-0.5
36.5
-0.5
31.5
-1.5
31.5
2.5
30.5
250.5
84.5
49.5
28.5
4.5
31.5
-31.5
39.5
-0.5
28.5
71.5
-22.5
37.5
-3.5
30.5
-1.5
-0.5
29.5
1.5
-4.5
-2.5
31.5
-3.5
-0.5
31.5
-4.5
-4.5
26.5
-3.5
26.5
1.5
-0.5
0.5
26.5
-21.5
34.5
-2.5
30.5
-15.5
-3.5
-1.5
30.5
358.5
-7.5
-0.5
-1.5
2.5
29.5
-7.5
-3.5
-0.5
36.5
0.5
-3.5
32.5
3.5
29.5
0.5
31.5
-20.5
35.5
0.5
2.5
31.5
0.5
-15.5
30.5
0.5
-1.5
1.5
-0.5
34.5
0.5
-1.5
30.5
-0.5
30.5
1.5
32.5
-8.5
31.5
-6.5
2.5
28.5
1.5
32.5
3.5
-3.5
34.5
2.5
32.5
-0.5
0.5
0.5
28.5
-5.5
3.5
-3.5
-0.5
30.5
-7.5
27.5
3.5
30.5
-0.5
-0.5
32.5
-9.5
33.5
-7.5
-1.5
28.5
3.5
26.5
-5.5
2.5
28.5
3.5
2.5
25.5
0.5
1.5
31.5
-4.5
-1.5
31.5
-0.5
-0.5
-2.5
27.5
468.5
26.5
3.5
-20.5
28.5
-5.5
32.5
-2.5
26.5
-0.5
34.5
4.5
146.5
26.5
0.5
28.5
-0.5
27.5
55.5
27.5
4.5
26.5
-8.5
30.5
-2.5
27.5
0.5
-0.5
26.5
-5.5
-2.5
-6.5
-3.5
25.5
0.5
-0.5
31.5
-0.5
31.5
-1.5
30.5
-3.5
-6.5
28.5
-4.5
-6.5
-3.5
28.5
-53.5
52.5
-5.5
1.5
0.5
28.5
-10.5
25.5
-0.5
3.5
31.5
3.5
-0.5
28.5
-0.5
-2.5
2.5
-0.5
-1.5
31.5
0.5
31.5
0.5
-5.5
26.5
-4.5
33.5
-1.5
-1.5
24.5
-1.5
29.5
-3.5
-5.5
1.5
22.5
-2.5
30.5
1.5
0.5
25.5
-0.5
-4.5
34.5
0.5
-5.5
33.5
-4.5
1.5
1.5
33.5
0.5
31.5
-7.5
26.5
-3.5
28.5
-1.5
-6.5
29.5
-1.5
29.5
-13.5
30.5
-0.5
-1.5
1.5
-3.5
33.5
-0.5
0.5
-0.5
34.5
-1.5
-3.5
35.5
2.5
2.5
-3.5
29.5
-5.5
-3.5
210.5
0.5
-11.5
1.5
33.5
-1.5
28.5
-1.5
-2.5
27.5
-3.5
-6.5
-4.5
89.5
194.5
2.5
0.5
-0.5
32.5
4.5
31.5
2.5
31.5
-0.5
-1.5
36.5
-1.5
31.5
1.5
36.5
-0.5
464.5
30.5
0.5
31.5
3.5
30.5
6.5
30.5
1.5
-6.5
32.5
4.5
33.5
-1.5
32.5
0.5
31.5
-3.5
31.5
3.5
35.5
-3.5
30.5
-1.5
2.5
4.5
29.5
388.5
32.5
-3.5
33.5
-2.5
28.5
2.5
1.5
-1.5
-3.5
29.5
-9.5
0.5
36.5
-1.5
21.5
4.5
-0.5
27.5
4.5
0.5
32.5
-6.5
29.5
-0.5
34.5
2.5
2.5
33.5
-3.5
32.5
-0.5
-0.5
-3.5
-23.5
33.5
0.5
44.5
3.5
29.5
-0.5
30.5
48.5
-0.5
2.5
35.5
-3.5
31.5
-4.5
34.5
-0.5
1.5
32.5
-0.5
37.5
-0.5
33.5
-0.5
31.5
0.5
29.5
-0.5
-0.5
1.5
-2.5
1.5
0.5
-0.5
-2.5
-4.5
28.5
-4.5
31.5
-3.5
28.5
-2.5
26.5
-1.5
0.5
-0.5
33.5
-2.5
-4.5
30.5
-6.5
32.5
-3.5
-2.5
33.5
2.5
29.5
-2.5
34.5
-0.5
-2.5
-1.5
3.5
28.5
-3.5
0.5
116.5
48.5
29.5
1.5
446.5
41.5
2.5
24.5
1.5
-4.5
31.5
3.5
-1.5
31.5
0.5
-4.5
28.5
1.5
26.5
4.5
-3.5
-15.5
-16.5
29.5
-1.5
34.5
-2.5
-0.5
32.5
0.5
4.5
29.5
-1.5
16.5
31.5
517.5
31.5
412.5
-5.5
27.5
2.5
-2.5
0.5
-3.5
-12.5
32.5
-6.5
32.5
-3.5
-4.5
35.5
1.5
33.5
-1.5
31.5
-4.5
31.5
-0.5
29.5
-1.5
27.5
-0.5
26.5
-3.5
0.5
31.5
-10.5
27.5
2.5
26.5
-3.5
26.5
-1.5
-0.5
-3.5
0.5
33.5
-2.5
29.5
-0.5
28.5
-0.5
32.5
1.5
-10.5
32.5
-1.5
-1.5
27.5
-0.5
33.5
3.5
-3.5
27.5
1.5
-0.5
31.5
-3.5
30.5
-1.5
28.5
-3.5
-0.5
27.5
0.5
34.5
-2.5
-0.5
27.5
-3.5
-5.5
36.5
-2.5
3.5
1.5
-6.5
-3.5
-1.5
29.5
1.5
-2.5
30.5
-4.5
33.5
-7.5
3.5
232.5
-3.5
33.5
-0.5
30.5
2.5
-3.5
-0.5
-3.5
30.5
3.5
-0.5
24.5
-4.5
-0.5
-1.5
30.5
-6.5
-1.5
-0.5
-2.5
-4.5
-20.5
31.5
-1.5
-2.5
1.5
1.5
-2.5
25.5
1.5
31.5
-3.5
26.5
-1.5
27.5
-8.5
31.5
0.5
-4.5
-0.5
28.5
-5.5
30.5
-0.5
4.5
36.5
-1.5
-3.5
28.5
-3.5
29.5
-0.5
32.5
1.5
1.5
33.5
-3.5
-3.5
29.5
-0.5
373.5
302.5
27.5
0.5
31.5
-3.5
30.5
-2.5
31.5
3.5
3.5
1.5
28.5
4.5
31.5
-5.5
47.5
3.5
32.5
-1.5
-4.5
26.5
95.5
-3.5
32.5
2.5
3.5
-7.5
-0.5
55.5
-0.5
28.5
4.5
-0.5
2.5
204.5
0.5
33.5
0.5
33.5
0.5
33.5
0.5
-3.5
27.5
-4.5
32.5
3.5
-1.5
25.5
58.5
31.5
1.5
31.5
3.5
-10.5
32.5
2.5
28.5
-7.5
33.5
-1.5
30.5
6.5
-1.5
30.5
-0.5
27.5
3.5
-3.5
31.5
0.5
4.5
32.5
-1.5
-4.5
32.5
-3.5
31.5
0.5
-0.5
3.5
28.5
-8.5
30.5
-3.5
27.5
-3.5
33.5
-3.5
-0.5
1.5
30.5
0.5
30.5
-2.5
26.5
1.5
27.5
-4.5
28.5
-3.5
27.5
-5.5
30.5
-2.5
28.5
-2.5
28.5
-8.5
26.5
-3.5
-0.5
30.5
-1.5
26.5
-3.5
30.5
-0.5
24.5
3.5
24.5
-1.5
29.5
0.5
35.5
1.5
28.5
1.5
-4.5
-3.5
30.5
-0.5
26.5
-0.5
-0.5
28.5
-5.5
24.5
-3.5
1.5
-1.5
354.5
-3.5
-1.5
31.5
-2.5
31.5
-6.5
30.5
-6.5
31.5
-1.5
34.5
-4.5
28.5
-3.5
-5.5
-3.5
28.5
-5.5
28.5
-0.5
-4.5
31.5
-4.5
27.5
1.5
29.5
-5.5
-16.5
-3.5
28.5
0.5
30.5
3.5
-4.5
30.5
-0.5
27.5
-0.5
27.5
-1.5
-3.5
31.5
-0.5
32.5
-5.5
31.5
3.5
29.5
-0.5
38.5
45.5
29.5
-0.5
30.5
-1.5
30.5
0.5
0.5
30.5
-5.5
26.5
-3.5
2.5
-3.5
33.5
-1.5
35.5
3.5
235.5
-5.5
-1.5
0.5
-6.5
29.5
-1.5
31.5
2.5
30.5
-0.5
33.5
1.5
32.5
-1.5
-8.5
-1.5
4.5
1.5
34.5
-1.5
31.5
-1.5
26.5
-0.5
26.5
2.5
-0.5
0.5
-3.5
3.5
31.5
1.5
-0.5
-1.5
31.5
-7.5
28.5
-7.5
35.5
-4.5
32.5
-3.5
31.5
-5.5
30.5
0.5
28.5
2.5
30.5
0.5
28.5
4.5
31.5
1.5
28.5
-2.5
-1.5
-11.5
34.5
-0.5
32.5
1.5
28.5
0.5
-7.5
28.5
1.5
33.5
-3.5
30.5
2.5
-1.5
125.5
-1.5
31.5
1.5
34.5
-2.5
3.5
-1.5
30.5
0.5
31.5
-1.5
32.5
4.5
28.5
-0.5
0.5
28.5
-1.5
36.5
-0.5
0.5
31.5
-2.5
35.5
-0.5
30.5
2.5
-0.5
30.5
-8.5
35.5
323.5
27.5
-5.5
30.5
0.5
24.5
1.5
0.5
1.5
0.5
30.5
-15.5
32.5
-1.5
25.5
-0.5
29.5
-0.5
-0.5
-1.5
34.5
-5.5
1.5
-5.5
27.5
0.5
-1.5
26.5
-0.5
30.5
54.5
33.5
0.5
42.5
2.5
5.5
29.5
-3.5
33.5
1.5
0.5
29.5
1.5
33.5
-3.5
1.5
30.5
1.5
84.5
23.5
-5.5
30.5
4.5
325.5
1.5
36.5
1.5
-16.5
30.5
-0.5
-5.5
29.5
-10.5
431.5
31.5
-4.5
32.5
1.5
29.5
2.5
2.5
29.5
6.5
-6.5
35.5
1.5
28.5
2.5
-0.5
31.5
4.5
32.5
2.5
27.5
-10.5
26.5
-4.5
28.5
-5.5
0.5
0.5
32.5
1.5
-0.5
4.5
-0.5
-2.5
3.5
28.5
-1.5
30.5
-17.5
33.5
1.5
33.5
5.5
-3.5
32.5
1.5
3.5
34.5
0.5
0.5
32.5
-1.5
30.5
3.5
-0.5
-0.5
30.5
-3.5
30.5
-9.5
25.5
0.5
26.5
0.5
30.5
0.5
-7.5
32.5
0.5
31.5
-2.5
35.5
-1.5
34.5
2.5
231.5
1.5
-0.5
28.5
386.5
31.5
-2.5
-0.5
32.5
-19.5
31.5
0.5
28.5
-8.5
31.5
0.5
5.5
30.5
-0.5
26.5
-0.5
2.5
-13.5
26.5
-3.5
-3.5
-0.5
-3.5
0.5
-5.5
26.5
-1.5
32.5
-4.5
28.5
-0.5
2.5
34.5
-3.5
-0.5
24.5
0.5
-1.5
4.5
-4.5
2.5
34.5
0.5
34.5
155.5
1.5
31.5
-6.5
2.5
-1.5
-8.5
2.5
-1.5
28.5
-2.5
30.5
1.5
28.5
2.5
-1.5
31.5
-3.5
0.5
30.5
-0.5
0.5
31.5
-3.5
35.5
0.5
-0.5
32.5
-8.5
31.5
-1.5
34.5
0.5
1.5
35.5
4.5
-2.5
3.5
29.5
-1.5
-1.5
36.5
2.5
-1.5
31.5
-0.5
31.5
0.5
35.5
-5.5
29.5
4.5
-0.5
36.5
3.5
-0.5
33.5
4.5
31.5
-2.5
34.5
-0.5
-0.5
33.5
1.5
-3.5
132.5
3.5
34.5
-3.5
4.5
24.5
0.5
27.5
-5.5
-5.5
31.5
-2.5
1.5
34.5
-3.5
-1.5
-1.5
36.5
2.5
30.5
-4.5
30.5
408.5
-4.5
35.5
-3.5
32.5
-3.5
435.5
26.5
2.5
35.5
-9.5
-0.5
31.5
-6.5
-16.5
33.5
-2.5
32.5
-0.5
28.5
-1.5
30.5
3.5
34.5
-3.5
32.5
4.5
-1.5
33.5
-0.5
-3.5
26.5
0.5
62.5
30.5
-0.5
1.5
-8.5
31.5
-2.5
-3.5
-3.5
-3.5
27.5
-0.5
32.5
3.5
32.5
-0.5
29.5
-0.5
3.5
4.5
0.5
4.5
-1.5
33.5
-3.5
34.5
1.5
-5.5
35.5
-1.5
31.5
-0.5
-9.5
-4.5
30.5
19.5
26.5
3.5
-1.5
7.5
28.5
-4.5
32.5
-3.5
0.5
-0.5
31.5
0.5
30.5
4.5
1.5
-2.5
32.5
1.5
27.5
-4.5
27.5
-1.5
28.5
3.5
-3.5
-0.5
34.5
-0.5
2.5
28.5
-0.5
-0.5
35.5
-0.5
31.5
5.5
34.5
-0.5
0.5
449.5
31.5
-0.5
32.5
-1.5
-5.5
2.5
-0.5
29.5
0.5
-1.5
32.5
-4.5
-0.5
30.5
48.5
-1.5
33.5
3.5
0.5
36.5
-1.5
31.5
87.5
2.5
27.5
-3.5
30.5
1.5
-2.5
34.5
-0.5
31.5
3.5
-3.5
30.5
-5.5
29.5
-1.5
-2.5
31.5
5.5
37.5
0.5
-1.5
29.5
-15.5
35.5
0.5
-4.5
3.5
28.5
0.5
31.5
0.5
31.5
-1.5
31.5
7.5
-0.5
29.5
3.5
29.5
-3.5
31.5
6.5
29.5
-3.5
31.5
3.5
32.5
3.5
0.5
26.5
4.5
27.5
3.5
-0.5
-5.5
-3.5
35.5
0.5
28.5
1.5
-3.5
32.5
-3.5
30.5
-1.5
35.5
-4.5
1.5
-1.5
29.5
1.5
27.5
1.5
-1.5
4.5
-0.5
4.5
34.5
0.5
0.5
28.5
-3.5
31.5
-0.5
-4.5
32.5
-6.5
29.5
-0.5
30.5
-1.5
29.5
-0.5
-3.5
-8.5
34.5
-2.5
-22.5
32.5
-6.5
32.5
-0.5
36.5
10.5
-7.5
30.5
4.5
31.5
1.5
-4.5
-7.5
35.5
-1.5
-4.5
-2.5
0.5
5.5
0.5
-0.5
30.5
-2.5
-1.5
30.5
-2.5
-0.5
24.5
0.5
31.5
4.5
2.5
72.5
-1.5
31.5
-0.5
-0.5
32.5
-7.5
3.5
-2.5
6.5
5.5
-1.5
30.5
0.5
-7.5
-2.5
1.5
-18.5
31.5
-0.5
-6.5
-5.5
32.5
1.5
0.5
11.5
31.5
0.5
29.5
-0.5
31.5
-10.5
29.5
0.5
31.5
-0.5
2.5
34.5
2.5
172.5
23.5
-3.5
-10.5
32.5
0.5
27.5
0.5
-2.5
-9.5
33.5
-1.5
-3.5
29.5
-13.5
4.5
-3.5
-0.5
-1.5
-2.5
30.5
-0.5
30.5
1.5
29.5
1.5
31.5
0.5
32.5
-3.5
-2.5
26.5
-1.5
4.5
4.5
412.5
-3.5
-5.5
30.5
-2.5
29.5
-0.5
-8.5
26.5
-3.5
32.5
3.5
33.5
-0.5
28.5
-0.5
28.5
-2.5
28.5
-0.5
28.5
-0.5
-6.5
32.5
-0.5
-0.5
32.5
4.5
33.5
-0.5
30.5
-1.5
30.5
0.5
30.5
-3.5
-2.5
-4.5
1.5
-4.5
32.5
-0.5
0.5
3.5
1.5
-3.5
25.5
-7.5
32.5
-1.5
-6.5
33.5
-7.5
32.5
-2.5
30.5
-1.5
-0.5
-1.5
26.5
0.5
28.5
1.5
-0.5
1.5
30.5
-2.5
-15.5
28.5
1.5
31.5
-0.5
30.5
-4.5
-6.5
-1.5
29.5
-0.5
34.5
-1.5
31.5
-1.5
0.5
-0.5
30.5
0.5
35.5
0.5
26.5
1.5
31.5
4.5
2.5
-1.5
32.5
-2.5
3.5
0.5
-8.5
30.5
-3.5
-3.5
30.5
-4.5
28.5
2.5
28.5
-3.5
0.5
-1.5
24.5
-0.5
30.5
-0.5
-4.5
31.5
50.5
28.5
-3.5
29.5
-0.5
34.5
-0.5
-0.5
33.5
-2.5
0.5
28.5
-0.5
31.5
-3.5
26.5
-9.5
31.5
-0.5
-1.5
28.5
-5.5
31.5
-0.5
0.5
28.5
-13.5
28.5
-3.5
8.5
-3.5
-1.5
-2.5
-0.5
28.5
1.5
1.5
27.5
2.5
26.5
6.5
1.5
30.5
-13.5
30.5
-0.5
31.5
-3.5
-0.5
-1.5
30.5
42.5
32.5
-3.5
30.5
-0.5
28.5
-28.5
36.5
0.5
-0.5
-3.5
34.5
-3.5
-17.5
32.5
-3.5
34.5
2.5
28.5
-1.5
-0.5
0.5
0.5
-4.5
2.5
28.5
108.5
-2.5
31.5
0.5
1.5
-8.5
28.5
7.5
31.5
0.5
-3.5
-0.5
-2.5
25.5
-0.5
35.5
-1.5
0.5
-0.5
31.5
-0.5
1.5
2.5
-8.5
30.5
0.5
2.5
28.5
0.5
37.5
0.5
0.5
22.5
4.5
0.5
31.5
-4.5
-0.5
-1.5
1.5
31.5
5.5
31.5
-3.5
-0.5
1.5
30.5
-3.5
26.5
-1.5
3.5
33.5
125.5
28.5
-1.5
47.5
34.5
-0.5
32.5
2.5
-0.5
26.5
-0.5
30.5
1.5
-1.5
-3.5
34.5
7.5
-0.5
28.5
0.5
0.5
0.5
29.5
0.5
3.5
0.5
1.5
0.5
30.5
-13.5
36.5
-3.5
37.5
-4.5
31.5
-3.5
2.5
2.5
-0.5
-0.5
-4.5
192.5
-0.5
-1.5
-6.5
32.5
0.5
-1.5
0.5
-4.5
32.5
0.5
-0.5
28.5
-1.5
0.5
-3.5
32.5
-1.5
-2.5
2.5
8.5
-5.5
30.5
1.5
-1.5
32.5
-2.5
32.5
2.5
0.5
32.5
4.5
-2.5
0.5
31.5
-3.5
31.5
-8.5
36.5
-5.5
-0.5
1.5
28.5
-8.5
28.5
64.5
2.5
31.5
0.5
-0.5
31.5
-3.5
2.5
3.5
-2.5
29.5
-11.5
74.5
-1.5
1.5
-0.5
34.5
3.5
65.5
31.5
-8.5
0.5
-2.5
5.5
33.5
-0.5
-0.5
-0.5
27.5
-1.5
-3.5
3.5
3.5
0.5
30.5
-10.5
31.5
2.5
-0.5
30.5
3.5
30.5
-3.5
-3.5
32.5
1.5
-0.5
28.5
-2.5
28.5
5.5
1.5
-0.5
32.5
-0.5
27.5
2.5
-0.5
2.5
32.5
0.5
33.5
324.5
35.5
0.5
3.5
32.5
-1.5
31.5
0.5
1.5
30.5
1.5
27.5
-2.5
-2.5
33.5
0.5
3.5
28.5
-4.5
32.5
-1.5
26.5
-4.5
3.5
-0.5
33.5
-0.5
32.5
-3.5
0.5
-2.5
28.5
-4.5
-4.5
-1.5
-0.5
-1.5
0.5
-3.5
36.5
-0.5
-10.5
32.5
-2.5
-3.5
28.5
5.5
-0.5
29.5
-3.5
-0.5
-2.5
28.5
-13.5
35.5
-0.5
0.5
-13.5
-0.5
-5.5
30.5
-3.5
31.5
-0.5
28.5
-0.5
29.5
-1.5
32.5
2.5
5.5
-0.5
30.5
1.5
-0.5
-0.5
31.5
42.5
34.5
-3.5
1.5
-1.5
-5.5
28.5
-7.5
31.5
-3.5
32.5
2.5
32.5
-9.5
-3.5
-0.5
35.5
-0.5
-5.5
-2.5
30.5
0.5
28.5
1.5
28.5
4.5
32.5
-5.5
-0.5
0.5
2.5
-7.5
29.5
431.5
0.5
-15.5
34.5
-1.5
31.5
-20.5
36.5
-2.5
29.5
0.5
5.5
27.5
0.5
32.5
0.5
31.5
0.5
30.5
-0.5
2.5
25.5
-0.5
30.5
5.5
29.5
1.5
28.5
5.5
1.5
-13.5
32.5
2.5
432.5
-9.5
31.5
-3.5
30.5
-5.5
-9.5
-5.5
1.5
-1.5
31.5
56.5
-4.5
-0.5
29.5
1.5
-3.5
33.5
2.5
28.5
3.5
3.5
-1.5
-3.5
32.5
-3.5
5.5
-1.5
29.5
-1.5
-0.5
-8.5
27.5
-1.5
2.5
5.5
31.5
-9.5
31.5
-3.5
-9.5
5.5
31.5
-1.5
-2.5
1.5
2.5
-5.5
-0.5
-1.5
27.5
2.5
33.5
95.5
-10.5
30.5
-7.5
-0.5
3.5
28.5
-3.5
29.5
0.5
31.5
-1.5
40.5
-3.5
33.5
-4.5
-1.5
31.5
1.5
-3.5
29.5
-1.5
-0.5
30.5
-1.5
-4.5
32.5
-1.5
2.5
1.5
32.5
-8.5
31.5
4.5
31.5
2.5
36.5
0.5
29.5
3.5
31.5
-3.5
-0.5
31.5
-2.5
-3.5
3.5
3.5
-0.5
32.5
-1.5
-2.5
-0.5
3.5
-0.5
31.5
0.5
-3.5
29.5
-1.5
1.5
-3.5
31.5
-6.5
33.5
1.5
32.5
0.5
-2.5
33.5
-18.5
36.5
-5.5
-6.5
2.5
222.5
-0.5
32.5
1.5
31.5
3.5
33.5
-0.5
31.5
-1.5
32.5
0.5
0.5
30.5
1.5
34.5
5.5
-1.5
40.5
-0.5
-1.5
0.5
1.5
1.5
2.5
29.5
2.5
-2.5
29.5
-2.5
31.5
3.5
2.5
31.5
0.5
0.5
25.5
-1.5
4.5
-5.5
-5.5
-4.5
32.5
-7.5
0.5
-1.5
4.5
2.5
31.5
1.5
26.5
-4.5
31.5
-0.5
31.5
-4.5
35.5
-3.5
28.5
0.5
29.5
-5.5
3.5
4.5
4.5
-0.5
27.5
-15.5
29.5
4.5
1.5
1.5
30.5
-0.5
-0.5
-0.5
-3.5
-1.5
36.5
-0.5
-1.5
1.5
28.5
-1.5
2.5
30.5
-3.5
31.5
-2.5
10.5
3.5
35.5
-5.5
32.5
-7.5
30.5
3.5
32.5
2.5
2.5
35.5
-5.5
-11.5
37.5
3.5
30.5
3.5
27.5
1.5
1.5
0.5
-0.5
31.5
-2.5
349.5
36.5
1.5
3.5
30.5
-0.5
1.5
32.5
-7.5
32.5
-0.5
30.5
-7.5
31.5
-1.5
-0.5
-0.5
26.5
1.5
0.5
-7.5
-1.5
6.5
4.5
33.5
3.5
-0.5
31.5
-5.5
-7.5
1.5
-3.5
-1.5
32.5
0.5
33.5
-8.5
30.5
4.5
-4.5
36.5
-0.5
0.5
3.5
3.5
35.5
4.5
0.5
32.5
3.5
33.5
-0.5
-3.5
0.5
-0.5
34.5
4.5
-0.5
30.5
-2.5
28.5
-5.5
-1.5
-5.5
4.5
-1.5
3.5
31.5
-1.5
26.5
-2.5
-0.5
36.5
-2.5
33.5
2.5
-6.5
-8.5
33.5
-3.5
28.5
-2.5
2.5
28.5
-1.5
27.5
-1.5
-1.5
-1.5
26.5
-1.5
30.5
-1.5
34.5
-0.5
37.5
-0.5
31.5
-5.5
29.5
-4.5
28.5
-5.5
28.5
-8.5
31.5
-2.5
-1.5
30.5
-3.5
-5.5
-1.5
-1.5
24.5
-0.5
26.5
-0.5
402.5
0.5
-0.5
26.5
-5.5
-2.5
-7.5
31.5
1.5
-8.5
36.5
-1.5
22.5
-1.5
28.5
0.5
4.5
29.5
-1.5
27.5
3.5
33.5
-3.5
2.5
1.5
0.5
31.5
1.5
-0.5
4.5
-7.5
0.5
-0.5
24.5
2.5
68.5
-4.5
-0.5
26.5
0.5
5.5
-4.5
-1.5
4.5
32.5
-1.5
31.5
1.5
-2.5
28.5
-2.5
30.5
-3.5
3.5
31.5
-1.5
-0.5
28.5
-8.5
26.5
0.5
33.5
2.5
31.5
-3.5
-3.5
1.5
-5.5
30.5
-4.5
34.5
-3.5
-0.5
-1.5
0.5
33.5
0.5
33.5
-5.5
31.5
-3.5
36.5
0.5
-3.5
35.5
-7.5
28.5
-0.5
28.5
-0.5
5.5
-0.5
-5.5
31.5
-3.5
-3.5
0.5
28.5
-3.5
31.5
-0.5
30.5
-5.5
33.5
48.5
24.5
-2.5
31.5
5.5
2.5
31.5
-0.5
35.5
-0.5
30.5
3.5
-0.5
33.5
99.5
-0.5
5.5
-0.5
24.5
3.5
30.5
0.5
31.5
-7.5
32.5
-4.5
31.5
-3.5
-4.5
31.5
-0.5
32.5
-3.5
24.5
2.5
28.5
-6.5
-17.5
30.5
2.5
31.5
-4.5
-0.5
26.5
-2.5
27.5
-1.5
-4.5
-1.5
29.5
1.5
0.5
28.5
2.5
32.5
4.5
28.5
-3.5
31.5
0.5
49.5
-2.5
2.5
31.5
-3.5
30.5
4.5
-2.5
27.5
3.5
-0.5
29.5
-0.5
-3.5
31.5
-39.5
42.5
0.5
30.5
-1.5
27.5
3.5
29.5
-1.5
33.5
-9.5
35.5
-9.5
29.5
-0.5
-1.5
28.5
0.5
0.5
28.5
1.5
-0.5
31.5
4.5
31.5
-3.5
28.5
-4.5
27.5
-1.5
-3.5
-5.5
20.5
-4.5
26.5
-9.5
-0.5
27.5
-3.5
-12.5
-0.5
4.5
27.5
1.5
32.5
-1.5
30.5
-5.5
31.5
-0.5
-1.5
-4.5
2.5
-0.5
-8.5
4.5
31.5
282.5
-3.5
-6.5
28.5
4.5
33.5
-3.5
0.5
-2.5
28.5
0.5
0.5
29.5
-1.5
32.5
-1.5
4.5
-2.5
33.5
-3.5
29.5
-2.5
3.5
3.5
34.5
-0.5
4.5
-0.5
0.5
-0.5
31.5
-1.5
28.5
-0.5
28.5
-4.5
-7.5
31.5
-5.5
0.5
31.5
-7.5
32.5
5.5
3.5
-3.5
33.5
-3.5
-0.5
52.5
-0.5
33.5
-0.5
31.5
-0.5
30.5
1.5
0.5
32.5
-0.5
-2.5
-4.5
32.5
-1.5
28.5
5.5
32.5
-1.5
31.5
4.5
-3.5
-1.5
-5.5
32.5
-3.5
31.5
-0.5
1.5
32.5
41.5
28.5
-0.5
35.5
0.5
31.5
-4.5
-1.5
-0.5
-1.5
3.5
29.5
-1.5
28.5
-0.5
-2.5
-0.5
-0.5
34.5
4.5
1.5
28.5
2.5
30.5
-0.5
30.5
3.5
2.5
0.5
2.5
25.5
4.5
-1.5
-10.5
33.5
3.5
-0.5
30.5
-3.5
-0.5
2.5
28.5
-4.5
30.5
0.5
0.5
0.5
27.5
4.5
0.5
27.5
-11.5
24.5
-0.5
31.5
-8.5
1.5
35.5
-5.5
33.5
-0.5
32.5
3.5
-6.5
26.5
1.5
27.5
-8.5
32.5
-4.5
29.5
-5.5
30.5
-4.5
36.5
-2.5
34.5
-0.5
32.5
-4.5
30.5
-2.5
36.5
4.5
-0.5
28.5
0.5
-5.5
28.5
1.5
28.5
6.5
-3.5
-3.5
26.5
-1.5
-3.5
-0.5
-9.5
32.5
-2.5
3.5
34.5
-7.5
33.5
-4.5
30.5
1.5
29.5
-1.5
29.5
-0.5
28.5
-3.5
3.5
28.5
-3.5
0.5
-0.5
-3.5
50.5
27.5
-0.5
34.5
1.5
32.5
0.5
-3.5
33.5
-0.5
2.5
-0.5
47.5
-0.5
0.5
-3.5
-12.5
34.5
-3.5
32.5
-1.5
-1.5
35.5
-3.5
31.5
-0.5
33.5
3.5
29.5
-8.5
33.5
-3.5
31.5
-1.5
-1.5
-15.5
34.5
-2.5
31.5
-2.5
-2.5
31.5
-4.5
31.5
-7.5
34.5
-0.5
28.5
0.5
392.5
-7.5
30.5
2.5
28.5
-14.5
32.5
-3.5
30.5
-0.5
29.5
-0.5
32.5
-4.5
24.5
-3.5
34.5
3.5
1.5
0.5
29.5
-5.5
27.5
-4.5
31.5
-1.5
-3.5
28.5
-1.5
-3.5
27.5
-7.5
-24.5
37.5
-5.5
32.5
-1.5
32.5
-4.5
-5.5
25.5
4.5
-0.5
53.5
32.5
-1.5
-3.5
30.5
-4.5
-22.5
-0.5
30.5
71.5
-1.5
0.5
-5.5
