1.8599999999999994
-6.140000000000001
4.859999999999999
-0.14000000000000057
0.8599999999999994
32.86
-1.1400000000000006
28.86
-6.140000000000001
29.86
-3.1400000000000006
-2.1400000000000006
-2.1400000000000006
21.86
-1.1400000000000006
33.86
-3.1400000000000006
27.86
23.86
3.8599999999999994
25.86
19.86
27.86
-1.1400000000000006
-4.140000000000001
-4.140000000000001
-4.140000000000001
26.86
5.859999999999999
0.8599999999999994
28.86
-8.14
398.86
-2.1400000000000006
24.86
-2.1400000000000006
26.86
0.8599999999999994
31.86
-2.1400000000000006
31.86
83.86
32.86
-0.14000000000000057
28.86
-2.1400000000000006
37.86
-3.1400000000000006
29.86
-4.140000000000001
-9.14
-4.140000000000001
37.86
-2.1400000000000006
24.86
-6.140000000000001
25.86
0.8599999999999994
-2.1400000000000006
-2.1400000000000006
37.86
-4.140000000000001
-8.14
-3.1400000000000006
30.86
-3.1400000000000006
11.86
29.86
-6.140000000000001
-1.1400000000000006
-4.140000000000001
-2.1400000000000006
35.86
-1.1400000000000006
-3.1400000000000006
2.8599999999999994
28.86
-3.1400000000000006
24.86
-1.1400000000000006
27.86
-7.140000000000001
29.86
1.8599999999999994
-2.1400000000000006
-4.140000000000001
21.86
-1.1400000000000006
32.86
-4.140000000000001
23.86
-8.14
27.86
-6.140000000000001
29.86
-2.1400000000000006
31.86
-7.140000000000001
1.8599999999999994
32.86
-6.140000000000001
0.8599999999999994
28.86
-2.1400000000000006
35.86
1.8599999999999994
36.86
2.8599999999999994
32.86
-2.1400000000000006
28.86
1.8599999999999994
0.8599999999999994
29.86
-9.14
26.86
3.8599999999999994
27.86
-0.14000000000000057
29.86
-2.1400000000000006
29.86
-4.140000000000001
29.86
-2.1400000000000006
-4.140000000000001
27.86
-9.14
30.86
2.8599999999999994
32.86
4.859999999999999
0.8599999999999994
28.86
-10.14
31.86
-3.1400000000000006
33.86
73.86
29.86
-10.14
-7.140000000000001
-2.1400000000000006
31.86
0.8599999999999994
5.859999999999999
-3.1400000000000006
22.86
-1.1400000000000006
-10.14
25.86
-0.14000000000000057
24.86
-10.14
27.86
0.8599999999999994
23.86
-8.14
3.8599999999999994
32.86
265.86
24.86
-7.140000000000001
-5.140000000000001
4.859999999999999
29.86
8.86
29.86
-3.1400000000000006
-3.1400000000000006
29.86
-2.1400000000000006
25.86
-4.140000000000001
25.86
6.859999999999999
31.86
-6.140000000000001
33.86
60.86
27.86
93.86
31.86
-0.14000000000000057
31.86
-4.140000000000001
-2.1400000000000006
28.86
-4.140000000000001
22.86
0.8599999999999994
32.86
1.8599999999999994
38.86
-12.14
25.86
-7.140000000000001
-1.1400000000000006
29.86
-3.1400000000000006
25.86
-1.1400000000000006
-9.14
24.86
-7.140000000000001
26.86
2.8599999999999994
32.86
-4.140000000000001
24.86
-4.140000000000001
33.86
-2.1400000000000006
32.86
-2.1400000000000006
29.86
-0.14000000000000057
29.86
-2.1400000000000006
0.8599999999999994
30.86
-0.14000000000000057
29.86
-0.14000000000000057
22.86
0.8599999999999994
35.86
3.8599999999999994
29.86
-2.1400000000000006
28.86
-0.14000000000000057
31.86
-4.140000000000001
33.86
0.8599999999999994
5.859999999999999
27.86
-4.140000000000001
-0.14000000000000057
-1.1400000000000006
-0.14000000000000057
-15.14
28.86
1.8599999999999994
-3.1400000000000006
2.8599999999999994
-4.140000000000001
-11.14
-0.14000000000000057
29.86
-1.1400000000000006
-3.1400000000000006
1.8599999999999994
-6.140000000000001
23.86
-4.140000000000001
34.86
-5.140000000000001
32.86
0.8599999999999994
33.86
5.859999999999999
32.86
-0.14000000000000057
-3.1400000000000006
33.86
-2.1400000000000006
30.86
-4.140000000000001
27.86
-2.1400000000000006
22.86
-3.1400000000000006
32.86
3.8599999999999994
24.86
-2.1400000000000006
29.86
-3.1400000000000006
1.8599999999999994
30.86
0.8599999999999994
28.86
-4.140000000000001
-2.1400000000000006
29.86
0.8599999999999994
30.86
-2.1400000000000006
33.86
1.8599999999999994
29.86
-1.1400000000000006
28.86
-13.14
-8.14
-8.14
-7.140000000000001
24.86
0.8599999999999994
25.86
70.86
0.8599999999999994
-2.1400000000000006
0.8599999999999994
26.86
-9.14
30.86
164.86
-4.140000000000001
29.86
-0.14000000000000057
35.86
-5.140000000000001
27.86
-4.140000000000001
33.86
-2.1400000000000006
31.86
0.8599999999999994
24.86
-7.140000000000001
25.86
-10.14
24.86
-3.1400000000000006
33.86
-6.140000000000001
-2.1400000000000006
25.86
8.86
-2.1400000000000006
27.86
-3.1400000000000006
31.86
-1.1400000000000006
29.86
1.8599999999999994
-2.1400000000000006
-0.14000000000000057
30.86
3.8599999999999994
-2.1400000000000006
28.86
-6.140000000000001
30.86
5.859999999999999
26.86
3.8599999999999994
-10.14
-4.140000000000001
-16.14
-2.1400000000000006
-3.1400000000000006
27.86
-2.1400000000000006
27.86
-6.140000000000001
24.86
-3.1400000000000006
25.86
-4.140000000000001
33.86
-2.1400000000000006
4.859999999999999
6.859999999999999
28.86
-1.1400000000000006
-4.140000000000001
-4.140000000000001
-7.140000000000001
-7.140000000000001
37.86
-3.1400000000000006
-1.1400000000000006
22.86
-0.14000000000000057
27.86
7.859999999999999
29.86
-6.140000000000001
-4.140000000000001
-2.1400000000000006
-3.1400000000000006
35.86
-1.1400000000000006
32.86
-6.140000000000001
32.86
-7.140000000000001
-4.140000000000001
28.86
-2.1400000000000006
-4.140000000000001
28.86
-14.14
32.86
-1.1400000000000006
1.8599999999999994
3.8599999999999994
-2.1400000000000006
29.86
-2.1400000000000006
31.86
-4.140000000000001
25.86
-6.140000000000001
26.86
0.8599999999999994
0.8599999999999994
-3.1400000000000006
-3.1400000000000006
0.8599999999999994
21.86
-4.140000000000001
-7.140000000000001
25.86
-10.14
24.86
-0.14000000000000057
3.8599999999999994
28.86
-0.14000000000000057
25.86
-4.140000000000001
34.86
-3.1400000000000006
33.86
-4.140000000000001
31.86
3.8599999999999994
-10.14
28.86
-4.140000000000001
24.86
-10.14
-2.1400000000000006
24.86
2.8599999999999994
27.86
2.8599999999999994
33.86
-8.14
27.86
0.8599999999999994
28.86
-4.140000000000001
-2.1400000000000006
24.86
-6.140000000000001
28.86
-4.140000000000001
-1.1400000000000006
29.86
-0.14000000000000057
-10.14
-6.140000000000001
-5.140000000000001
29.86
-0.14000000000000057
-4.140000000000001
-20.14
30.86
-0.14000000000000057
-10.14
-4.140000000000001
-4.140000000000001
29.86
5.859999999999999
36.86
-2.1400000000000006
30.86
-6.140000000000001
-2.1400000000000006
29.86
-15.14
32.86
6.859999999999999
-11.14
-7.140000000000001
25.86
-2.1400000000000006
-18.14
24.86
-3.1400000000000006
-4.140000000000001
-6.140000000000001
3.8599999999999994
-8.14
-1.1400000000000006
29.86
-6.140000000000001
5.859999999999999
32.86
-1.1400000000000006
-0.14000000000000057
28.86
1.8599999999999994
-2.1400000000000006
31.86
-9.14
28.86
-4.140000000000001
0.8599999999999994
32.86
0.8599999999999994
29.86
-3.1400000000000006
-2.1400000000000006
-9.14
-1.1400000000000006
-0.14000000000000057
23.86
-1.1400000000000006
0.8599999999999994
22.86
59.86
59.86
29.86
-20.14
31.86
-11.14
24.86
-0.14000000000000057
30.86
-4.140000000000001
-7.140000000000001
32.86
-1.1400000000000006
-4.140000000000001
-2.1400000000000006
32.86
-2.1400000000000006
21.86
-0.14000000000000057
25.86
-18.14
34.86
-4.140000000000001
-0.14000000000000057
36.86
-6.140000000000001
-3.1400000000000006
29.86
0.8599999999999994
27.86
127.86
35.86
-9.14
25.86
-0.14000000000000057
10.86
6.859999999999999
4.859999999999999
29.86
3.8599999999999994
1.8599999999999994
187.86
27.86
0.8599999999999994
28.86
-7.140000000000001
24.86
-16.14
1.8599999999999994
32.86
6.859999999999999
31.86
-9.14
3.8599999999999994
0.8599999999999994
23.86
-2.1400000000000006
-4.140000000000001
31.86
-3.1400000000000006
27.86
0.8599999999999994
26.86
0.8599999999999994
-11.14
32.86
-0.14000000000000057
25.86
-2.1400000000000006
28.86
1.8599999999999994
33.86
-3.1400000000000006
-1.1400000000000006
36.86
-2.1400000000000006
30.86
-6.140000000000001
-1.1400000000000006
21.86
0.8599999999999994
31.86
-5.140000000000001
25.86
-2.1400000000000006
34.86
-3.1400000000000006
-3.1400000000000006
20.86
-3.1400000000000006
-2.1400000000000006
26.86
1.8599999999999994
27.86
-4.140000000000001
27.86
-2.1400000000000006
33.86
-6.140000000000001
-10.14
-5.140000000000001
28.86
-2.1400000000000006
37.86
-3.1400000000000006
0.8599999999999994
35.86
-0.14000000000000057
-4.140000000000001
24.86
-4.140000000000001
-9.14
25.86
-7.140000000000001
29.86
-2.1400000000000006
27.86
-4.140000000000001
-13.14
35.86
-4.140000000000001
-3.1400000000000006
3.8599999999999994
-4.140000000000001
-5.140000000000001
-5.140000000000001
25.86
-1.1400000000000006
31.86
5.859999999999999
4.859999999999999
29.86
-5.140000000000001
-2.1400000000000006
4.859999999999999
31.86
1.8599999999999994
29.86
0.8599999999999994
0.8599999999999994
-9.14
28.86
-2.1400000000000006
-11.14
0.8599999999999994
28.86
-2.1400000000000006
30.86
82.86
-3.1400000000000006
-0.14000000000000057
24.86
-2.1400000000000006
-3.1400000000000006
-6.140000000000001
29.86
-2.1400000000000006
32.86
-7.140000000000001
-3.1400000000000006
25.86
5.859999999999999
22.86
-6.140000000000001
24.86
0.8599999999999994
29.86
2.8599999999999994
37.86
-5.140000000000001
27.86
-9.14
-1.1400000000000006
24.86
-2.1400000000000006
4.859999999999999
32.86
-2.1400000000000006
31.86
-3.1400000000000006
-1.1400000000000006
29.86
-0.14000000000000057
33.86
-3.1400000000000006
3.8599999999999994
8.86
5.859999999999999
32.86
-2.1400000000000006
24.86
-7.140000000000001
22.86
-5.140000000000001
24.86
-3.1400000000000006
32.86
-0.14000000000000057
-1.1400000000000006
27.86
-7.140000000000001
3.8599999999999994
32.86
-6.140000000000001
21.86
4.859999999999999
31.86
0.8599999999999994
31.86
-7.140000000000001
-9.14
-0.14000000000000057
36.86
-7.140000000000001
30.86
4.859999999999999
32.86
-0.14000000000000057
29.86
-9.14
32.86
-7.140000000000001
33.86
-0.14000000000000057
-7.140000000000001
-2.1400000000000006
31.86
-4.140000000000001
31.86
0.8599999999999994
-1.1400000000000006
22.86
-3.1400000000000006
-0.14000000000000057
27.86
-1.1400000000000006
28.86
363.86
-11.14
31.86
2.8599999999999994
30.86
-2.1400000000000006
-0.14000000000000057
-2.1400000000000006
0.8599999999999994
32.86
-1.1400000000000006
28.86
-3.1400000000000006
31.86
-5.140000000000001
28.86
2.8599999999999994
32.86
-0.14000000000000057
-0.14000000000000057
-4.140000000000001
-12.14
-4.140000000000001
29.86
-7.140000000000001
-4.140000000000001
32.86
-9.14
25.86
-2.1400000000000006
25.86
-6.140000000000001
-2.1400000000000006
29.86
-5.140000000000001
-3.1400000000000006
28.86
-3.1400000000000006
23.86
188.86
-1.1400000000000006
27.86
-6.140000000000001
23.86
0.8599999999999994
-11.14
24.86
3.8599999999999994
-7.140000000000001
-7.140000000000001
29.86
-1.1400000000000006
-3.1400000000000006
37.86
-1.1400000000000006
-6.140000000000001
-7.140000000000001
34.86
-0.14000000000000057
34.86
28.86
3.8599999999999994
30.86
-6.140000000000001
1.8599999999999994
33.86
-6.140000000000001
-2.1400000000000006
-8.14
5.859999999999999
35.86
4.859999999999999
-3.1400000000000006
-7.140000000000001
-10.14
-4.140000000000001
1.8599999999999994
36.86
1.8599999999999994
35.86
4.859999999999999
33.86
0.8599999999999994
28.86
-9.14
23.86
-0.14000000000000057
31.86
1.8599999999999994
32.86
-3.1400000000000006
28.86
-0.14000000000000057
-9.14
-0.14000000000000057
-6.140000000000001
32.86
5.859999999999999
30.86
-0.14000000000000057
32.86
-4.140000000000001
21.86
64.86
25.86
0.8599999999999994
-4.140000000000001
0.8599999999999994
29.86
-0.14000000000000057
30.86
-1.1400000000000006
28.86
-3.1400000000000006
23.86
1.8599999999999994
28.86
-7.140000000000001
0.8599999999999994
26.86
-7.140000000000001
30.86
102.86
-4.140000000000001
-2.1400000000000006
-1.1400000000000006
28.86
-2.1400000000000006
-6.140000000000001
27.86
-3.1400000000000006
29.86
-6.140000000000001
25.86
3.8599999999999994
29.86
3.8599999999999994
24.86
5.859999999999999
-6.140000000000001
28.86
-10.14
24.86
1.8599999999999994
24.86
330.86
29.86
1.8599999999999994
29.86
-2.1400000000000006
30.86
77.86
-7.140000000000001
27.86
-10.14
33.86
22.86
0.8599999999999994
-2.1400000000000006
3.8599999999999994
25.86
-8.14
-4.140000000000001
28.86
-8.14
23.86
-0.14000000000000057
30.86
-1.1400000000000006
-7.140000000000001
-0.14000000000000057
0.8599999999999994
33.86
2.8599999999999994
24.86
5.859999999999999
38.86
-1.1400000000000006
-1.1400000000000006
28.86
-4.140000000000001
29.86
3.8599999999999994
23.86
429.86
29.86
3.8599999999999994
-4.140000000000001
3.8599999999999994
36.86
1.8599999999999994
29.86
-4.140000000000001
0.8599999999999994
24.86
-1.1400000000000006
29.86
-4.140000000000001
1.8599999999999994
30.86
1.8599999999999994
29.86
-2.1400000000000006
29.86
-3.1400000000000006
22.86
-0.14000000000000057
-6.140000000000001
31.86
-5.140000000000001
27.86
0.8599999999999994
37.86
5.859999999999999
0.8599999999999994
-2.1400000000000006
25.86
0.8599999999999994
32.86
-14.14
21.86
-7.140000000000001
-7.140000000000001
-8.14
-6.140000000000001
27.86
5.859999999999999
28.86
-2.1400000000000006
31.86
233.86
0.8599999999999994
-0.14000000000000057
21.86
-0.14000000000000057
2.8599999999999994
0.8599999999999994
21.86
-10.14
-2.1400000000000006
27.86
-0.14000000000000057
24.86
-3.1400000000000006
63.86
0.8599999999999994
-10.14
29.86
-3.1400000000000006
34.86
1.8599999999999994
32.86
46.86
35.86
-1.1400000000000006
-7.140000000000001
17.86
22.86
-0.14000000000000057
27.86
-15.14
-6.140000000000001
36.86
-0.14000000000000057
33.86
-2.1400000000000006
35.86
0.8599999999999994
31.86
6.859999999999999
0.8599999999999994
31.86
-3.1400000000000006
28.86
0.8599999999999994
27.86
-1.1400000000000006
0.8599999999999994
5.859999999999999
-7.140000000000001
27.86
0.8599999999999994
21.86
-0.14000000000000057
-7.140000000000001
24.86
-2.1400000000000006
27.86
-6.140000000000001
31.86
-4.140000000000001
4.859999999999999
27.86
-0.14000000000000057
35.86
-0.14000000000000057
28.86
-9.14
-11.14
23.86
-11.14
32.86
4.859999999999999
21.86
-0.14000000000000057
-3.1400000000000006
29.86
-2.1400000000000006
-0.14000000000000057
-11.14
27.86
-4.140000000000001
-8.14
29.86
-7.140000000000001
-18.14
27.86
-7.140000000000001
31.86
-0.14000000000000057
1.8599999999999994
4.859999999999999
-0.14000000000000057
-1.1400000000000006
33.86
-2.1400000000000006
28.86
3.8599999999999994
33.86
-0.14000000000000057
0.8599999999999994
25.86
85.86
-7.140000000000001
25.86
-4.140000000000001
33.86
-4.140000000000001
-0.14000000000000057
24.86
2.8599999999999994
27.86
-2.1400000000000006
29.86
188.86
24.86
1.8599999999999994
34.86
-6.140000000000001
30.86
-7.140000000000001
25.86
-9.14
4.859999999999999
-3.1400000000000006
28.86
-9.14
29.86
-10.14
37.86
5.859999999999999
0.8599999999999994
-1.1400000000000006
-3.1400000000000006
5.859999999999999
29.86
-0.14000000000000057
-2.1400000000000006
3.8599999999999994
31.86
-2.1400000000000006
32.86
-8.14
25.86
-10.14
25.86
-2.1400000000000006
21.86
-15.14
39.86
109.86
31.86
0.8599999999999994
-5.140000000000001
25.86
-6.140000000000001
-6.140000000000001
25.86
1.8599999999999994
30.86
-8.14
21.86
-2.1400000000000006
27.86
-2.1400000000000006
-1.1400000000000006
-7.140000000000001
33.86
0.8599999999999994
31.86
-4.140000000000001
29.86
-6.140000000000001
32.86
0.8599999999999994
31.86
1.8599999999999994
33.86
-6.140000000000001
25.86
-0.14000000000000057
28.86
-2.1400000000000006
29.86
5.859999999999999
31.86
0.8599999999999994
3.8599999999999994
33.86
-0.14000000000000057
29.86
-12.14
-3.1400000000000006
1.8599999999999994
35.86
-3.1400000000000006
1.8599999999999994
27.86
-2.1400000000000006
26.86
0.8599999999999994
27.86
-6.140000000000001
-7.140000000000001
-3.1400000000000006
24.86
-1.1400000000000006
-2.1400000000000006
24.86
-4.140000000000001
28.86
-3.1400000000000006
-0.14000000000000057
1.8599999999999994
32.86
-2.1400000000000006
7.859999999999999
34.86
-5.140000000000001
27.86
-4.140000000000001
29.86
445.86
30.86
0.8599999999999994
36.86
-4.140000000000001
30.86
-4.140000000000001
-1.1400000000000006
29.86
-4.140000000000001
-8.14
29.86
-2.1400000000000006
5.859999999999999
-1.1400000000000006
88.86
1.8599999999999994
27.86
-2.1400000000000006
0.8599999999999994
29.86
-1.1400000000000006
28.86
-13.14
29.86
-6.140000000000001
32.86
-2.1400000000000006
31.86
-1.1400000000000006
26.86
-0.14000000000000057
0.8599999999999994
23.86
0.8599999999999994
36.86
-5.140000000000001
30.86
4.859999999999999
33.86
4.859999999999999
0.8599999999999994
4.859999999999999
0.8599999999999994
-2.1400000000000006
21.86
1.8599999999999994
29.86
-1.1400000000000006
24.86
369.86
25.86
-1.1400000000000006
-4.140000000000001
-15.14
-5.140000000000001
32.86
-3.1400000000000006
-2.1400000000000006
30.86
-0.14000000000000057
29.86
-2.1400000000000006
-4.140000000000001
-6.140000000000001
-1.1400000000000006
-3.1400000000000006
33.86
-2.1400000000000006
-5.140000000000001
33.86
-3.1400000000000006
30.86
-0.14000000000000057
32.86
-3.1400000000000006
32.86
-4.140000000000001
0.8599999999999994
-5.140000000000001
29.86
-3.1400000000000006
33.86
1.8599999999999994
-2.1400000000000006
0.8599999999999994
8.86
29.86
-2.1400000000000006
25.86
0.8599999999999994
2.8599999999999994
28.86
4.859999999999999
-3.1400000000000006
29.86
-1.1400000000000006
0.8599999999999994
-7.140000000000001
-0.14000000000000057
28.86
4.859999999999999
28.86
3.8599999999999994
28.86
-2.1400000000000006
1.8599999999999994
-1.1400000000000006
-26.14
24.86
-2.1400000000000006
5.859999999999999
6.859999999999999
3.8599999999999994
29.86
-2.1400000000000006
26.86
58.86
37.86
0.8599999999999994
-0.14000000000000057
-11.14
-7.140000000000001
38.86
-2.1400000000000006
0.8599999999999994
-1.1400000000000006
25.86
78.86
35.86
-8.14
-10.14
29.86
-4.140000000000001
28.86
-0.14000000000000057
-4.140000000000001
-3.1400000000000006
23.86
-3.1400000000000006
31.86
3.8599999999999994
32.86
5.859999999999999
-10.14
-2.1400000000000006
27.86
-2.1400000000000006
-3.1400000000000006
2.8599999999999994
25.86
4.859999999999999
-1.1400000000000006
33.86
-0.14000000000000057
-3.1400000000000006
-6.140000000000001
-3.1400000000000006
-0.14000000000000057
0.8599999999999994
29.86
4.859999999999999
-3.1400000000000006
32.86
-5.140000000000001
-9.14
0.8599999999999994
30.86
0.8599999999999994
0.8599999999999994
-5.140000000000001
-3.1400000000000006
29.86
-0.14000000000000057
28.86
-4.140000000000001
-5.140000000000001
31.86
-8.14
-15.14
29.86
-2.1400000000000006
31.86
-9.14
28.86
-0.14000000000000057
-0.14000000000000057
-0.14000000000000057
0.8599999999999994
-3.1400000000000006
-0.14000000000000057
24.86
0.8599999999999994
-2.1400000000000006
33.86
-7.140000000000001
-0.14000000000000057
30.86
-6.140000000000001
26.86
0.8599999999999994
-4.140000000000001
1.8599999999999994
31.86
-1.1400000000000006
-12.14
33.86
-7.140000000000001
32.86
-10.14
-3.1400000000000006
-4.140000000000001
-4.140000000000001
31.86
-1.1400000000000006
-7.140000000000001
32.86
-8.14
0.8599999999999994
-13.14
26.86
0.8599999999999994
-6.140000000000001
29.86
-4.140000000000001
32.86
-7.140000000000001
30.86
0.8599999999999994
-13.14
21.86
102.86
29.86
124.86
29.86
-7.140000000000001
29.86
1.8599999999999994
24.86
0.8599999999999994
-0.14000000000000057
25.86
-7.140000000000001
-1.1400000000000006
0.8599999999999994
28.86
-4.140000000000001
23.86
-2.1400000000000006
-7.140000000000001
30.86
-9.14
-7.140000000000001
-7.140000000000001
0.8599999999999994
-0.14000000000000057
1.8599999999999994
30.86
-0.14000000000000057
-4.140000000000001
33.86
0.8599999999999994
31.86
4.859999999999999
25.86
-7.140000000000001
-6.140000000000001
24.86
-0.14000000000000057
-1.1400000000000006
6.859999999999999
-4.140000000000001
31.86
2.8599999999999994
-1.1400000000000006
-18.14
27.86
0.8599999999999994
-4.140000000000001
33.86
-10.14
0.8599999999999994
25.86
-6.140000000000001
31.86
-7.140000000000001
24.86
-7.140000000000001
280.86
-11.14
-7.140000000000001
32.86
-12.14
27.86
-13.14
3.8599999999999994
32.86
0.8599999999999994
-4.140000000000001
-7.140000000000001
30.86
-3.1400000000000006
-2.1400000000000006
29.86
4.859999999999999
5.859999999999999
-9.14
25.86
-0.14000000000000057
-3.1400000000000006
-0.14000000000000057
-2.1400000000000006
33.86
-10.14
3.8599999999999994
28.86
-1.1400000000000006
-6.140000000000001
32.86
-5.140000000000001
28.86
-2.1400000000000006
31.86
-1.1400000000000006
-7.140000000000001
29.86
-2.1400000000000006
30.86
432.86
28.86
-5.140000000000001
3.8599999999999994
32.86
-1.1400000000000006
-5.140000000000001
29.86
-6.140000000000001
24.86
-0.14000000000000057
35.86
-4.140000000000001
-2.1400000000000006
28.86
3.8599999999999994
29.86
-3.1400000000000006
32.86
3.8599999999999994
30.86
-4.140000000000001
-2.1400000000000006
32.86
0.8599999999999994
22.86
-7.140000000000001
-7.140000000000001
-0.14000000000000057
-2.1400000000000006
29.86
-4.140000000000001
-4.140000000000001
-2.1400000000000006
32.86
0.8599999999999994
-3.1400000000000006
-8.14
-5.140000000000001
29.86
-6.140000000000001
1.8599999999999994
4.859999999999999
28.86
-3.1400000000000006
105.86
-0.14000000000000057
-4.140000000000001
1.8599999999999994
-0.14000000000000057
-0.14000000000000057
28.86
-1.1400000000000006
-1.1400000000000006
32.86
1.8599999999999994
32.86
0.8599999999999994
-4.140000000000001
31.86
-7.140000000000001
32.86
-6.140000000000001
3.8599999999999994
30.86
-7.140000000000001
-0.14000000000000057
31.86
-6.140000000000001
28.86
-6.140000000000001
32.86
1.8599999999999994
4.859999999999999
29.86
-4.140000000000001
24.86
-22.14
31.86
-6.140000000000001
21.86
-1.1400000000000006
30.86
1.8599999999999994
29.86
1.8599999999999994
23.86
-6.140000000000001
-2.1400000000000006
33.86
0.8599999999999994
29.86
-2.1400000000000006
31.86
-4.140000000000001
0.8599999999999994
27.86
1.8599999999999994
25.86
0.8599999999999994
29.86
-3.1400000000000006
-0.14000000000000057
29.86
-3.1400000000000006
3.8599999999999994
38.86
-6.140000000000001
28.86
-10.14
29.86
-6.140000000000001
27.86
-4.140000000000001
33.86
-0.14000000000000057
27.86
-5.140000000000001
-1.1400000000000006
0.8599999999999994
32.86
0.8599999999999994
-4.140000000000001
31.86
0.8599999999999994
33.86
-2.1400000000000006
32.86
-0.14000000000000057
27.86
-4.140000000000001
27.86
-2.1400000000000006
-2.1400000000000006
32.86
-12.14
32.86
-2.1400000000000006
30.86
-7.140000000000001
32.86
-10.14
-1.1400000000000006
29.86
0.8599999999999994
-4.140000000000001
32.86
-10.14
27.86
-5.140000000000001
2.8599999999999994
27.86
-8.14
27.86
-0.14000000000000057
-2.1400000000000006
24.86
-9.14
-9.14
-3.1400000000000006
30.86
-7.140000000000001
32.86
0.8599999999999994
33.86
2.8599999999999994
-1.1400000000000006
31.86
-4.140000000000001
22.86
-2.1400000000000006
35.86
-1.1400000000000006
27.86
-0.14000000000000057
31.86
-0.14000000000000057
37.86
-8.14
4.859999999999999
32.86
-2.1400000000000006
28.86
-6.140000000000001
26.86
0.8599999999999994
31.86
-0.14000000000000057
1.8599999999999994
-4.140000000000001
28.86
-4.140000000000001
3.8599999999999994
-5.140000000000001
3.8599999999999994
25.86
-3.1400000000000006
-2.1400000000000006
69.86
29.86
-0.14000000000000057
29.86
-5.140000000000001
29.86
-13.14
31.86
-3.1400000000000006
33.86
-4.140000000000001
25.86
-1.1400000000000006
24.86
-7.140000000000001
-12.14
29.86
-1.1400000000000006
-8.14
25.86
-4.140000000000001
-3.1400000000000006
-3.1400000000000006
-10.14
33.86
-1.1400000000000006
31.86
3.8599999999999994
25.86
-4.140000000000001
0.8599999999999994
28.86
-2.1400000000000006
31.86
0.8599999999999994
32.86
-10.14
31.86
-0.14000000000000057
30.86
-2.1400000000000006
23.86
-2.1400000000000006
27.86
-3.1400000000000006
29.86
-0.14000000000000057
27.86
-22.14
27.86
1.8599999999999994
5.859999999999999
-7.140000000000001
-2.1400000000000006
0.8599999999999994
3.8599999999999994
-4.140000000000001
-2.1400000000000006
31.86
-11.14
36.86
1.8599999999999994
425.86
0.8599999999999994
32.86
-4.140000000000001
-0.14000000000000057
26.86
0.8599999999999994
29.86
4.859999999999999
33.86
-2.1400000000000006
0.8599999999999994
28.86
-3.1400000000000006
27.86
148.86
33.86
-7.140000000000001
-4.140000000000001
30.86
-3.1400000000000006
27.86
-0.14000000000000057
29.86
1.8599999999999994
1.8599999999999994
-16.14
-4.140000000000001
29.86
399.86
33.86
-7.140000000000001
34.86
-16.14
31.86
-8.14
33.86
-2.1400000000000006
29.86
-6.140000000000001
25.86
2.8599999999999994
33.86
0.8599999999999994
32.86
1.8599999999999994
28.86
-0.14000000000000057
0.8599999999999994
29.86
3.8599999999999994
-3.1400000000000006
-6.140000000000001
29.86
-0.14000000000000057
32.86
-8.14
24.86
-11.14
36.86
-6.140000000000001
33.86
-4.140000000000001
0.8599999999999994
-3.1400000000000006
29.86
-2.1400000000000006
24.86
0.8599999999999994
32.86
-3.1400000000000006
24.86
2.8599999999999994
-10.14
5.859999999999999
-4.140000000000001
21.86
-5.140000000000001
28.86
8.86
32.86
-6.140000000000001
-6.140000000000001
25.86
-3.1400000000000006
27.86
5.859999999999999
33.86
4.859999999999999
28.86
-18.14
29.86
4.859999999999999
-3.1400000000000006
-3.1400000000000006
29.86
-2.1400000000000006
0.8599999999999994
24.86
85.86
-7.140000000000001
27.86
-0.14000000000000057
32.86
-2.1400000000000006
33.86
-2.1400000000000006
36.86
-4.140000000000001
24.86
0.8599999999999994
-10.14
-6.140000000000001
-18.14
-0.14000000000000057
29.86
6.859999999999999
0.8599999999999994
25.86
0.8599999999999994
-6.140000000000001
31.86
-0.14000000000000057
32.86
-6.140000000000001
32.86
-2.1400000000000006
24.86
-7.140000000000001
-4.140000000000001
0.8599999999999994
-6.140000000000001
-2.1400000000000006
-3.1400000000000006
32.86
0.8599999999999994
-2.1400000000000006
31.86
-1.1400000000000006
29.86
-0.14000000000000057
24.86
3.8599999999999994
31.86
-9.14
1.8599999999999994
1.8599999999999994
35.86
-8.14
0.8599999999999994
33.86
-10.14
-7.140000000000001
20.86
0.8599999999999994
36.86
-3.1400000000000006
29.86
2.8599999999999994
-6.140000000000001
-9.14
22.86
-2.1400000000000006
-2.1400000000000006
-8.14
3.8599999999999994
36.86
-0.14000000000000057
32.86
1.8599999999999994
30.86
0.8599999999999994
31.86
0.8599999999999994
27.86
-2.1400000000000006
28.86
-7.140000000000001
32.86
0.8599999999999994
33.86
1.8599999999999994
36.86
-1.1400000000000006
-13.14
1.8599999999999994
-1.1400000000000006
3.8599999999999994
-2.1400000000000006
29.86
-1.1400000000000006
-5.140000000000001
5.859999999999999
-4.140000000000001
34.86
-3.1400000000000006
29.86
-6.140000000000001
31.86
-4.140000000000001
34.86
-10.14
36.86
1.8599999999999994
28.86
-8.14
32.86
47.86
187.86
32.86
0.8599999999999994
32.86
-2.1400000000000006
29.86
-0.14000000000000057
29.86
-5.140000000000001
32.86
-12.14
27.86
0.8599999999999994
22.86
-8.14
28.86
-10.14
29.86
6.859999999999999
-0.14000000000000057
35.86
-2.1400000000000006
23.86
-8.14
-1.1400000000000006
-11.14
32.86
-10.14
-1.1400000000000006
25.86
-2.1400000000000006
31.86
6.859999999999999
29.86
-3.1400000000000006
29.86
-14.14
0.8599999999999994
-3.1400000000000006
-2.1400000000000006
2.8599999999999994
28.86
4.859999999999999
29.86
-7.140000000000001
27.86
-6.140000000000001
28.86
-4.140000000000001
26.86
-4.140000000000001
-10.14
-6.140000000000001
26.86
3.8599999999999994
31.86
-2.1400000000000006
-1.1400000000000006
31.86
-1.1400000000000006
32.86
-4.140000000000001
29.86
-1.1400000000000006
3.8599999999999994
28.86
-5.140000000000001
34.86
1.8599999999999994
1.8599999999999994
28.86
-4.140000000000001
9.86
-4.140000000000001
-1.1400000000000006
-2.1400000000000006
24.86
0.8599999999999994
29.86
1.8599999999999994
32.86
73.86
-5.140000000000001
30.86
-9.14
23.86
-3.1400000000000006
3.8599999999999994
31.86
3.8599999999999994
-0.14000000000000057
31.86
0.8599999999999994
32.86
-5.140000000000001
-2.1400000000000006
24.86
0.8599999999999994
28.86
-0.14000000000000057
21.86
0.8599999999999994
-3.1400000000000006
-2.1400000000000006
-6.140000000000001
-4.140000000000001
29.86
6.859999999999999
32.86
-4.140000000000001
24.86
-10.14
30.86
-0.14000000000000057
29.86
1.8599999999999994
24.86
-8.14
28.86
-5.140000000000001
30.86
-1.1400000000000006
37.86
-11.14
25.86
-6.140000000000001
29.86
-2.1400000000000006
25.86
3.8599999999999994
33.86
-0.14000000000000057
-5.140000000000001
30.86
-5.140000000000001
35.86
-0.14000000000000057
-3.1400000000000006
31.86
-6.140000000000001
31.86
0.8599999999999994
27.86
-22.14
25.86
1.8599999999999994
28.86
-1.1400000000000006
33.86
-2.1400000000000006
-2.1400000000000006
27.86
-0.14000000000000057
32.86
-0.14000000000000057
28.86
-4.140000000000001
-7.140000000000001
25.86
0.8599999999999994
30.86
62.86
29.86
-6.140000000000001
25.86
369.86
23.86
-2.1400000000000006
23.86
-4.140000000000001
8.86
-6.140000000000001
3.8599999999999994
40.86
3.8599999999999994
35.86
-4.140000000000001
21.86
1.8599999999999994
-7.140000000000001
-3.1400000000000006
-3.1400000000000006
33.86
-2.1400000000000006
-7.140000000000001
-7.140000000000001
-0.14000000000000057
23.86
-4.140000000000001
2.8599999999999994
-10.14
25.86
-10.14
26.86
-4.140000000000001
28.86
-5.140000000000001
-0.14000000000000057
30.86
-4.140000000000001
28.86
5.859999999999999
28.86
-0.14000000000000057
30.86
0.8599999999999994
-6.140000000000001
-3.1400000000000006
-2.1400000000000006
33.86
-0.14000000000000057
-12.14
29.86
-2.1400000000000006
0.8599999999999994
28.86
-7.140000000000001
-2.1400000000000006
1.8599999999999994
32.86
-0.14000000000000057
26.86
-3.1400000000000006
29.86
-2.1400000000000006
-4.140000000000001
29.86
1.8599999999999994
24.86
-10.14
18.86
-1.1400000000000006
2.8599999999999994
-3.1400000000000006
36.86
0.8599999999999994
32.86
0.8599999999999994
-4.140000000000001
32.86
-6.140000000000001
-2.1400000000000006
-0.14000000000000057
2.8599999999999994
29.86
-6.140000000000001
30.86
-0.14000000000000057
26.86
-4.140000000000001
23.86
-9.14
25.86
-0.14000000000000057
1.8599999999999994
31.86
-5.140000000000001
29.86
66.86
28.86
-9.14
31.86
-2.1400000000000006
-2.1400000000000006
32.86
-7.140000000000001
-16.14
33.86
-3.1400000000000006
30.86
-7.140000000000001
35.86
-7.140000000000001
-0.14000000000000057
22.86
4.859999999999999
-0.14000000000000057
1.8599999999999994
-13.14
-1.1400000000000006
27.86
5.859999999999999
-1.1400000000000006
27.86
-2.1400000000000006
25.86
-9.14
24.86
1.8599999999999994
35.86
-0.14000000000000057
32.86
-2.1400000000000006
33.86
-7.140000000000001
29.86
-2.1400000000000006
-3.1400000000000006
28.86
64.86
29.86
392.86
30.86
0.8599999999999994
30.86
-2.1400000000000006
-0.14000000000000057
32.86
-0.14000000000000057
-2.1400000000000006
29.86
-1.1400000000000006
25.86
-4.140000000000001
31.86
-6.140000000000001
-6.140000000000001
24.86
-4.140000000000001
28.86
2.8599999999999994
28.86
-14.14
34.86
-4.140000000000001
-8.14
-7.140000000000001
25.86
0.8599999999999994
0.8599999999999994
32.86
1.8599999999999994
-4.140000000000001
-7.140000000000001
-6.140000000000001
4.859999999999999
32.86
-6.140000000000001
28.86
-3.1400000000000006
-7.140000000000001
-1.1400000000000006
25.86
-6.140000000000001
27.86
-4.140000000000001
23.86
-4.140000000000001
-6.140000000000001
24.86
4.859999999999999
31.86
0.8599999999999994
-3.1400000000000006
-0.14000000000000057
30.86
-0.14000000000000057
2.8599999999999994
30.86
-4.140000000000001
-4.140000000000001
-1.1400000000000006
-2.1400000000000006
3.8599999999999994
-2.1400000000000006
-6.140000000000001
-4.140000000000001
32.86
-2.1400000000000006
-9.14
1.8599999999999994
25.86
388.86
-1.1400000000000006
28.86
-14.14
25.86
0.8599999999999994
23.86
-1.1400000000000006
0.8599999999999994
-2.1400000000000006
27.86
5.859999999999999
29.86
-1.1400000000000006
-2.1400000000000006
31.86
-4.140000000000001
4.859999999999999
-4.140000000000001
28.86
0.8599999999999994
34.86
-4.140000000000001
25.86
-9.14
24.86
-3.1400000000000006
36.86
-7.140000000000001
36.86
-0.14000000000000057
32.86
-10.14
26.86
70.86
3.8599999999999994
30.86
-6.140000000000001
1.8599999999999994
28.86
-0.14000000000000057
25.86
-0.14000000000000057
0.8599999999999994
-5.140000000000001
29.86
-2.1400000000000006
209.86
23.86
0.8599999999999994
29.86
-7.140000000000001
-3.1400000000000006
29.86
-3.1400000000000006
23.86
-13.14
29.86
3.8599999999999994
-2.1400000000000006
33.86
-7.140000000000001
-0.14000000000000057
-10.14
-4.140000000000001
-7.140000000000001
25.86
-12.14
27.86
-4.140000000000001
0.8599999999999994
29.86
0.8599999999999994
-2.1400000000000006
8.86
31.86
2.8599999999999994
4.859999999999999
-3.1400000000000006
-0.14000000000000057
-8.14
1.8599999999999994
33.86
-7.140000000000001
-8.14
-0.14000000000000057
-10.14
-2.1400000000000006
24.86
-10.14
20.86
4.859999999999999
61.86
22.86
-2.1400000000000006
-3.1400000000000006
-0.14000000000000057
-2.1400000000000006
-2.1400000000000006
28.86
0.8599999999999994
-10.14
27.86
-0.14000000000000057
-8.14
29.86
-6.140000000000001
80.86
-5.140000000000001
23.86
0.8599999999999994
-1.1400000000000006
29.86
-3.1400000000000006
25.86
-8.14
-7.140000000000001
29.86
-0.14000000000000057
34.86
-9.14
29.86
-9.14
22.86
4.859999999999999
-2.1400000000000006
1.8599999999999994
34.86
0.8599999999999994
33.86
-8.14
19.86
-11.14
124.86
1.8599999999999994
25.86
0.8599999999999994
221.86
-7.140000000000001
29.86
-5.140000000000001
-7.140000000000001
-1.1400000000000006
33.86
-4.140000000000001
-0.14000000000000057
4.859999999999999
32.86
-8.14
1.8599999999999994
-0.14000000000000057
29.86
-2.1400000000000006
0.8599999999999994
1.8599999999999994
29.86
5.859999999999999
1.8599999999999994
-7.140000000000001
36.86
-10.14
-10.14
30.86
1.8599999999999994
28.86
-23.14
32.86
-17.14
24.86
0.8599999999999994
-8.14
25.86
0.8599999999999994
-3.1400000000000006
29.86
-0.14000000000000057
29.86
3.8599999999999994
-2.1400000000000006
32.86
77.86
-2.1400000000000006
-0.14000000000000057
-15.14
1.8599999999999994
27.86
-3.1400000000000006
27.86
-0.14000000000000057
-8.14
-4.140000000000001
27.86
-6.140000000000001
0.8599999999999994
381.86
3.8599999999999994
-2.1400000000000006
20.86
-11.14
29.86
-1.1400000000000006
1.8599999999999994
-0.14000000000000057
25.86
-0.14000000000000057
28.86
1.8599999999999994
0.8599999999999994
31.86
-4.140000000000001
27.86
0.8599999999999994
-0.14000000000000057
-2.1400000000000006
-2.1400000000000006
24.86
-0.14000000000000057
31.86
-2.1400000000000006
29.86
-4.140000000000001
-4.140000000000001
-12.14
24.86
2.8599999999999994
-1.1400000000000006
31.86
3.8599999999999994
22.86
5.859999999999999
3.8599999999999994
36.86
-10.14
32.86
-3.1400000000000006
-15.14
23.86
-3.1400000000000006
-14.14
-0.14000000000000057
32.86
0.8599999999999994
32.86
224.86
26.86
-4.140000000000001
29.86
-2.1400000000000006
32.86
1.8599999999999994
28.86
-9.14
29.86
1.8599999999999994
-6.140000000000001
-1.1400000000000006
29.86
-3.1400000000000006
4.859999999999999
1.8599999999999994
454.86
28.86
6.859999999999999
3.8599999999999994
27.86
1.8599999999999994
1.8599999999999994
31.86
0.8599999999999994
-0.14000000000000057
28.86
-0.14000000000000057
29.86
-0.14000000000000057
26.86
-2.1400000000000006
33.86
-2.1400000000000006
31.86
3.8599999999999994
-2.1400000000000006
33.86
2.8599999999999994
-4.140000000000001
-8.14
-6.140000000000001
-3.1400000000000006
-2.1400000000000006
23.86
0.8599999999999994
34.86
-2.1400000000000006
26.86
-6.140000000000001
28.86
0.8599999999999994
28.86
-19.14
33.86
-5.140000000000001
27.86
-2.1400000000000006
-15.14
28.86
-2.1400000000000006
-7.140000000000001
3.8599999999999994
-3.1400000000000006
28.86
75.86
-2.1400000000000006
35.86
4.859999999999999
-4.140000000000001
32.86
-0.14000000000000057
29.86
-6.140000000000001
24.86
-3.1400000000000006
-4.140000000000001
-2.1400000000000006
31.86
0.8599999999999994
28.86
-8.14
24.86
-2.1400000000000006
32.86
5.859999999999999
24.86
-9.14
-3.1400000000000006
27.86
6.859999999999999
-0.14000000000000057
24.86
-0.14000000000000057
28.86
-3.1400000000000006
29.86
1.8599999999999994
32.86
0.8599999999999994
-2.1400000000000006
-4.140000000000001
-2.1400000000000006
-3.1400000000000006
30.86
-0.14000000000000057
26.86
-3.1400000000000006
28.86
-1.1400000000000006
33.86
-1.1400000000000006
-6.140000000000001
29.86
-0.14000000000000057
2.8599999999999994
0.8599999999999994
31.86
479.86
-9.14
-0.14000000000000057
-4.140000000000001
27.86
0.8599999999999994
35.86
-7.140000000000001
25.86
-1.1400000000000006
31.86
-0.14000000000000057
-2.1400000000000006
0.8599999999999994
32.86
-7.140000000000001
28.86
-8.14
-0.14000000000000057
30.86
0.8599999999999994
0.8599999999999994
34.86
-3.1400000000000006
29.86
0.8599999999999994
-1.1400000000000006
27.86
-6.140000000000001
6.859999999999999
1.8599999999999994
35.86
-25.14
30.86
-0.14000000000000057
30.86
-10.14
-12.14
3.8599999999999994
-2.1400000000000006
32.86
-2.1400000000000006
-2.1400000000000006
-11.14
-6.140000000000001
32.86
-1.1400000000000006
-1.1400000000000006
27.86
0.8599999999999994
28.86
-3.1400000000000006
-0.14000000000000057
-9.14
26.86
-1.1400000000000006
29.86
3.8599999999999994
-7.140000000000001
30.86
-2.1400000000000006
29.86
0.8599999999999994
27.86
-3.1400000000000006
29.86
-6.140000000000001
-9.14
-9.14
33.86
5.859999999999999
33.86
-3.1400000000000006
-4.140000000000001
29.86
0.8599999999999994
29.86
-7.140000000000001
34.86
-10.14
31.86
-2.1400000000000006
31.86
-0.14000000000000057
-1.1400000000000006
-0.14000000000000057
28.86
-4.140000000000001
30.86
0.8599999999999994
24.86
0.8599999999999994
0.8599999999999994
28.86
3.8599999999999994
-27.14
27.86
5.859999999999999
33.86
0.8599999999999994
-4.140000000000001
-8.14
-3.1400000000000006
29.86
0.8599999999999994
27.86
116.86
-4.140000000000001
-0.14000000000000057
-8.14
5.859999999999999
27.86
-2.1400000000000006
32.86
2.8599999999999994
29.86
-4.140000000000001
-2.1400000000000006
-9.14
28.86
-0.14000000000000057
25.86
-2.1400000000000006
33.86
-1.1400000000000006
33.86
0.8599999999999994
-4.140000000000001
29.86
-0.14000000000000057
31.86
-3.1400000000000006
-5.140000000000001
29.86
-2.1400000000000006
25.86
-4.140000000000001
31.86
-1.1400000000000006
0.8599999999999994
30.86
-7.140000000000001
-8.14
-3.1400000000000006
-2.1400000000000006
-3.1400000000000006
28.86
-6.140000000000001
33.86
-1.1400000000000006
33.86
-2.1400000000000006
29.86
-4.140000000000001
-16.14
0.8599999999999994
31.86
-0.14000000000000057
37.86
-7.140000000000001
27.86
0.8599999999999994
28.86
-2.1400000000000006
-2.1400000000000006
28.86
-2.1400000000000006
24.86
-10.14
-5.140000000000001
28.86
5.859999999999999
27.86
4.859999999999999
27.86
-10.14
-4.140000000000001
30.86
1.8599999999999994
31.86
-4.140000000000001
35.86
0.8599999999999994
32.86
-6.140000000000001
32.86
-2.1400000000000006
28.86
1.8599999999999994
32.86
-6.140000000000001
29.86
5.859999999999999
-3.1400000000000006
22.86
-4.140000000000001
-4.140000000000001
22.86
-0.14000000000000057
-5.140000000000001
3.8599999999999994
37.86
-2.1400000000000006
24.86
-2.1400000000000006
31.86
0.8599999999999994
-2.1400000000000006
0.8599999999999994
26.86
6.859999999999999
33.86
-2.1400000000000006
1.8599999999999994
-2.1400000000000006
27.86
-2.1400000000000006
4.859999999999999
33.86
1.8599999999999994
-2.1400000000000006
32.86
-2.1400000000000006
-2.1400000000000006
115.86
31.86
-23.14
-2.1400000000000006
23.86
-11.14
-3.1400000000000006
29.86
0.8599999999999994
-0.14000000000000057
29.86
-3.1400000000000006
-3.1400000000000006
29.86
-0.14000000000000057
136.86
33.86
-0.14000000000000057
-7.140000000000001
27.86
0.8599999999999994
29.86
1.8599999999999994
31.86
0.8599999999999994
-1.1400000000000006
-4.140000000000001
-3.1400000000000006
30.86
-2.1400000000000006
4.859999999999999
23.86
-3.1400000000000006
27.86
-4.140000000000001
25.86
-16.14
31.86
-6.140000000000001
354.86
32.86
-8.14
-12.14
28.86
0.8599999999999994
28.86
-23.14
-0.14000000000000057
-5.140000000000001
32.86
1.8599999999999994
28.86
-8.14
31.86
-2.1400000000000006
31.86
1.8599999999999994
0.8599999999999994
28.86
2.8599999999999994
29.86
-2.1400000000000006
31.86
-1.1400000000000006
-4.140000000000001
25.86
-2.1400000000000006
-8.14
32.86
-1.1400000000000006
27.86
0.8599999999999994
30.86
-2.1400000000000006
36.86
-10.14
-6.140000000000001
-0.14000000000000057
26.86
-0.14000000000000057
-4.140000000000001
-8.14
-4.140000000000001
-2.1400000000000006
-0.14000000000000057
32.86
-12.14
3.8599999999999994
-3.1400000000000006
32.86
-17.14
2.8599999999999994
32.86
-11.14
25.86
0.8599999999999994
-2.1400000000000006
22.86
1.8599999999999994
24.86
-2.1400000000000006
31.86
0.8599999999999994
-5.140000000000001
27.86
-1.1400000000000006
31.86
-2.1400000000000006
31.86
2.8599999999999994
30.86
-8.14
23.86
-2.1400000000000006
-2.1400000000000006
0.8599999999999994
35.86
-3.1400000000000006
-0.14000000000000057
29.86
0.8599999999999994
35.86
-2.1400000000000006
4.859999999999999
33.86
0.8599999999999994
28.86
-3.1400000000000006
24.86
-6.140000000000001
28.86
-3.1400000000000006
31.86
0.8599999999999994
32.86
-7.140000000000001
34.86
0.8599999999999994
28.86
-4.140000000000001
32.86
-1.1400000000000006
29.86
1.8599999999999994
-2.1400000000000006
28.86
1.8599999999999994
31.86
-14.14
32.86
-18.14
29.86
-7.140000000000001
-8.14
25.86
3.8599999999999994
32.86
-7.140000000000001
-2.1400000000000006
24.86
-0.14000000000000057
32.86
-0.14000000000000057
33.86
0.8599999999999994
-7.140000000000001
33.86
-5.140000000000001
4.859999999999999
37.86
-8.14
0.8599999999999994
-2.1400000000000006
2.8599999999999994
-5.140000000000001
32.86
-2.1400000000000006
-4.140000000000001
-0.14000000000000057
32.86
2.8599999999999994
29.86
-7.140000000000001
0.8599999999999994
36.86
1.8599999999999994
-9.14
24.86
-4.140000000000001
27.86
-3.1400000000000006
-10.14
3.8599999999999994
28.86
0.8599999999999994
-9.14
27.86
3.8599999999999994
34.86
-5.140000000000001
29.86
-18.14
28.86
-3.1400000000000006
28.86
-1.1400000000000006
28.86
0.8599999999999994
-3.1400000000000006
2.8599999999999994
29.86
-9.14
0.8599999999999994
33.86
-7.140000000000001
-11.14
-2.1400000000000006
28.86
-0.14000000000000057
29.86
1.8599999999999994
27.86
-1.1400000000000006
29.86
-0.14000000000000057
-1.1400000000000006
-1.1400000000000006
33.86
-7.140000000000001
24.86
11.86
-2.1400000000000006
25.86
-5.140000000000001
3.8599999999999994
27.86
20.86
31.86
-4.140000000000001
21.86
-9.14
1.8599999999999994
33.86
-1.1400000000000006
-6.140000000000001
-4.140000000000001
29.86
-5.140000000000001
-42.14
33.86
-16.14
1.8599999999999994
35.86
1.8599999999999994
5.859999999999999
32.86
-3.1400000000000006
-9.14
4.859999999999999
-10.14
-1.1400000000000006
-2.1400000000000006
-3.1400000000000006
22.86
-1.1400000000000006
31.86
-3.1400000000000006
-14.14
24.86
-3.1400000000000006
-4.140000000000001
29.86
-3.1400000000000006
28.86
-2.1400000000000006
29.86
-7.140000000000001
29.86
-2.1400000000000006
26.86
0.8599999999999994
27.86
77.86
28.86
-3.1400000000000006
3.8599999999999994
-7.140000000000001
-10.14
1.8599999999999994
-4.140000000000001
-5.140000000000001
31.86
-11.14
-22.14
3.8599999999999994
29.86
-3.1400000000000006
28.86
-3.1400000000000006
-7.140000000000001
-9.14
31.86
-4.140000000000001
28.86
-7.140000000000001
-2.1400000000000006
35.86
1.8599999999999994
-2.1400000000000006
-3.1400000000000006
-8.14
-4.140000000000001
-3.1400000000000006
35.86
-0.14000000000000057
29.86
-2.1400000000000006
28.86
-6.140000000000001
26.86
-2.1400000000000006
29.86
0.8599999999999994
-9.14
-2.1400000000000006
23.86
0.8599999999999994
29.86
-18.14
-2.1400000000000006
0.8599999999999994
-2.1400000000000006
25.86
0.8599999999999994
-3.1400000000000006
29.86
-0.14000000000000057
34.86
1.8599999999999994
24.86
-10.14
-3.1400000000000006
21.86
-0.14000000000000057
-1.1400000000000006
-5.140000000000001
21.86
-2.1400000000000006
1.8599999999999994
-1.1400000000000006
-10.14
25.86
-3.1400000000000006
32.86
3.8599999999999994
27.86
1.8599999999999994
31.86
0.8599999999999994
-10.14
-4.140000000000001
29.86
-0.14000000000000057
29.86
-8.14
25.86
-9.14
39.86
-0.14000000000000057
24.86
4.859999999999999
31.86
0.8599999999999994
-7.140000000000001
-5.140000000000001
0.8599999999999994
31.86
-0.14000000000000057
29.86
0.8599999999999994
36.86
3.8599999999999994
29.86
-7.140000000000001
1.8599999999999994
31.86
320.86
29.86
-2.1400000000000006
27.86
0.8599999999999994
-2.1400000000000006
1.8599999999999994
-2.1400000000000006
2.8599999999999994
28.86
-4.140000000000001
23.86
1.8599999999999994
-3.1400000000000006
-5.140000000000001
21.86
-6.140000000000001
26.86
-2.1400000000000006
24.86
-4.140000000000001
29.86
-0.14000000000000057
24.86
-0.14000000000000057
24.86
-4.140000000000001
31.86
-15.14
29.86
-13.14
30.86
-2.1400000000000006
29.86
-2.1400000000000006
21.86
0.8599999999999994
32.86
-3.1400000000000006
-6.140000000000001
28.86
-6.140000000000001
32.86
0.8599999999999994
29.86
-2.1400000000000006
23.86
-4.140000000000001
3.8599999999999994
25.86
-5.140000000000001
0.8599999999999994
29.86
-0.14000000000000057
24.86
3.8599999999999994
-2.1400000000000006
-0.14000000000000057
25.86
0.8599999999999994
-9.14
32.86
-4.140000000000001
35.86
-6.140000000000001
31.86
1.8599999999999994
-14.14
-4.140000000000001
-2.1400000000000006
28.86
-7.140000000000001
4.859999999999999
5.859999999999999
-2.1400000000000006
31.86
-4.140000000000001
25.86
-0.14000000000000057
-1.1400000000000006
28.86
-5.140000000000001
28.86
-7.140000000000001
-8.14
26.86
57.86
24.86
-3.1400000000000006
-6.140000000000001
-4.140000000000001
3.8599999999999994
-2.1400000000000006
-10.14
24.86
1.8599999999999994
32.86
-0.14000000000000057
-2.1400000000000006
31.86
-2.1400000000000006
1.8599999999999994
31.86
1.8599999999999994
33.86
6.859999999999999
27.86
-4.140000000000001
2.8599999999999994
-4.140000000000001
-5.140000000000001
27.86
-16.14
-2.1400000000000006
-1.1400000000000006
1.8599999999999994
-1.1400000000000006
29.86
3.8599999999999994
5.859999999999999
29.86
-10.14
28.86
0.8599999999999994
29.86
-6.140000000000001
22.86
1.8599999999999994
29.86
67.86
21.86
5.859999999999999
30.86
-2.1400000000000006
-3.1400000000000006
-4.140000000000001
28.86
-3.1400000000000006
31.86
-7.140000000000001
29.86
5.859999999999999
29.86
-3.1400000000000006
-4.140000000000001
27.86
-0.14000000000000057
29.86
-0.14000000000000057
13.86
27.86
0.8599999999999994
29.86
-7.140000000000001
29.86
-2.1400000000000006
31.86
-2.1400000000000006
-2.1400000000000006
37.86
-4.140000000000001
26.86
0.8599999999999994
24.86
4.859999999999999
27.86
1.8599999999999994
30.86
-0.14000000000000057
25.86
-6.140000000000001
2.8599999999999994
-4.140000000000001
-8.14
31.86
7.859999999999999
20.86
0.8599999999999994
-9.14
29.86
12.86
2.8599999999999994
-1.1400000000000006
27.86
108.86
25.86
4.859999999999999
31.86
-0.14000000000000057
-2.1400000000000006
31.86
36.86
33.86
-4.140000000000001
-6.140000000000001
25.86
5.859999999999999
0.8599999999999994
33.86
-0.14000000000000057
0.8599999999999994
25.86
0.8599999999999994
-1.1400000000000006
31.86
-2.1400000000000006
31.86
-0.14000000000000057
0.8599999999999994
30.86
-18.14
-8.14
27.86
-4.140000000000001
32.86
4.859999999999999
-2.1400000000000006
-2.1400000000000006
-3.1400000000000006
3.8599999999999994
27.86
-6.140000000000001
-2.1400000000000006
30.86
4.859999999999999
29.86
4.859999999999999
-1.1400000000000006
29.86
85.86
34.86
-11.14
4.859999999999999
29.86
-1.1400000000000006
35.86
1.8599999999999994
-2.1400000000000006
37.86
-0.14000000000000057
29.86
0.8599999999999994
-1.1400000000000006
30.86
-3.1400000000000006
-15.14
29.86
6.859999999999999
1.8599999999999994
24.86
-1.1400000000000006
27.86
-2.1400000000000006
2.8599999999999994
31.86
-4.140000000000001
33.86
1.8599999999999994
0.8599999999999994
27.86
-2.1400000000000006
28.86
0.8599999999999994
-0.14000000000000057
-2.1400000000000006
30.86
201.86
1.8599999999999994
35.86
-2.1400000000000006
28.86
-10.14
40.86
-4.140000000000001
29.86
-2.1400000000000006
-0.14000000000000057
-9.14
29.86
3.8599999999999994
29.86
-8.14
31.86
0.8599999999999994
27.86
1.8599999999999994
-8.14
25.86
-2.1400000000000006
24.86
-2.1400000000000006
159.86
24.86
-5.140000000000001
0.8599999999999994
138.86
37.86
81.86
-4.140000000000001
33.86
-1.1400000000000006
-2.1400000000000006
34.86
-11.14
25.86
-4.140000000000001
5.859999999999999
-8.14
29.86
-5.140000000000001
32.86
2.8599999999999994
30.86
2.8599999999999994
-6.140000000000001
0.8599999999999994
32.86
-3.1400000000000006
-4.140000000000001
-0.14000000000000057
-16.14
-2.1400000000000006
24.86
2.8599999999999994
-3.1400000000000006
-3.1400000000000006
32.86
-1.1400000000000006
1.8599999999999994
28.86
4.859999999999999
29.86
-2.1400000000000006
27.86
-6.140000000000001
32.86
-2.1400000000000006
3.8599999999999994
23.86
-1.1400000000000006
-4.140000000000001
32.86
203.86
-4.140000000000001
-5.140000000000001
0.8599999999999994
35.86
-11.14
-2.1400000000000006
24.86
-1.1400000000000006
29.86
-9.14
21.86
-12.14
23.86
3.8599999999999994
-2.1400000000000006
31.86
-2.1400000000000006
25.86
-2.1400000000000006
7.859999999999999
30.86
-2.1400000000000006
28.86
-9.14
-6.140000000000001
-5.140000000000001
27.86
-0.14000000000000057
-5.140000000000001
-7.140000000000001
-1.1400000000000006
37.86
-4.140000000000001
30.86
1.8599999999999994
31.86
1.8599999999999994
-7.140000000000001
32.86
-0.14000000000000057
29.86
-3.1400000000000006
-14.14
23.86
-4.140000000000001
27.86
-15.14
-3.1400000000000006
20.86
-0.14000000000000057
4.859999999999999
28.86
-4.140000000000001
-5.140000000000001
25.86
1.8599999999999994
-3.1400000000000006
27.86
-3.1400000000000006
-0.14000000000000057
-4.140000000000001
28.86
1.8599999999999994
28.86
2.8599999999999994
-5.140000000000001
28.86
0.8599999999999994
37.86
-18.14
29.86
-0.14000000000000057
30.86
0.8599999999999994
-0.14000000000000057
32.86
-0.14000000000000057
25.86
4.859999999999999
33.86
-6.140000000000001
31.86
-3.1400000000000006
25.86
-7.140000000000001
34.86
-0.14000000000000057
24.86
-3.1400000000000006
-0.14000000000000057
28.86
-6.140000000000001
-2.1400000000000006
-4.140000000000001
1.8599999999999994
33.86
-6.140000000000001
13.86
36.86
-0.14000000000000057
29.86
-11.14
29.86
-8.14
-3.1400000000000006
25.86
2.8599999999999994
2.8599999999999994
0.8599999999999994
32.86
-1.1400000000000006
41.86
4.859999999999999
1.8599999999999994
-3.1400000000000006
34.86
-9.14
30.86
0.8599999999999994
-2.1400000000000006
30.86
1.8599999999999994
-4.140000000000001
33.86
0.8599999999999994
-5.140000000000001
-3.1400000000000006
0.8599999999999994
-7.140000000000001
28.86
0.8599999999999994
29.86
-6.140000000000001
-1.1400000000000006
34.86
-8.14
34.86
-5.140000000000001
-0.14000000000000057
25.86
1.8599999999999994
36.86
0.8599999999999994
-2.1400000000000006
-2.1400000000000006
30.86
0.8599999999999994
28.86
4.859999999999999
-3.1400000000000006
30.86
-0.14000000000000057
4.859999999999999
29.86
0.8599999999999994
1.8599999999999994
36.86
-3.1400000000000006
0.8599999999999994
5.859999999999999
29.86
-9.14
25.86
-2.1400000000000006
28.86
-5.140000000000001
24.86
2.8599999999999994
7.859999999999999
32.86
7.859999999999999
32.86
-3.1400000000000006
22.86
-2.1400000000000006
-3.1400000000000006
-5.140000000000001
0.8599999999999994
32.86
1.8599999999999994
0.8599999999999994
0.8599999999999994
32.86
-0.14000000000000057
-5.140000000000001
27.86
0.8599999999999994
-7.140000000000001
-7.140000000000001
35.86
-8.14
-3.1400000000000006
-0.14000000000000057
0.8599999999999994
-4.140000000000001
-2.1400000000000006
33.86
1.8599999999999994
27.86
-6.140000000000001
-1.1400000000000006
31.86
-0.14000000000000057
-2.1400000000000006
-1.1400000000000006
0.8599999999999994
-2.1400000000000006
-4.140000000000001
-5.140000000000001
-2.1400000000000006
33.86
64.86
25.86
-2.1400000000000006
32.86
1.8599999999999994
-0.14000000000000057
28.86
-4.140000000000001
27.86
5.859999999999999
32.86
-2.1400000000000006
-1.1400000000000006
27.86
-0.14000000000000057
25.86
0.8599999999999994
36.86
-4.140000000000001
21.86
0.8599999999999994
-2.1400000000000006
29.86
-0.14000000000000057
25.86
-9.14
23.86
-2.1400000000000006
32.86
-0.14000000000000057
33.86
-6.140000000000001
28.86
-7.140000000000001
24.86
-5.140000000000001
-3.1400000000000006
-0.14000000000000057
28.86
-8.14
24.86
-6.140000000000001
27.86
332.86
32.86
66.86
3.8599999999999994
-8.14
-11.14
27.86
1.8599999999999994
-7.140000000000001
27.86
2.8599999999999994
31.86
-4.140000000000001
0.8599999999999994
32.86
-9.14
-11.14
28.86
-7.140000000000001
30.86
-0.14000000000000057
36.86
-4.140000000000001
0.8599999999999994
32.86
-1.1400000000000006
26.86
2.8599999999999994
-7.140000000000001
-2.1400000000000006
-0.14000000000000057
35.86
-0.14000000000000057
-7.140000000000001
-2.1400000000000006
27.86
0.8599999999999994
31.86
-2.1400000000000006
0.8599999999999994
-2.1400000000000006
27.86
0.8599999999999994
34.86
-3.1400000000000006
31.86
0.8599999999999994
-6.140000000000001
33.86
0.8599999999999994
33.86
-12.14
30.86
-3.1400000000000006
29.86
-3.1400000000000006
24.86
-10.14
-3.1400000000000006
-1.1400000000000006
-5.140000000000001
-4.140000000000001
-2.1400000000000006
5.859999999999999
-3.1400000000000006
-13.14
24.86
0.8599999999999994
30.86
-16.14
17.86
-14.14
31.86
0.8599999999999994
-1.1400000000000006
3.8599999999999994
29.86
-7.140000000000001
-6.140000000000001
23.86
-10.14
35.86
1.8599999999999994
0.8599999999999994
29.86
-0.14000000000000057
30.86
0.8599999999999994
28.86
-12.14
-2.1400000000000006
-4.140000000000001
-6.140000000000001
27.86
-2.1400000000000006
-2.1400000000000006
0.8599999999999994
0.8599999999999994
35.86
-7.140000000000001
-6.140000000000001
36.86
4.859999999999999
21.86
6.859999999999999
-2.1400000000000006
36.86
-4.140000000000001
-4.140000000000001
25.86
-8.14
-6.140000000000001
26.86
97.86
27.86
-0.14000000000000057
-7.140000000000001
3.8599999999999994
-4.140000000000001
24.86
-8.14
29.86
-5.140000000000001
-8.14
24.86
-1.1400000000000006
-0.14000000000000057
32.86
-6.140000000000001
-0.14000000000000057
29.86
-1.1400000000000006
37.86
-2.1400000000000006
-1.1400000000000006
27.86
-4.140000000000001
-6.140000000000001
5.859999999999999
3.8599999999999994
-4.140000000000001
24.86
-2.1400000000000006
29.86
-6.140000000000001
136.86
23.86
77.86
28.86
-0.14000000000000057
28.86
2.8599999999999994
32.86
0.8599999999999994
32.86
-18.14
25.86
-4.140000000000001
20.86
-3.1400000000000006
1.8599999999999994
38.86
-4.140000000000001
22.86
-2.1400000000000006
28.86
-9.14
28.86
1.8599999999999994
-7.140000000000001
0.8599999999999994
5.859999999999999
34.86
-1.1400000000000006
31.86
-1.1400000000000006
29.86
3.8599999999999994
29.86
-2.1400000000000006
-0.14000000000000057
25.86
-6.140000000000001
0.8599999999999994
30.86
1.8599999999999994
33.86
-0.14000000000000057
0.8599999999999994
29.86
-4.140000000000001
-3.1400000000000006
27.86
-6.140000000000001
28.86
347.86
32.86
-9.14
-5.140000000000001
30.86
-20.14
27.86
-4.140000000000001
4.859999999999999
29.86
-4.140000000000001
-31.14
29.86
1.8599999999999994
-0.14000000000000057
-6.140000000000001
-4.140000000000001
-6.140000000000001
-3.1400000000000006
29.86
14.86
1.8599999999999994
24.86
-3.1400000000000006
35.86
1.8599999999999994
1.8599999999999994
-8.14
2.8599999999999994
35.86
-6.140000000000001
31.86
3.8599999999999994
-3.1400000000000006
-1.1400000000000006
-6.140000000000001
30.86
0.8599999999999994
0.8599999999999994
28.86
-9.14
-2.1400000000000006
1.8599999999999994
29.86
-8.14
1.8599999999999994
62.86
1.8599999999999994
0.8599999999999994
-7.140000000000001
31.86
-4.140000000000001
-11.14
4.859999999999999
-1.1400000000000006
-5.140000000000001
19.86
0.8599999999999994
19.86
-2.1400000000000006
30.86
0.8599999999999994
25.86
-6.140000000000001
29.86
-6.140000000000001
2.8599999999999994
0.8599999999999994
31.86
0.8599999999999994
21.86
4.859999999999999
3.8599999999999994
29.86
-4.140000000000001
-3.1400000000000006
24.86
0.8599999999999994
28.86
4.859999999999999
33.86
-3.1400000000000006
382.86
30.86
-7.140000000000001
-9.14
22.86
-3.1400000000000006
3.8599999999999994
-12.14
25.86
1.8599999999999994
29.86
-4.140000000000001
33.86
-0.14000000000000057
25.86
4.859999999999999
-2.1400000000000006
3.8599999999999994
35.86
3.8599999999999994
31.86
-48.14
49.86
2.8599999999999994
29.86
-3.1400000000000006
0.8599999999999994
32.86
6.859999999999999
0.8599999999999994
33.86
-2.1400000000000006
-3.1400000000000006
-2.1400000000000006
-5.140000000000001
2.8599999999999994
-10.14
24.86
-1.1400000000000006
-7.140000000000001
-2.1400000000000006
-0.14000000000000057
-1.1400000000000006
31.86
3.8599999999999994
33.86
3.8599999999999994
34.86
-7.140000000000001
84.86
25.86
0.8599999999999994
29.86
-3.1400000000000006
-0.14000000000000057
24.86
7.859999999999999
33.86
9.86
33.86
-9.14
3.8599999999999994
29.86
0.8599999999999994
28.86
-2.1400000000000006
35.86
-8.14
29.86
-1.1400000000000006
1.8599999999999994
31.86
-5.140000000000001
27.86
-3.1400000000000006
-10.14
27.86
0.8599999999999994
-3.1400000000000006
32.86
-9.14
1.8599999999999994
29.86
-7.140000000000001
28.86
-4.140000000000001
4.859999999999999
0.8599999999999994
29.86
-0.14000000000000057
29.86
-1.1400000000000006
29.86
-2.1400000000000006
33.86
-5.140000000000001
0.8599999999999994
-2.1400000000000006
32.86
-9.14
28.86
-9.14
25.86
-7.140000000000001
30.86
-1.1400000000000006
26.86
-3.1400000000000006
31.86
2.8599999999999994
27.86
-7.140000000000001
29.86
-7.140000000000001
24.86
-1.1400000000000006
33.86
-0.14000000000000057
-5.140000000000001
31.86
-1.1400000000000006
21.86
-4.140000000000001
24.86
-2.1400000000000006
24.86
-1.1400000000000006
27.86
4.859999999999999
29.86
-3.1400000000000006
27.86
0.8599999999999994
32.86
1.8599999999999994
-1.1400000000000006
-3.1400000000000006
26.86
-2.1400000000000006
29.86
1.8599999999999994
-2.1400000000000006
27.86
-4.140000000000001
18.86
-5.140000000000001
-4.140000000000001
-3.1400000000000006
-4.140000000000001
-11.14
-6.140000000000001
19.86
-7.140000000000001
27.86
0.8599999999999994
35.86
0.8599999999999994
31.86
0.8599999999999994
30.86
-4.140000000000001
20.86
3.8599999999999994
-4.140000000000001
-2.1400000000000006
30.86
-7.140000000000001
35.86
-2.1400000000000006
-0.14000000000000057
25.86
-9.14
22.86
5.859999999999999
32.86
-4.140000000000001
-3.1400000000000006
-2.1400000000000006
32.86
-2.1400000000000006
29.86
-6.140000000000001
-1.1400000000000006
28.86
-2.1400000000000006
30.86
-11.14
32.86
-10.14
-7.140000000000001
25.86
-2.1400000000000006
27.86
-12.14
30.86
2.8599999999999994
28.86
4.859999999999999
31.86
-6.140000000000001
29.86
-3.1400000000000006
29.86
0.8599999999999994
29.86
-8.14
-3.1400000000000006
28.86
1.8599999999999994
23.86
-4.140000000000001
-6.140000000000001
-0.14000000000000057
31.86
1.8599999999999994
33.86
-1.1400000000000006
-7.140000000000001
5.859999999999999
-1.1400000000000006
3.8599999999999994
-20.14
35.86
-2.1400000000000006
27.86
112.86
32.86
2.8599999999999994
36.86
-6.140000000000001
31.86
0.8599999999999994
-6.140000000000001
-0.14000000000000057
0.8599999999999994
-3.1400000000000006
32.86
-2.1400000000000006
28.86
-0.14000000000000057
21.86
0.8599999999999994
33.86
55.86
-5.140000000000001
-2.1400000000000006
3.8599999999999994
3.8599999999999994
29.86
-3.1400000000000006
1.8599999999999994
0.8599999999999994
27.86
-8.14
22.86
-8.14
22.86
-7.140000000000001
30.86
-7.140000000000001
28.86
-4.140000000000001
33.86
-3.1400000000000006
31.86
-2.1400000000000006
27.86
-0.14000000000000057
23.86
-0.14000000000000057
32.86
4.859999999999999
29.86
5.859999999999999
-10.14
-1.1400000000000006
32.86
-0.14000000000000057
28.86
-9.14
25.86
-6.140000000000001
-14.14
31.86
-8.14
30.86
4.859999999999999
33.86
-8.14
-11.14
3.8599999999999994
-2.1400000000000006
25.86
-2.1400000000000006
31.86
-6.140000000000001
-6.140000000000001
-13.14
24.86
-0.14000000000000057
28.86
-10.14
25.86
-9.14
24.86
137.86
-7.140000000000001
32.86
-2.1400000000000006
33.86
-2.1400000000000006
-0.14000000000000057
32.86
121.86
27.86
0.8599999999999994
29.86
-3.1400000000000006
0.8599999999999994
31.86
-5.140000000000001
24.86
2.8599999999999994
30.86
4.859999999999999
29.86
358.86
32.86
-1.1400000000000006
0.8599999999999994
-3.1400000000000006
0.8599999999999994
37.86
-1.1400000000000006
33.86
4.859999999999999
26.86
1.8599999999999994
28.86
8.86
-0.14000000000000057
-6.140000000000001
31.86
-2.1400000000000006
-2.1400000000000006
5.859999999999999
22.86
-1.1400000000000006
-0.14000000000000057
33.86
-2.1400000000000006
29.86
-4.140000000000001
33.86
0.8599999999999994
2.8599999999999994
-0.14000000000000057
5.859999999999999
33.86
-4.140000000000001
29.86
-5.140000000000001
-16.14
21.86
2.8599999999999994
26.86
-7.140000000000001
150.86
35.86
11.86
-1.1400000000000006
24.86
-7.140000000000001
33.86
118.86
-5.140000000000001
5.859999999999999
37.86
-0.14000000000000057
0.8599999999999994
30.86
-3.1400000000000006
-9.14
31.86
-1.1400000000000006
2.8599999999999994
33.86
-3.1400000000000006
29.86
0.8599999999999994
34.86
-2.1400000000000006
-7.140000000000001
28.86
1.8599999999999994
-4.140000000000001
31.86
4.859999999999999
28.86
-2.1400000000000006
-4.140000000000001
31.86
-1.1400000000000006
28.86
-4.140000000000001
29.86
1.8599999999999994
29.86
-10.14
25.86
-4.140000000000001
-7.140000000000001
6.859999999999999
32.86
-9.14
-10.14
0.8599999999999994
0.8599999999999994
-3.1400000000000006
-1.1400000000000006
31.86
0.8599999999999994
27.86
0.8599999999999994
28.86
-7.140000000000001
30.86
-3.1400000000000006
3.8599999999999994
23.86
0.8599999999999994
1.8599999999999994
29.86
-0.14000000000000057
1.8599999999999994
24.86
-4.140000000000001
36.86
-2.1400000000000006
-2.1400000000000006
-2.1400000000000006
25.86
-8.14
30.86
-2.1400000000000006
31.86
-9.14
29.86
-4.140000000000001
28.86
0.8599999999999994
0.8599999999999994
29.86
-0.14000000000000057
28.86
2.8599999999999994
27.86
-2.1400000000000006
36.86
-3.1400000000000006
2.8599999999999994
0.8599999999999994
-6.140000000000001
29.86
0.8599999999999994
29.86
-6.140000000000001
-4.140000000000001
21.86
-6.140000000000001
29.86
-6.140000000000001
23.86
-7.140000000000001
26.86
4.859999999999999
6.859999999999999
32.86
-8.14
28.86
-1.1400000000000006
4.859999999999999
-8.14
25.86
2.8599999999999994
1.8599999999999994
5.859999999999999
1.8599999999999994
-12.14
-0.14000000000000057
27.86
-7.140000000000001
32.86
-0.14000000000000057
25.86
-0.14000000000000057
-4.140000000000001
27.86
-7.140000000000001
-4.140000000000001
22.86
-6.140000000000001
-6.140000000000001
-2.1400000000000006
0.8599999999999994
-11.14
25.86
-1.1400000000000006
31.86
-4.140000000000001
-2.1400000000000006
31.86
-1.1400000000000006
4.859999999999999
-12.14
-0.14000000000000057
-4.140000000000001
401.86
28.86
-8.14
27.86
-2.1400000000000006
32.86
-7.140000000000001
-2.1400000000000006
29.86
-4.140000000000001
-7.140000000000001
29.86
-3.1400000000000006
-2.1400000000000006
29.86
-9.14
32.86
5.859999999999999
-7.140000000000001
31.86
1.8599999999999994
29.86
285.86
34.86
-0.14000000000000057
-1.1400000000000006
32.86
2.8599999999999994
-7.140000000000001
-14.14
27.86
-2.1400000000000006
-4.140000000000001
36.86
3.8599999999999994
-3.1400000000000006
29.86
0.8599999999999994
27.86
-3.1400000000000006
24.86
-16.14
32.86
0.8599999999999994
-1.1400000000000006
33.86
1.8599999999999994
-11.14
29.86
-2.1400000000000006
28.86
-2.1400000000000006
31.86
-1.1400000000000006
-6.140000000000001
30.86
-6.140000000000001
3.8599999999999994
-0.14000000000000057
-18.14
31.86
-12.14
-0.14000000000000057
26.86
-1.1400000000000006
24.86
-2.1400000000000006
7.859999999999999
32.86
-7.140000000000001
-4.140000000000001
28.86
-2.1400000000000006
5.859999999999999
-0.14000000000000057
35.86
-3.1400000000000006
32.86
-9.14
29.86
-2.1400000000000006
-7.140000000000001
27.86
-0.14000000000000057
30.86
-2.1400000000000006
-6.140000000000001
24.86
-6.140000000000001
31.86
-5.140000000000001
-9.14
29.86
4.859999999999999
-3.1400000000000006
31.86
-12.14
33.86
-9.14
27.86
-0.14000000000000057
34.86
-7.140000000000001
31.86
-0.14000000000000057
29.86
-2.1400000000000006
-0.14000000000000057
29.86
-13.14
4.859999999999999
32.86
-3.1400000000000006
-4.140000000000001
28.86
3.8599999999999994
-2.1400000000000006
-4.140000000000001
29.86
-2.1400000000000006
-3.1400000000000006
-3.1400000000000006
4.859999999999999
33.86
-2.1400000000000006
29.86
-0.14000000000000057
27.86
-6.140000000000001
29.86
-0.14000000000000057
-7.140000000000001
0.8599999999999994
3.8599999999999994
4.859999999999999
-8.14
26.86
-8.14
29.86
-1.1400000000000006
-2.1400000000000006
31.86
3.8599999999999994
35.86
-0.14000000000000057
-4.140000000000001
-7.140000000000001
29.86
-9.14
25.86
0.8599999999999994
-11.14
2.8599999999999994
32.86
-2.1400000000000006
29.86
-2.1400000000000006
1.8599999999999994
-4.140000000000001
32.86
0.8599999999999994
24.86
0.8599999999999994
-0.14000000000000057
39.86
29.86
-7.140000000000001
36.86
-2.1400000000000006
25.86
-3.1400000000000006
25.86
-5.140000000000001
-5.140000000000001
-1.1400000000000006
33.86
0.8599999999999994
-2.1400000000000006
28.86
-0.14000000000000057
-2.1400000000000006
33.86
-26.14
29.86
0.8599999999999994
33.86
-0.14000000000000057
-3.1400000000000006
-4.140000000000001
27.86
4.859999999999999
36.86
-1.1400000000000006
2.8599999999999994
4.859999999999999
1.8599999999999994
29.86
-2.1400000000000006
0.8599999999999994
26.86
-6.140000000000001
-0.14000000000000057
28.86
0.8599999999999994
-5.140000000000001
28.86
-5.140000000000001
3.8599999999999994
29.86
2.8599999999999994
25.86
-1.1400000000000006
0.8599999999999994
26.86
1.8599999999999994
33.86
-6.140000000000001
5.859999999999999
31.86
-2.1400000000000006
29.86
-2.1400000000000006
4.859999999999999
32.86
0.8599999999999994
32.86
0.8599999999999994
-14.14
31.86
4.859999999999999
33.86
-7.140000000000001
-11.14
20.86
-6.140000000000001
31.86
-0.14000000000000057
-4.140000000000001
5.859999999999999
33.86
-3.1400000000000006
24.86
-2.1400000000000006
28.86
-7.140000000000001
26.86
3.8599999999999994
-0.14000000000000057
27.86
5.859999999999999
23.86
-3.1400000000000006
29.86
1.8599999999999994
28.86
-7.140000000000001
25.86
-6.140000000000001
30.86
-3.1400000000000006
-2.1400000000000006
31.86
0.8599999999999994
37.86
4.859999999999999
0.8599999999999994
3.8599999999999994
3.8599999999999994
37.86
-0.14000000000000057
34.86
1.8599999999999994
80.86
35.86
-4.140000000000001
29.86
-2.1400000000000006
29.86
-3.1400000000000006
-0.14000000000000057
-0.14000000000000057
28.86
3.8599999999999994
30.86
-6.140000000000001
-4.140000000000001
-2.1400000000000006
88.86
-4.140000000000001
32.86
-3.1400000000000006
-6.140000000000001
31.86
-2.1400000000000006
26.86
290.86
-12.14
29.86
-2.1400000000000006
27.86
0.8599999999999994
29.86
1.8599999999999994
23.86
3.8599999999999994
1.8599999999999994
6.859999999999999
33.86
-3.1400000000000006
-1.1400000000000006
34.86
0.8599999999999994
31.86
-4.140000000000001
34.86
3.8599999999999994
332.86
33.86
1.8599999999999994
31.86
-9.14
-0.14000000000000057
-0.14000000000000057
16.86
1.8599999999999994
-6.140000000000001
-2.1400000000000006
-0.14000000000000057
0.8599999999999994
2.8599999999999994
-3.1400000000000006
31.86
-7.140000000000001
-3.1400000000000006
30.86
2.8599999999999994
4.859999999999999
32.86
6.859999999999999
30.86
-2.1400000000000006
-0.14000000000000057
-2.1400000000000006
-7.140000000000001
31.86
-6.140000000000001
1.8599999999999994
32.86
-2.1400000000000006
3.8599999999999994
-1.1400000000000006
68.86
0.8599999999999994
-3.1400000000000006
29.86
-3.1400000000000006
-7.140000000000001
-5.140000000000001
-1.1400000000000006
-12.14
32.86
-0.14000000000000057
-0.14000000000000057
-4.140000000000001
34.86
-2.1400000000000006
-4.140000000000001
-2.1400000000000006
26.86
-2.1400000000000006
33.86
2.8599999999999994
35.86
-9.14
31.86
8.86
35.86
-7.140000000000001
4.859999999999999
31.86
-0.14000000000000057
6.859999999999999
29.86
-0.14000000000000057
-0.14000000000000057
32.86
-4.140000000000001
23.86
3.8599999999999994
-7.140000000000001
-2.1400000000000006
34.86
3.8599999999999994
-4.140000000000001
31.86
-2.1400000000000006
-0.14000000000000057
-0.14000000000000057
0.8599999999999994
3.8599999999999994
83.86
25.86
-8.14
29.86
3.8599999999999994
35.86
-2.1400000000000006
22.86
1.8599999999999994
28.86
-9.14
-3.1400000000000006
29.86
-11.14
-0.14000000000000057
0.8599999999999994
-7.140000000000001
-4.140000000000001
7.859999999999999
27.86
-6.140000000000001
32.86
1.8599999999999994
0.8599999999999994
35.86
-0.14000000000000057
36.86
-4.140000000000001
33.86
242.86
28.86
2.8599999999999994
29.86
4.859999999999999
32.86
-3.1400000000000006
25.86
0.8599999999999994
3.8599999999999994
40.86
0.8599999999999994
-1.1400000000000006
28.86
-2.1400000000000006
28.86
-1.1400000000000006
28.86
-0.14000000000000057
25.86
0.8599999999999994
26.86
-2.1400000000000006
-8.14
-0.14000000000000057
3.8599999999999994
-12.14
32.86
0.8599999999999994
-2.1400000000000006
-14.14
-0.14000000000000057
-5.140000000000001
33.86
5.859999999999999
31.86
3.8599999999999994
-3.1400000000000006
28.86
-2.1400000000000006
32.86
-0.14000000000000057
31.86
2.8599999999999994
-1.1400000000000006
0.8599999999999994
21.86
1.8599999999999994
21.86
4.859999999999999
1.8599999999999994
-2.1400000000000006
25.86
-0.14000000000000057
0.8599999999999994
33.86
-3.1400000000000006
31.86
-7.140000000000001
23.86
-3.1400000000000006
-0.14000000000000057
1.8599999999999994
24.86
-2.1400000000000006
31.86
-4.140000000000001
33.86
-10.14
-0.14000000000000057
3.8599999999999994
25.86
82.86
32.86
-2.1400000000000006
24.86
-3.1400000000000006
20.86
1.8599999999999994
-12.14
-2.1400000000000006
31.86
-5.140000000000001
0.8599999999999994
1.8599999999999994
-8.14
30.86
-10.14
-0.14000000000000057
33.86
-3.1400000000000006
27.86
-12.14
31.86
0.8599999999999994
0.8599999999999994
-6.140000000000001
25.86
-4.140000000000001
37.86
0.8599999999999994
-1.1400000000000006
28.86
2.8599999999999994
36.86
-6.140000000000001
28.86
-0.14000000000000057
23.86
-1.1400000000000006
1.8599999999999994
38.86
-5.140000000000001
-5.140000000000001
23.86
-2.1400000000000006
32.86
-4.140000000000001
32.86
-9.14
34.86
5.859999999999999
-5.140000000000001
32.86
-0.14000000000000057
35.86
-0.14000000000000057
6.859999999999999
31.86
4.859999999999999
30.86
-0.14000000000000057
-2.1400000000000006
-1.1400000000000006
-3.1400000000000006
-0.14000000000000057
1.8599999999999994
35.86
3.8599999999999994
-0.14000000000000057
32.86
-7.140000000000001
24.86
1.8599999999999994
3.8599999999999994
35.86
-3.1400000000000006
28.86
-2.1400000000000006
29.86
0.8599999999999994
-3.1400000000000006
2.8599999999999994
39.86
1.8599999999999994
31.86
0.8599999999999994
25.86
-4.140000000000001
25.86
-7.140000000000001
35.86
1.8599999999999994
1.8599999999999994
210.86
32.86
-4.140000000000001
-6.140000000000001
29.86
0.8599999999999994
28.86
1.8599999999999994
31.86
1.8599999999999994
-5.140000000000001
-4.140000000000001
3.8599999999999994
-2.1400000000000006
424.86
26.86
-4.140000000000001
-17.14
29.86
7.859999999999999
-10.14
5.859999999999999
33.86
-4.140000000000001
29.86
-4.140000000000001
1.8599999999999994
-4.140000000000001
-5.140000000000001
34.86
-4.140000000000001
33.86
3.8599999999999994
-5.140000000000001
-1.1400000000000006
28.86
-3.1400000000000006
0.8599999999999994
-0.14000000000000057
-1.1400000000000006
33.86
-6.140000000000001
-0.14000000000000057
35.86
2.8599999999999994
30.86
-2.1400000000000006
-4.140000000000001
30.86
-4.140000000000001
-10.14
32.86
-10.14
2.8599999999999994
0.8599999999999994
-1.1400000000000006
29.86
-8.14
26.86
-5.140000000000001
-2.1400000000000006
1.8599999999999994
29.86
6.859999999999999
27.86
-1.1400000000000006
4.859999999999999
28.86
1.8599999999999994
31.86
-2.1400000000000006
2.8599999999999994
31.86
2.8599999999999994
31.86
-0.14000000000000057
-2.1400000000000006
29.86
-7.140000000000001
29.86
0.8599999999999994
-2.1400000000000006
-2.1400000000000006
27.86
-8.14
3.8599999999999994
27.86
-9.14
303.86
-0.14000000000000057
27.86
-0.14000000000000057
0.8599999999999994
-0.14000000000000057
0.8599999999999994
3.8599999999999994
37.86
-7.140000000000001
28.86
-1.1400000000000006
32.86
0.8599999999999994
29.86
3.8599999999999994
-2.1400000000000006
-5.140000000000001
-3.1400000000000006
-0.14000000000000057
1.8599999999999994
3.8599999999999994
-1.1400000000000006
-0.14000000000000057
4.859999999999999
30.86
-3.1400000000000006
-6.140000000000001
-7.140000000000001
0.8599999999999994
31.86
-6.140000000000001
5.859999999999999
29.86
-7.140000000000001
1.8599999999999994
0.8599999999999994
31.86
0.8599999999999994
-8.14
2.8599999999999994
8.86
-2.1400000000000006
27.86
5.859999999999999
0.8599999999999994
27.86
1.8599999999999994
32.86
2.8599999999999994
-2.1400000000000006
23.86
0.8599999999999994
-0.14000000000000057
-2.1400000000000006
29.86
-2.1400000000000006
33.86
-32.14
31.86
-0.14000000000000057
-2.1400000000000006
-6.140000000000001
25.86
-1.1400000000000006
31.86
4.859999999999999
-13.14
28.86
-2.1400000000000006
-0.14000000000000057
37.86
0.8599999999999994
-3.1400000000000006
-3.1400000000000006
-8.14
26.86
-0.14000000000000057
-4.140000000000001
-9.14
-6.140000000000001
-15.14
31.86
-2.1400000000000006
-0.14000000000000057
28.86
-13.14
-3.1400000000000006
-9.14
2.8599999999999994
31.86
-1.1400000000000006
-7.140000000000001
-11.14
29.86
3.8599999999999994
-6.140000000000001
-6.140000000000001
-6.140000000000001
8.86
27.86
-0.14000000000000057
30.86
355.86
7.859999999999999
29.86
-0.14000000000000057
28.86
-2.1400000000000006
-0.14000000000000057
29.86
-4.140000000000001
0.8599999999999994
28.86
1.8599999999999994
26.86
0.8599999999999994
1.8599999999999994
-10.14
24.86
4.859999999999999
29.86
0.8599999999999994
-6.140000000000001
0.8599999999999994
29.86
-4.140000000000001
22.86
-6.140000000000001
29.86
-0.14000000000000057
-3.1400000000000006
25.86
-3.1400000000000006
29.86
-5.140000000000001
-4.140000000000001
27.86
-3.1400000000000006
24.86
-0.14000000000000057
16.86
31.86
1.8599999999999994
-1.1400000000000006
30.86
1.8599999999999994
32.86
-0.14000000000000057
29.86
-3.1400000000000006
-0.14000000000000057
-0.14000000000000057
29.86
1.8599999999999994
32.86
1.8599999999999994
5.859999999999999
-3.1400000000000006
29.86
-6.140000000000001
1.8599999999999994
238.86
-4.140000000000001
0.8599999999999994
6.859999999999999
-17.14
27.86
5.859999999999999
0.8599999999999994
35.86
-7.140000000000001
-2.1400000000000006
32.86
-3.1400000000000006
-19.14
32.86
0.8599999999999994
431.86
0.8599999999999994
33.86
-6.140000000000001
28.86
-0.14000000000000057
-4.140000000000001
-2.1400000000000006
0.8599999999999994
2.8599999999999994
27.86
0.8599999999999994
31.86
129.86
26.86
-2.1400000000000006
29.86
-8.14
27.86
-0.14000000000000057
-4.140000000000001
-2.1400000000000006
29.86
13.86
74.86
-2.1400000000000006
33.86
2.8599999999999994
29.86
-1.1400000000000006
-2.1400000000000006
-4.140000000000001
-2.1400000000000006
32.86
-0.14000000000000057
35.86
-3.1400000000000006
28.86
5.859999999999999
28.86
-1.1400000000000006
-7.140000000000001
-29.14
29.86
-4.140000000000001
-4.140000000000001
-0.14000000000000057
30.86
-1.1400000000000006
33.86
-2.1400000000000006
28.86
-7.140000000000001
25.86
-0.14000000000000057
308.86
-6.140000000000001
-4.140000000000001
-4.140000000000001
29.86
0.8599999999999994
-3.1400000000000006
-6.140000000000001
32.86
0.8599999999999994
25.86
-5.140000000000001
32.86
-0.14000000000000057
32.86
-5.140000000000001
0.8599999999999994
24.86
111.86
25.86
3.8599999999999994
29.86
-2.1400000000000006
30.86
4.859999999999999
2.8599999999999994
25.86
2.8599999999999994
34.86
-4.140000000000001
25.86
-9.14
35.86
-7.140000000000001
-3.1400000000000006
-4.140000000000001
28.86
-4.140000000000001
-1.1400000000000006
-2.1400000000000006
32.86
-2.1400000000000006
35.86
3.8599999999999994
-1.1400000000000006
-7.140000000000001
-3.1400000000000006
-11.14
27.86
82.86
-4.140000000000001
-3.1400000000000006
30.86
-0.14000000000000057
-0.14000000000000057
29.86
-2.1400000000000006
32.86
0.8599999999999994
0.8599999999999994
1.8599999999999994
-2.1400000000000006
30.86
-4.140000000000001
-3.1400000000000006
-2.1400000000000006
28.86
-10.14
-1.1400000000000006
3.8599999999999994
33.86
-10.14
-2.1400000000000006
7.859999999999999
34.86
-0.14000000000000057
29.86
-1.1400000000000006
-4.140000000000001
-0.14000000000000057
32.86
3.8599999999999994
-2.1400000000000006
3.8599999999999994
3.8599999999999994
0.8599999999999994
3.8599999999999994
-6.140000000000001
32.86
-5.140000000000001
36.86
-6.140000000000001
-3.1400000000000006
35.86
-5.140000000000001
-10.14
-7.140000000000001
21.86
-10.14
22.86
-4.140000000000001
28.86
1.8599999999999994
0.8599999999999994
0.8599999999999994
29.86
-5.140000000000001
-11.14
28.86
0.8599999999999994
0.8599999999999994
21.86
2.8599999999999994
-4.140000000000001
27.86
11.86
-4.140000000000001
33.86
-2.1400000000000006
7.859999999999999
-13.14
29.86
-2.1400000000000006
28.86
-6.140000000000001
28.86
-0.14000000000000057
32.86
3.8599999999999994
27.86
-3.1400000000000006
30.86
-6.140000000000001
-1.1400000000000006
29.86
-7.140000000000001
-2.1400000000000006
5.859999999999999
176.86
1.8599999999999994
29.86
-4.140000000000001
1.8599999999999994
4.859999999999999
-3.1400000000000006
-5.140000000000001
28.86
-1.1400000000000006
0.8599999999999994
29.86
4.859999999999999
-2.1400000000000006
-2.1400000000000006
30.86
-2.1400000000000006
33.86
4.859999999999999
27.86
0.8599999999999994
-6.140000000000001
30.86
-0.14000000000000057
37.86
1.8599999999999994
-0.14000000000000057
1.8599999999999994
212.86
-8.14
29.86
3.8599999999999994
31.86
5.859999999999999
30.86
-4.140000000000001
32.86
-1.1400000000000006
29.86
-13.14
-1.1400000000000006
34.86
-7.140000000000001
32.86
-0.14000000000000057
-0.14000000000000057
0.8599999999999994
5.859999999999999
0.8599999999999994
-3.1400000000000006
0.8599999999999994
-2.1400000000000006
-3.1400000000000006
24.86
1.8599999999999994
0.8599999999999994
31.86
-6.140000000000001
36.86
-4.140000000000001
1.8599999999999994
37.86
-2.1400000000000006
-1.1400000000000006
23.86
-6.140000000000001
0.8599999999999994
-4.140000000000001
-7.140000000000001
-9.14
24.86
-3.1400000000000006
4.859999999999999
-4.140000000000001
-4.140000000000001
-2.1400000000000006
24.86
101.86
24.86
3.8599999999999994
32.86
0.8599999999999994
34.86
-2.1400000000000006
31.86
0.8599999999999994
33.86
0.8599999999999994
33.86
-4.140000000000001
151.86
-2.1400000000000006
-0.14000000000000057
430.86
38.86
-3.1400000000000006
35.86
0.8599999999999994
4.859999999999999
-4.140000000000001
31.86
0.8599999999999994
-3.1400000000000006
-8.14
-4.140000000000001
-6.140000000000001
23.86
0.8599999999999994
-0.14000000000000057
-7.140000000000001
25.86
-10.14
-1.1400000000000006
29.86
-6.140000000000001
26.86
-6.140000000000001
7.859999999999999
-4.140000000000001
26.86
-16.14
29.86
6.859999999999999
29.86
-2.1400000000000006
30.86
-2.1400000000000006
1.8599999999999994
26.86
-3.1400000000000006
1.8599999999999994
30.86
0.8599999999999994
30.86
-7.140000000000001
30.86
-2.1400000000000006
-3.1400000000000006
-20.14
6.859999999999999
36.86
158.86
-27.14
37.86
1.8599999999999994
1.8599999999999994
29.86
2.8599999999999994
-0.14000000000000057
35.86
1.8599999999999994
29.86
-0.14000000000000057
32.86
-3.1400000000000006
29.86
-7.140000000000001
-3.1400000000000006
1.8599999999999994
29.86
-8.14
-0.14000000000000057
-4.140000000000001
-2.1400000000000006
-3.1400000000000006
-10.14
29.86
8.86
0.8599999999999994
32.86
-2.1400000000000006
-0.14000000000000057
-0.14000000000000057
-12.14
-3.1400000000000006
24.86
0.8599999999999994
29.86
-7.140000000000001
32.86
3.8599999999999994
-0.14000000000000057
25.86
-2.1400000000000006
-7.140000000000001
-4.140000000000001
2.8599999999999994
35.86
-0.14000000000000057
78.86
32.86
-2.1400000000000006
29.86
6.859999999999999
2.8599999999999994
4.859999999999999
5.859999999999999
30.86
3.8599999999999994
2.8599999999999994
29.86
2.8599999999999994
26.86
-4.140000000000001
-3.1400000000000006
2.8599999999999994
3.8599999999999994
1.8599999999999994
1.8599999999999994
36.86
1.8599999999999994
29.86
-1.1400000000000006
-4.140000000000001
35.86
-3.1400000000000006
34.86
0.8599999999999994
4.859999999999999
-2.1400000000000006
35.86
5.859999999999999
28.86
-9.14
5.859999999999999
27.86
-1.1400000000000006
29.86
-2.1400000000000006
-7.140000000000001
5.859999999999999
27.86
-10.14
29.86
0.8599999999999994
29.86
-5.140000000000001
32.86
5.859999999999999
33.86
-10.14
28.86
-10.14
28.86
-9.14
28.86
-7.140000000000001
31.86
-0.14000000000000057
2.8599999999999994
34.86
-4.140000000000001
-4.140000000000001
5.859999999999999
-2.1400000000000006
29.86
-1.1400000000000006
23.86
-4.140000000000001
-4.140000000000001
1.8599999999999994
-2.1400000000000006
30.86
-2.1400000000000006
-0.14000000000000057
5.859999999999999
24.86
-2.1400000000000006
-2.1400000000000006
31.86
1.8599999999999994
32.86
-3.1400000000000006
24.86
-6.140000000000001
-10.14
29.86
-1.1400000000000006
31.86
0.8599999999999994
24.86
-1.1400000000000006
-5.140000000000001
463.86
1.8599999999999994
32.86
-3.1400000000000006
1.8599999999999994
-6.140000000000001
-4.140000000000001
-8.14
-0.14000000000000057
36.86
-3.1400000000000006
-1.1400000000000006
-2.1400000000000006
0.8599999999999994
29.86
0.8599999999999994
-0.14000000000000057
-3.1400000000000006
-5.140000000000001
-1.1400000000000006
31.86
-2.1400000000000006
28.86
-1.1400000000000006
-2.1400000000000006
31.86
-4.140000000000001
33.86
0.8599999999999994
-6.140000000000001
23.86
-3.1400000000000006
322.86
30.86
-7.140000000000001
29.86
0.8599999999999994
32.86
0.8599999999999994
25.86
0.8599999999999994
-11.14
-7.140000000000001
-4.140000000000001
27.86
24.86
27.86
-0.14000000000000057
-4.140000000000001
1.8599999999999994
-9.14
28.86
0.8599999999999994
31.86
-4.140000000000001
24.86
-0.14000000000000057
31.86
-6.140000000000001
-3.1400000000000006
33.86
-3.1400000000000006
31.86
5.859999999999999
35.86
4.859999999999999
-6.140000000000001
-3.1400000000000006
-3.1400000000000006
33.86
-3.1400000000000006
-20.14
0.8599999999999994
33.86
-2.1400000000000006
33.86
-2.1400000000000006
29.86
-2.1400000000000006
33.86
0.8599999999999994
27.86
-0.14000000000000057
35.86
-0.14000000000000057
-0.14000000000000057
24.86
-2.1400000000000006
28.86
-0.14000000000000057
31.86
0.8599999999999994
-1.1400000000000006
32.86
-2.1400000000000006
-1.1400000000000006
-3.1400000000000006
-0.14000000000000057
24.86
-2.1400000000000006
31.86
3.8599999999999994
32.86
-2.1400000000000006
31.86
-9.14
27.86
-7.140000000000001
-18.14
30.86
1.8599999999999994
32.86
0.8599999999999994
31.86
-4.140000000000001
23.86
0.8599999999999994
1.8599999999999994
35.86
-9.14
24.86
-0.14000000000000057
2.8599999999999994
31.86
-6.140000000000001
29.86
-0.14000000000000057
-2.1400000000000006
-7.140000000000001
29.86
3.8599999999999994
1.8599999999999994
25.86
-4.140000000000001
24.86
-2.1400000000000006
25.86
-15.14
20.86
1.8599999999999994
51.86
-3.1400000000000006
-2.1400000000000006
32.86
3.8599999999999994
24.86
1.8599999999999994
0.8599999999999994
31.86
-10.14
304.86
29.86
0.8599999999999994
-4.140000000000001
29.86
-1.1400000000000006
36.86
-2.1400000000000006
32.86
4.859999999999999
31.86
3.8599999999999994
30.86
-13.14
30.86
2.8599999999999994
29.86
-2.1400000000000006
26.86
-6.140000000000001
2.8599999999999994
31.86
3.8599999999999994
-7.140000000000001
29.86
0.8599999999999994
-4.140000000000001
29.86
4.859999999999999
29.86
64.86
30.86
-6.140000000000001
29.86
-7.140000000000001
-7.140000000000001
-6.140000000000001
19.86
-4.140000000000001
21.86
-6.140000000000001
1.8599999999999994
27.86
-8.14
-0.14000000000000057
7.859999999999999
3.8599999999999994
31.86
-3.1400000000000006
30.86
-0.14000000000000057
21.86
-13.14
35.86
-3.1400000000000006
-1.1400000000000006
2.8599999999999994
-3.1400000000000006
-11.14
-1.1400000000000006
4.859999999999999
32.86
-3.1400000000000006
-2.1400000000000006
-1.1400000000000006
29.86
-1.1400000000000006
29.86
-2.1400000000000006
-0.14000000000000057
-2.1400000000000006
28.86
-6.140000000000001
-7.140000000000001
25.86
-10.14
26.86
-2.1400000000000006
-4.140000000000001
1.8599999999999994
33.86
-0.14000000000000057
35.86
-4.140000000000001
4.859999999999999
-8.14
29.86
-3.1400000000000006
1.8599999999999994
-1.1400000000000006
0.8599999999999994
-3.1400000000000006
32.86
-6.140000000000001
27.86
-6.140000000000001
25.86
-4.140000000000001
3.8599999999999994
34.86
-0.14000000000000057
0.8599999999999994
30.86
1.8599999999999994
29.86
4.859999999999999
-3.1400000000000006
0.8599999999999994
32.86
0.8599999999999994
-3.1400000000000006
-2.1400000000000006
-4.140000000000001
33.86
5.859999999999999
32.86
2.8599999999999994
30.86
-1.1400000000000006
0.8599999999999994
25.86
-9.14
-10.14
-15.14
30.86
5.859999999999999
22.86
-5.140000000000001
31.86
-2.1400000000000006
28.86
-0.14000000000000057
2.8599999999999994
250.86
-1.1400000000000006
30.86
-0.14000000000000057
37.86
-2.1400000000000006
0.8599999999999994
27.86
-5.140000000000001
18.86
-10.14
32.86
0.8599999999999994
29.86
-5.140000000000001
-11.14
-2.1400000000000006
-2.1400000000000006
-2.1400000000000006
29.86
-14.14
27.86
-8.14
3.8599999999999994
-2.1400000000000006
-2.1400000000000006
31.86
-3.1400000000000006
0.8599999999999994
30.86
84.86
29.86
0.8599999999999994
32.86
3.8599999999999994
1.8599999999999994
5.859999999999999
-5.140000000000001
27.86
3.8599999999999994
0.8599999999999994
-0.14000000000000057
26.86
0.8599999999999994
-4.140000000000001
24.86
-6.140000000000001
-4.140000000000001
3.8599999999999994
29.86
1.8599999999999994
29.86
2.8599999999999994
-1.1400000000000006
1.8599999999999994
29.86
0.8599999999999994
-1.1400000000000006
28.86
-2.1400000000000006
22.86
0.8599999999999994
33.86
-5.140000000000001
-6.140000000000001
32.86
-3.1400000000000006
32.86
-4.140000000000001
33.86
-2.1400000000000006
0.8599999999999994
28.86
-2.1400000000000006
31.86
-2.1400000000000006
37.86
-7.140000000000001
27.86
112.86
20.86
-0.14000000000000057
25.86
-2.1400000000000006
30.86
-4.140000000000001
31.86
-2.1400000000000006
28.86
-10.14
31.86
-4.140000000000001
1.8599999999999994
31.86
-6.140000000000001
0.8599999999999994
25.86
0.8599999999999994
32.86
-8.14
-15.14
3.8599999999999994
32.86
-4.140000000000001
-2.1400000000000006
4.859999999999999
-5.140000000000001
32.86
3.8599999999999994
-2.1400000000000006
29.86
1.8599999999999994
36.86
-8.14
21.86
-2.1400000000000006
31.86
3.8599999999999994
31.86
0.8599999999999994
29.86
-1.1400000000000006
-5.140000000000001
31.86
388.86
0.8599999999999994
0.8599999999999994
-8.14
-4.140000000000001
23.86
1.8599999999999994
37.86
-0.14000000000000057
29.86
-6.140000000000001
-0.14000000000000057
23.86
0.8599999999999994
-4.140000000000001
-6.140000000000001
-2.1400000000000006
-6.140000000000001
-3.1400000000000006
-5.140000000000001
4.859999999999999
30.86
-7.140000000000001
24.86
-2.1400000000000006
0.8599999999999994
29.86
64.86
35.86
1.8599999999999994
29.86
-0.14000000000000057
31.86
5.859999999999999
29.86
-8.14
32.86
5.859999999999999
-10.14
-1.1400000000000006
30.86
-15.14
29.86
7.859999999999999
-0.14000000000000057
25.86
-6.140000000000001
24.86
-4.140000000000001
31.86
-0.14000000000000057
30.86
3.8599999999999994
3.8599999999999994
-6.140000000000001
24.86
-0.14000000000000057
35.86
-0.14000000000000057
36.86
-6.140000000000001
32.86
-5.140000000000001
22.86
-3.1400000000000006
32.86
-6.140000000000001
28.86
-10.14
31.86
-5.140000000000001
-1.1400000000000006
-5.140000000000001
36.86
-2.1400000000000006
30.86
-14.14
30.86
1.8599999999999994
-3.1400000000000006
28.86
-6.140000000000001
-4.140000000000001
25.86
77.86
-7.140000000000001
32.86
1.8599999999999994
27.86
0.8599999999999994
25.86
-6.140000000000001
-9.14
25.86
3.8599999999999994
-1.1400000000000006
-0.14000000000000057
27.86
-3.1400000000000006
0.8599999999999994
27.86
4.859999999999999
0.8599999999999994
1.8599999999999994
36.86
-3.1400000000000006
1.8599999999999994
-0.14000000000000057
-2.1400000000000006
