-2.6200000000000045
200.38
-1.6200000000000045
-3.6200000000000045
56.379999999999995
0.37999999999999545
-4.6200000000000045
-3.6200000000000045
-6.6200000000000045
-2.6200000000000045
2.3799999999999955
-5.6200000000000045
0.37999999999999545
-4.6200000000000045
-2.6200000000000045
0.37999999999999545
2.3799999999999955
-5.6200000000000045
-2.6200000000000045
1.3799999999999955
21.379999999999995
1.3799999999999955
-10.620000000000005
-0.6200000000000045
-1.6200000000000045
-12.620000000000005
5.3799999999999955
-0.6200000000000045
-0.6200000000000045
125.38
1.3799999999999955
-5.6200000000000045
4.3799999999999955
15.379999999999995
184.38
18.379999999999995
-0.6200000000000045
6.3799999999999955
5.3799999999999955
-1.6200000000000045
-1.6200000000000045
-1.6200000000000045
-2.6200000000000045
0.37999999999999545
453.38
-1.6200000000000045
54.379999999999995
-3.6200000000000045
-8.620000000000005
-10.620000000000005
-1.6200000000000045
4.3799999999999955
-0.6200000000000045
-1.6200000000000045
-3.6200000000000045
-1.6200000000000045
-2.6200000000000045
4.3799999999999955
-2.6200000000000045
1.3799999999999955
0.37999999999999545
454.38
1.3799999999999955
-5.6200000000000045
-2.6200000000000045
-3.6200000000000045
-2.6200000000000045
293.38
1.3799999999999955
-6.6200000000000045
4.3799999999999955
1.3799999999999955
-13.620000000000005
-0.6200000000000045
-2.6200000000000045
-3.6200000000000045
-11.620000000000005
1.3799999999999955
0.37999999999999545
1.3799999999999955
-0.6200000000000045
-1.6200000000000045
-4.6200000000000045
-9.620000000000005
-1.6200000000000045
4.3799999999999955
-0.6200000000000045
-0.6200000000000045
360.38
-5.6200000000000045
1.3799999999999955
-29.620000000000005
1.3799999999999955
-0.6200000000000045
6.3799999999999955
-7.6200000000000045
4.3799999999999955
-1.6200000000000045
-1.6200000000000045
1.3799999999999955
5.3799999999999955
2.3799999999999955
379.38
1.3799999999999955
1.3799999999999955
1.3799999999999955
-4.6200000000000045
4.3799999999999955
-16.620000000000005
-4.6200000000000045
1.3799999999999955
-11.620000000000005
-2.6200000000000045
-4.6200000000000045
4.3799999999999955
-4.6200000000000045
313.38
1.3799999999999955
-2.6200000000000045
47.379999999999995
-0.6200000000000045
0.37999999999999545
2.3799999999999955
1.3799999999999955
0.37999999999999545
1.3799999999999955
-5.6200000000000045
-2.6200000000000045
466.38
-0.6200000000000045
36.379999999999995
-8.620000000000005
-8.620000000000005
-2.6200000000000045
54.379999999999995
-3.6200000000000045
1.3799999999999955
4.3799999999999955
0.37999999999999545
1.3799999999999955
2.3799999999999955
89.38
-0.6200000000000045
0.37999999999999545
0.37999999999999545
1.3799999999999955
-6.6200000000000045
2.3799999999999955
4.3799999999999955
-0.6200000000000045
384.38
392.38
-4.6200000000000045
-0.6200000000000045
2.3799999999999955
109.38
-4.6200000000000045
-1.6200000000000045
-2.6200000000000045
91.38
-1.6200000000000045
-2.6200000000000045
-3.6200000000000045
-2.6200000000000045
1.3799999999999955
193.38
51.379999999999995
-2.6200000000000045
-0.6200000000000045
-3.6200000000000045
-1.6200000000000045
-1.6200000000000045
-1.6200000000000045
-0.6200000000000045
-1.6200000000000045
-5.6200000000000045
217.38
0.37999999999999545
211.38
-3.6200000000000045
1.3799999999999955
-3.6200000000000045
-7.6200000000000045
-1.6200000000000045
1.3799999999999955
-2.6200000000000045
-6.6200000000000045
-3.6200000000000045
533.38
-2.6200000000000045
4.3799999999999955
-1.6200000000000045
-5.6200000000000045
-3.6200000000000045
-2.6200000000000045
19.379999999999995
102.38
1.3799999999999955
-1.6200000000000045
-6.6200000000000045
-3.6200000000000045
-6.6200000000000045
-0.6200000000000045
-1.6200000000000045
3.3799999999999955
472.38
-6.6200000000000045
-0.6200000000000045
81.38
2.3799999999999955
-4.6200000000000045
-1.6200000000000045
-4.6200000000000045
-1.6200000000000045
1.3799999999999955
1.3799999999999955
-0.6200000000000045
-9.620000000000005
-0.6200000000000045
1.3799999999999955
20.379999999999995
-6.6200000000000045
-2.6200000000000045
-4.6200000000000045
-2.6200000000000045
-1.6200000000000045
1.3799999999999955
0.37999999999999545
-2.6200000000000045
-6.6200000000000045
22.379999999999995
-2.6200000000000045
-3.6200000000000045
1.3799999999999955
86.38
1.3799999999999955
-3.6200000000000045
-1.6200000000000045
-4.6200000000000045
-1.6200000000000045
46.379999999999995
1.3799999999999955
-1.6200000000000045
70.38
4.3799999999999955
1.3799999999999955
-1.6200000000000045
-2.6200000000000045
-3.6200000000000045
-0.6200000000000045
398.38
1.3799999999999955
-7.6200000000000045
516.38
4.3799999999999955
-2.6200000000000045
1.3799999999999955
4.3799999999999955
-2.6200000000000045
-11.620000000000005
-5.6200000000000045
-0.6200000000000045
1.3799999999999955
1.3799999999999955
-9.620000000000005
-4.6200000000000045
-4.6200000000000045
-1.6200000000000045
-4.6200000000000045
-2.6200000000000045
-10.620000000000005
-1.6200000000000045
1.3799999999999955
-2.6200000000000045
2.3799999999999955
4.3799999999999955
77.38
-1.6200000000000045
-1.6200000000000045
4.3799999999999955
-0.6200000000000045
-4.6200000000000045
-2.6200000000000045
-9.620000000000005
-1.6200000000000045
4.3799999999999955
-0.6200000000000045
-0.6200000000000045
73.38
-6.6200000000000045
198.38
0.37999999999999545
-1.6200000000000045
-6.6200000000000045
-1.6200000000000045
-1.6200000000000045
-2.6200000000000045
5.3799999999999955
-10.620000000000005
1.3799999999999955
-0.6200000000000045
-3.6200000000000045
-7.6200000000000045
0.37999999999999545
-1.6200000000000045
-7.6200000000000045
1.3799999999999955
-3.6200000000000045
-6.6200000000000045
-16.620000000000005
-0.6200000000000045
-3.6200000000000045
4.3799999999999955
1.3799999999999955
27.379999999999995
20.379999999999995
0.37999999999999545
3.3799999999999955
20.379999999999995
1.3799999999999955
-6.6200000000000045
0.37999999999999545
-1.6200000000000045
1.3799999999999955
60.379999999999995
-1.6200000000000045
-2.6200000000000045
-3.6200000000000045
28.379999999999995
-2.6200000000000045
-6.6200000000000045
-0.6200000000000045
-4.6200000000000045
17.379999999999995
498.38
-3.6200000000000045
-1.6200000000000045
383.38
484.38
-4.6200000000000045
1.3799999999999955
0.37999999999999545
0.37999999999999545
2.3799999999999955
-6.6200000000000045
4.3799999999999955
-8.620000000000005
-9.620000000000005
4.3799999999999955
-10.620000000000005
19.379999999999995
-6.6200000000000045
16.379999999999995
-0.6200000000000045
-2.6200000000000045
1.3799999999999955
255.38
-4.6200000000000045
50.379999999999995
2.3799999999999955
0.37999999999999545
-1.6200000000000045
4.3799999999999955
-1.6200000000000045
-0.6200000000000045
-0.6200000000000045
1.3799999999999955
58.379999999999995
-2.6200000000000045
-2.6200000000000045
82.38
162.38
-1.6200000000000045
-1.6200000000000045
-22.620000000000005
-4.6200000000000045
-4.6200000000000045
52.379999999999995
-1.6200000000000045
54.379999999999995
-0.6200000000000045
1.3799999999999955
-3.6200000000000045
2.3799999999999955
-2.6200000000000045
0.37999999999999545
0.37999999999999545
0.37999999999999545
506.38
-5.6200000000000045
0.37999999999999545
-1.6200000000000045
341.38
-7.6200000000000045
91.38
-3.6200000000000045
432.38
-2.6200000000000045
-0.6200000000000045
-11.620000000000005
15.379999999999995
-4.6200000000000045
0.37999999999999545
-1.6200000000000045
1.3799999999999955
49.379999999999995
117.38
-4.6200000000000045
-4.6200000000000045
4.3799999999999955
-8.620000000000005
171.38
-1.6200000000000045
-2.6200000000000045
1.3799999999999955
634.38
2.3799999999999955
-3.6200000000000045
1.3799999999999955
-4.6200000000000045
0.37999999999999545
-18.620000000000005
-0.6200000000000045
-2.6200000000000045
144.38
5.3799999999999955
1.3799999999999955
-23.620000000000005
-1.6200000000000045
-0.6200000000000045
-0.6200000000000045
-0.6200000000000045
15.379999999999995
1.3799999999999955
0.37999999999999545
-0.6200000000000045
526.38
385.38
57.379999999999995
-1.6200000000000045
2.3799999999999955
-0.6200000000000045
337.38
-2.6200000000000045
4.3799999999999955
-2.6200000000000045
-3.6200000000000045
-4.6200000000000045
72.38
-2.6200000000000045
-11.620000000000005
-3.6200000000000045
-2.6200000000000045
1.3799999999999955
-1.6200000000000045
-5.6200000000000045
1.3799999999999955
-9.620000000000005
-16.620000000000005
-5.6200000000000045
1.3799999999999955
2.3799999999999955
-7.6200000000000045
-6.6200000000000045
47.379999999999995
0.37999999999999545
-5.6200000000000045
-1.6200000000000045
-7.6200000000000045
-0.6200000000000045
-6.6200000000000045
36.379999999999995
-7.6200000000000045
89.38
-0.6200000000000045
-1.6200000000000045
1.3799999999999955
4.3799999999999955
-0.6200000000000045
-0.6200000000000045
-5.6200000000000045
-3.6200000000000045
-4.6200000000000045
-1.6200000000000045
-1.6200000000000045
-0.6200000000000045
-5.6200000000000045
-6.6200000000000045
-1.6200000000000045
3.3799999999999955
-0.6200000000000045
1.3799999999999955
-2.6200000000000045
-6.6200000000000045
2.3799999999999955
-2.6200000000000045
-0.6200000000000045
-1.6200000000000045
-3.6200000000000045
-2.6200000000000045
1.3799999999999955
1.3799999999999955
-0.6200000000000045
4.3799999999999955
2.3799999999999955
0.37999999999999545
-7.6200000000000045
-1.6200000000000045
1.3799999999999955
-1.6200000000000045
-5.6200000000000045
1.3799999999999955
65.38
1.3799999999999955
5.3799999999999955
-1.6200000000000045
4.3799999999999955
0.37999999999999545
-5.6200000000000045
-4.6200000000000045
0.37999999999999545
0.37999999999999545
-4.6200000000000045
-3.6200000000000045
1.3799999999999955
1.3799999999999955
1.3799999999999955
-1.6200000000000045
1.3799999999999955
-3.6200000000000045
-0.6200000000000045
-3.6200000000000045
-0.6200000000000045
0.37999999999999545
-2.6200000000000045
-3.6200000000000045
1.3799999999999955
-2.6200000000000045
-6.6200000000000045
437.38
-1.6200000000000045
4.3799999999999955
-3.6200000000000045
-1.6200000000000045
-1.6200000000000045
-5.6200000000000045
271.38
-0.6200000000000045
4.3799999999999955
-5.6200000000000045
-1.6200000000000045
68.38
-2.6200000000000045
-3.6200000000000045
1.3799999999999955
-2.6200000000000045
-11.620000000000005
-7.6200000000000045
-2.6200000000000045
-1.6200000000000045
1.3799999999999955
-4.6200000000000045
-3.6200000000000045
21.379999999999995
-0.6200000000000045
-14.620000000000005
-2.6200000000000045
-3.6200000000000045
4.3799999999999955
2.3799999999999955
5.3799999999999955
1.3799999999999955
-0.6200000000000045
-2.6200000000000045
1.3799999999999955
1.3799999999999955
2.3799999999999955
0.37999999999999545
2.3799999999999955
1.3799999999999955
1.3799999999999955
-2.6200000000000045
1.3799999999999955
376.38
58.379999999999995
-0.6200000000000045
-1.6200000000000045
-0.6200000000000045
-3.6200000000000045
-11.620000000000005
45.379999999999995
1.3799999999999955
-3.6200000000000045
-1.6200000000000045
86.38
-34.620000000000005
2.3799999999999955
-0.6200000000000045
-1.6200000000000045
-7.6200000000000045
1.3799999999999955
-0.6200000000000045
250.38
-3.6200000000000045
-1.6200000000000045
55.379999999999995
-2.6200000000000045
-9.620000000000005
1.3799999999999955
-3.6200000000000045
-11.620000000000005
-4.6200000000000045
-5.6200000000000045
53.379999999999995
106.38
1.3799999999999955
-1.6200000000000045
-5.6200000000000045
-5.6200000000000045
-2.6200000000000045
1.3799999999999955
-0.6200000000000045
-4.6200000000000045
-4.6200000000000045
18.379999999999995
2.3799999999999955
-2.6200000000000045
1.3799999999999955
-0.6200000000000045
-1.6200000000000045
-4.6200000000000045
2.3799999999999955
1.3799999999999955
2.3799999999999955
2.3799999999999955
4.3799999999999955
-1.6200000000000045
438.38
2.3799999999999955
0.37999999999999545
-4.6200000000000045
-1.6200000000000045
127.38
1.3799999999999955
-15.620000000000005
-5.6200000000000045
-0.6200000000000045
-3.6200000000000045
-2.6200000000000045
-1.6200000000000045
-2.6200000000000045
-3.6200000000000045
1.3799999999999955
6.3799999999999955
-3.6200000000000045
15.379999999999995
-0.6200000000000045
-0.6200000000000045
-1.6200000000000045
374.38
1.3799999999999955
5.3799999999999955
-3.6200000000000045
-5.6200000000000045
5.3799999999999955
-5.6200000000000045
302.38
-0.6200000000000045
1.3799999999999955
-0.6200000000000045
0.37999999999999545
35.379999999999995
-2.6200000000000045
0.37999999999999545
-3.6200000000000045
389.38
6.3799999999999955
-2.6200000000000045
-3.6200000000000045
-10.620000000000005
-4.6200000000000045
-3.6200000000000045
-8.620000000000005
-1.6200000000000045
-0.6200000000000045
-4.6200000000000045
-9.620000000000005
2.3799999999999955
-2.6200000000000045
-7.6200000000000045
21.379999999999995
-0.6200000000000045
-1.6200000000000045
-1.6200000000000045
1.3799999999999955
-0.6200000000000045
56.379999999999995
8.379999999999995
0.37999999999999545
-2.6200000000000045
4.3799999999999955
183.38
-0.6200000000000045
-2.6200000000000045
-1.6200000000000045
-2.6200000000000045
-7.6200000000000045
-5.6200000000000045
0.37999999999999545
-3.6200000000000045
-0.6200000000000045
-6.6200000000000045
1.3799999999999955
-3.6200000000000045
-2.6200000000000045
-1.6200000000000045
-7.6200000000000045
-2.6200000000000045
-0.6200000000000045
-1.6200000000000045
1.3799999999999955
-4.6200000000000045
-1.6200000000000045
53.379999999999995
-5.6200000000000045
-0.6200000000000045
2.3799999999999955
4.3799999999999955
4.3799999999999955
-1.6200000000000045
129.38
56.379999999999995
-4.6200000000000045
21.379999999999995
1.3799999999999955
-0.6200000000000045
-0.6200000000000045
0.37999999999999545
-1.6200000000000045
-2.6200000000000045
-1.6200000000000045
4.3799999999999955
142.38
-0.6200000000000045
-1.6200000000000045
-3.6200000000000045
2.3799999999999955
-9.620000000000005
153.38
-4.6200000000000045
2.3799999999999955
-4.6200000000000045
-1.6200000000000045
14.379999999999995
515.38
-3.6200000000000045
-9.620000000000005
106.38
-7.6200000000000045
-2.6200000000000045
463.38
4.3799999999999955
54.379999999999995
2.3799999999999955
0.37999999999999545
-1.6200000000000045
61.379999999999995
-5.6200000000000045
-11.620000000000005
0.37999999999999545
453.38
-11.620000000000005
-1.6200000000000045
-10.620000000000005
0.37999999999999545
2.3799999999999955
-1.6200000000000045
-5.6200000000000045
2.3799999999999955
2.3799999999999955
-0.6200000000000045
0.37999999999999545
-5.6200000000000045
-2.6200000000000045
0.37999999999999545
-0.6200000000000045
-2.6200000000000045
0.37999999999999545
-8.620000000000005
-7.6200000000000045
-4.6200000000000045
60.379999999999995
-1.6200000000000045
-2.6200000000000045
5.3799999999999955
186.38
0.37999999999999545
-0.6200000000000045
-3.6200000000000045
-4.6200000000000045
4.3799999999999955
426.38
1.3799999999999955
5.3799999999999955
-0.6200000000000045
-0.6200000000000045
-2.6200000000000045
-3.6200000000000045
1.3799999999999955
2.3799999999999955
-11.620000000000005
-0.6200000000000045
-0.6200000000000045
-2.6200000000000045
260.38
-0.6200000000000045
6.3799999999999955
-3.6200000000000045
1.3799999999999955
-3.6200000000000045
69.38
-6.6200000000000045
-8.620000000000005
-1.6200000000000045
-3.6200000000000045
-4.6200000000000045
6.3799999999999955
-0.6200000000000045
5.3799999999999955
2.3799999999999955
0.37999999999999545
-1.6200000000000045
-2.6200000000000045
-3.6200000000000045
-2.6200000000000045
-4.6200000000000045
0.37999999999999545
-0.6200000000000045
-8.620000000000005
121.38
-0.6200000000000045
2.3799999999999955
-22.620000000000005
2.3799999999999955
-7.6200000000000045
-1.6200000000000045
-3.6200000000000045
1.3799999999999955
-1.6200000000000045
2.3799999999999955
-4.6200000000000045
-1.6200000000000045
-0.6200000000000045
0.37999999999999545
-1.6200000000000045
0.37999999999999545
0.37999999999999545
-7.6200000000000045
0.37999999999999545
-9.620000000000005
1.3799999999999955
223.38
-1.6200000000000045
-8.620000000000005
5.3799999999999955
-3.6200000000000045
-2.6200000000000045
-1.6200000000000045
-1.6200000000000045
1.3799999999999955
-0.6200000000000045
2.3799999999999955
-3.6200000000000045
-6.6200000000000045
-0.6200000000000045
2.3799999999999955
109.38
-3.6200000000000045
1.3799999999999955
0.37999999999999545
-1.6200000000000045
-3.6200000000000045
6.3799999999999955
-4.6200000000000045
22.379999999999995
-2.6200000000000045
8.379999999999995
6.3799999999999955
2.3799999999999955
-1.6200000000000045
1.3799999999999955
0.37999999999999545
-6.6200000000000045
-5.6200000000000045
40.379999999999995
-4.6200000000000045
-7.6200000000000045
1.3799999999999955
-2.6200000000000045
-1.6200000000000045
-16.620000000000005
-2.6200000000000045
-2.6200000000000045
61.379999999999995
300.38
2.3799999999999955
1.3799999999999955
-3.6200000000000045
1.3799999999999955
2.3799999999999955
-7.6200000000000045
-2.6200000000000045
-1.6200000000000045
0.37999999999999545
-4.6200000000000045
-0.6200000000000045
-10.620000000000005
1.3799999999999955
85.38
0.37999999999999545
-0.6200000000000045
-5.6200000000000045
2.3799999999999955
-1.6200000000000045
-2.6200000000000045
1.3799999999999955
0.37999999999999545
-3.6200000000000045
-0.6200000000000045
2.3799999999999955
31.379999999999995
-1.6200000000000045
-1.6200000000000045
4.3799999999999955
-2.6200000000000045
1.3799999999999955
76.38
1.3799999999999955
-3.6200000000000045
-0.6200000000000045
-18.620000000000005
-1.6200000000000045
-1.6200000000000045
-4.6200000000000045
0.37999999999999545
-1.6200000000000045
-0.6200000000000045
-2.6200000000000045
-9.620000000000005
-3.6200000000000045
-1.6200000000000045
-2.6200000000000045
137.38
-0.6200000000000045
-2.6200000000000045
-4.6200000000000045
3.3799999999999955
-5.6200000000000045
-3.6200000000000045
-3.6200000000000045
-1.6200000000000045
-1.6200000000000045
-2.6200000000000045
4.3799999999999955
-6.6200000000000045
-2.6200000000000045
-0.6200000000000045
1.3799999999999955
414.38
-6.6200000000000045
-1.6200000000000045
1.3799999999999955
-6.6200000000000045
1.3799999999999955
73.38
-6.6200000000000045
85.38
-1.6200000000000045
-2.6200000000000045
366.38
-7.6200000000000045
-0.6200000000000045
-1.6200000000000045
4.3799999999999955
-3.6200000000000045
-2.6200000000000045
-2.6200000000000045
-1.6200000000000045
-2.6200000000000045
-0.6200000000000045
-5.6200000000000045
-14.620000000000005
-0.6200000000000045
-2.6200000000000045
-1.6200000000000045
4.3799999999999955
1.3799999999999955
8.379999999999995
-3.6200000000000045
-2.6200000000000045
1.3799999999999955
182.38
-1.6200000000000045
-2.6200000000000045
1.3799999999999955
4.3799999999999955
-2.6200000000000045
0.37999999999999545
1.3799999999999955
-5.6200000000000045
1.3799999999999955
-0.6200000000000045
4.3799999999999955
-0.6200000000000045
-5.6200000000000045
-3.6200000000000045
-4.6200000000000045
399.38
22.379999999999995
0.37999999999999545
289.38
-1.6200000000000045
1.3799999999999955
2.3799999999999955
-0.6200000000000045
-2.6200000000000045
-1.6200000000000045
-3.6200000000000045
648.38
-31.620000000000005
-1.6200000000000045
-8.620000000000005
-1.6200000000000045
1.3799999999999955
-13.620000000000005
178.38
-0.6200000000000045
-0.6200000000000045
-1.6200000000000045
-1.6200000000000045
-3.6200000000000045
-0.6200000000000045
-4.6200000000000045
-7.6200000000000045
388.38
-1.6200000000000045
-4.6200000000000045
-1.6200000000000045
1.3799999999999955
1.3799999999999955
21.379999999999995
-3.6200000000000045
87.38
-13.620000000000005
4.3799999999999955
472.38
2.3799999999999955
1.3799999999999955
0.37999999999999545
-0.6200000000000045
-0.6200000000000045
-2.6200000000000045
-1.6200000000000045
-0.6200000000000045
-2.6200000000000045
-0.6200000000000045
-1.6200000000000045
4.3799999999999955
-3.6200000000000045
0.37999999999999545
6.3799999999999955
-6.6200000000000045
41.379999999999995
-2.6200000000000045
-0.6200000000000045
-1.6200000000000045
280.38
4.3799999999999955
5.3799999999999955
-0.6200000000000045
-3.6200000000000045
-8.620000000000005
-0.6200000000000045
-8.620000000000005
-0.6200000000000045
0.37999999999999545
4.3799999999999955
0.37999999999999545
-6.6200000000000045
109.38
-0.6200000000000045
10.379999999999995
-4.6200000000000045
-2.6200000000000045
-1.6200000000000045
-4.6200000000000045
-0.6200000000000045
-6.6200000000000045
-0.6200000000000045
-3.6200000000000045
-0.6200000000000045
5.3799999999999955
-2.6200000000000045
215.38
-0.6200000000000045
-0.6200000000000045
-1.6200000000000045
-7.6200000000000045
1.3799999999999955
-0.6200000000000045
4.3799999999999955
-1.6200000000000045
-0.6200000000000045
-0.6200000000000045
-1.6200000000000045
1.3799999999999955
-6.6200000000000045
-2.6200000000000045
369.38
-6.6200000000000045
-4.6200000000000045
-1.6200000000000045
-6.6200000000000045
-2.6200000000000045
318.38
0.37999999999999545
-6.6200000000000045
-0.6200000000000045
1.3799999999999955
-4.6200000000000045
-0.6200000000000045
-1.6200000000000045
-2.6200000000000045
142.38
-5.6200000000000045
100.38
2.3799999999999955
104.38
-3.6200000000000045
-0.6200000000000045
1.3799999999999955
0.37999999999999545
-8.620000000000005
-2.6200000000000045
3.3799999999999955
24.379999999999995
-2.6200000000000045
2.3799999999999955
-0.6200000000000045
-3.6200000000000045
-0.6200000000000045
-1.6200000000000045
1.3799999999999955
-0.6200000000000045
1.3799999999999955
3.3799999999999955
-0.6200000000000045
-2.6200000000000045
1.3799999999999955
-1.6200000000000045
-2.6200000000000045
0.37999999999999545
-2.6200000000000045
-14.620000000000005
-4.6200000000000045
49.379999999999995
49.379999999999995
4.3799999999999955
-7.6200000000000045
1.3799999999999955
5.3799999999999955
-2.6200000000000045
-0.6200000000000045
-4.6200000000000045
-1.6200000000000045
4.3799999999999955
-3.6200000000000045
4.3799999999999955
-2.6200000000000045
1.3799999999999955
-2.6200000000000045
-1.6200000000000045
-5.6200000000000045
-0.6200000000000045
28.379999999999995
-0.6200000000000045
-1.6200000000000045
-2.6200000000000045
-6.6200000000000045
5.3799999999999955
-1.6200000000000045
-4.6200000000000045
1.3799999999999955
-1.6200000000000045
1.3799999999999955
-1.6200000000000045
-5.6200000000000045
-2.6200000000000045
-5.6200000000000045
-9.620000000000005
0.37999999999999545
0.37999999999999545
5.3799999999999955
-0.6200000000000045
-1.6200000000000045
-2.6200000000000045
4.3799999999999955
-4.6200000000000045
1.3799999999999955
2.3799999999999955
2.3799999999999955
0.37999999999999545
-5.6200000000000045
-1.6200000000000045
-1.6200000000000045
-4.6200000000000045
1.3799999999999955
62.379999999999995
-1.6200000000000045
-0.6200000000000045
-0.6200000000000045
-10.620000000000005
5.3799999999999955
0.37999999999999545
-6.6200000000000045
56.379999999999995
-0.6200000000000045
20.379999999999995
2.3799999999999955
107.38
1.3799999999999955
59.379999999999995
-1.6200000000000045
0.37999999999999545
-0.6200000000000045
-2.6200000000000045
1.3799999999999955
-1.6200000000000045
1.3799999999999955
222.38
1.3799999999999955
1.3799999999999955
30.379999999999995
4.3799999999999955
4.3799999999999955
-1.6200000000000045
54.379999999999995
-3.6200000000000045
0.37999999999999545
59.379999999999995
1.3799999999999955
1.3799999999999955
526.38
26.379999999999995
52.379999999999995
-8.620000000000005
-1.6200000000000045
-1.6200000000000045
-2.6200000000000045
-2.6200000000000045
1.3799999999999955
-4.6200000000000045
-5.6200000000000045
1.3799999999999955
-1.6200000000000045
-2.6200000000000045
-8.620000000000005
-1.6200000000000045
4.3799999999999955
-2.6200000000000045
-4.6200000000000045
2.3799999999999955
-17.620000000000005
19.379999999999995
-0.6200000000000045
0.37999999999999545
-5.6200000000000045
-4.6200000000000045
14.379999999999995
4.3799999999999955
1.3799999999999955
0.37999999999999545
-9.620000000000005
1.3799999999999955
0.37999999999999545
-0.6200000000000045
-23.620000000000005
1.3799999999999955
-4.6200000000000045
93.38
4.3799999999999955
2.3799999999999955
-19.620000000000005
4.3799999999999955
62.379999999999995
0.37999999999999545
2.3799999999999955
0.37999999999999545
-5.6200000000000045
-3.6200000000000045
-9.620000000000005
1.3799999999999955
52.379999999999995
-2.6200000000000045
-7.6200000000000045
2.3799999999999955
-6.6200000000000045
4.3799999999999955
-33.620000000000005
-3.6200000000000045
321.38
-1.6200000000000045
-0.6200000000000045
0.37999999999999545
-1.6200000000000045
-9.620000000000005
-5.6200000000000045
1.3799999999999955
4.3799999999999955
-2.6200000000000045
-0.6200000000000045
172.38
1.3799999999999955
2.3799999999999955
-1.6200000000000045
-9.620000000000005
-0.6200000000000045
-1.6200000000000045
-2.6200000000000045
-0.6200000000000045
-0.6200000000000045
-7.6200000000000045
4.3799999999999955
-1.6200000000000045
-1.6200000000000045
308.38
-0.6200000000000045
0.37999999999999545
-4.6200000000000045
-17.620000000000005
-1.6200000000000045
2.3799999999999955
2.3799999999999955
-0.6200000000000045
-4.6200000000000045
1.3799999999999955
4.3799999999999955
48.379999999999995
-0.6200000000000045
-0.6200000000000045
-2.6200000000000045
-5.6200000000000045
-0.6200000000000045
-1.6200000000000045
-5.6200000000000045
-0.6200000000000045
-1.6200000000000045
-1.6200000000000045
-1.6200000000000045
-1.6200000000000045
-1.6200000000000045
0.37999999999999545
-2.6200000000000045
2.3799999999999955
-2.6200000000000045
0.37999999999999545
-1.6200000000000045
6.3799999999999955
1.3799999999999955
2.3799999999999955
-9.620000000000005
-5.6200000000000045
-5.6200000000000045
-2.6200000000000045
-1.6200000000000045
57.379999999999995
-2.6200000000000045
-4.6200000000000045
-0.6200000000000045
-5.6200000000000045
2.3799999999999955
1.3799999999999955
-2.6200000000000045
1.3799999999999955
5.3799999999999955
-6.6200000000000045
-3.6200000000000045
-0.6200000000000045
-1.6200000000000045
-2.6200000000000045
0.37999999999999545
2.3799999999999955
0.37999999999999545
-1.6200000000000045
-2.6200000000000045
-4.6200000000000045
1.3799999999999955
-1.6200000000000045
-8.620000000000005
-3.6200000000000045
-9.620000000000005
-1.6200000000000045
2.3799999999999955
-2.6200000000000045
-2.6200000000000045
-1.6200000000000045
182.38
23.379999999999995
-23.620000000000005
-5.6200000000000045
-6.6200000000000045
0.37999999999999545
-3.6200000000000045
-0.6200000000000045
180.38
2.3799999999999955
-0.6200000000000045
-1.6200000000000045
-4.6200000000000045
-11.620000000000005
-1.6200000000000045
4.3799999999999955
-1.6200000000000045
-1.6200000000000045
0.37999999999999545
1.3799999999999955
375.38
200.38
-3.6200000000000045
4.3799999999999955
-0.6200000000000045
-2.6200000000000045
1.3799999999999955
-1.6200000000000045
2.3799999999999955
-2.6200000000000045
-0.6200000000000045
-5.6200000000000045
-1.6200000000000045
-1.6200000000000045
55.379999999999995
0.37999999999999545
42.379999999999995
296.38
-0.6200000000000045
-6.6200000000000045
-2.6200000000000045
-1.6200000000000045
1.3799999999999955
-3.6200000000000045
-2.6200000000000045
1.3799999999999955
1.3799999999999955
181.38
-10.620000000000005
2.3799999999999955
-4.6200000000000045
-1.6200000000000045
-9.620000000000005
-5.6200000000000045
49.379999999999995
1.3799999999999955
-2.6200000000000045
68.38
-2.6200000000000045
-9.620000000000005
-4.6200000000000045
55.379999999999995
-4.6200000000000045
2.3799999999999955
-3.6200000000000045
-8.620000000000005
0.37999999999999545
-3.6200000000000045
1.3799999999999955
5.3799999999999955
4.3799999999999955
-6.6200000000000045
-1.6200000000000045
-4.6200000000000045
1.3799999999999955
-3.6200000000000045
1.3799999999999955
77.38
-5.6200000000000045
1.3799999999999955
-0.6200000000000045
-14.620000000000005
6.3799999999999955
0.37999999999999545
-1.6200000000000045
2.3799999999999955
0.37999999999999545
1.3799999999999955
-0.6200000000000045
-0.6200000000000045
-2.6200000000000045
5.3799999999999955
-6.6200000000000045
4.3799999999999955
-13.620000000000005
21.379999999999995
-3.6200000000000045
-1.6200000000000045
-9.620000000000005
-5.6200000000000045
4.3799999999999955
-4.6200000000000045
-11.620000000000005
-0.6200000000000045
-1.6200000000000045
0.37999999999999545
1.3799999999999955
-19.620000000000005
152.38
56.379999999999995
4.3799999999999955
379.38
2.3799999999999955
-3.6200000000000045
61.379999999999995
2.3799999999999955
-14.620000000000005
-2.6200000000000045
151.38
0.37999999999999545
-1.6200000000000045
0.37999999999999545
0.37999999999999545
-0.6200000000000045
-1.6200000000000045
70.38
-6.6200000000000045
-5.6200000000000045
-1.6200000000000045
4.3799999999999955
-2.6200000000000045
-0.6200000000000045
-8.620000000000005
-11.620000000000005
-4.6200000000000045
1.3799999999999955
0.37999999999999545
-2.6200000000000045
1.3799999999999955
200.38
91.38
-1.6200000000000045
325.38
2.3799999999999955
1.3799999999999955
2.3799999999999955
1.3799999999999955
80.38
-1.6200000000000045
1.3799999999999955
0.37999999999999545
-2.6200000000000045
-1.6200000000000045
-2.6200000000000045
-2.6200000000000045
4.3799999999999955
-11.620000000000005
-2.6200000000000045
0.37999999999999545
-1.6200000000000045
514.38
25.379999999999995
-0.6200000000000045
-3.6200000000000045
-1.6200000000000045
-5.6200000000000045
1.3799999999999955
-1.6200000000000045
1.3799999999999955
-10.620000000000005
-13.620000000000005
2.3799999999999955
-2.6200000000000045
-1.6200000000000045
-1.6200000000000045
-1.6200000000000045
-1.6200000000000045
2.3799999999999955
-23.620000000000005
-1.6200000000000045
4.3799999999999955
0.37999999999999545
-1.6200000000000045
-1.6200000000000045
-1.6200000000000045
-0.6200000000000045
136.38
1.3799999999999955
-4.6200000000000045
-3.6200000000000045
-0.6200000000000045
-6.6200000000000045
-7.6200000000000045
2.3799999999999955
-1.6200000000000045
8.379999999999995
-1.6200000000000045
-4.6200000000000045
-4.6200000000000045
0.37999999999999545
-5.6200000000000045
-2.6200000000000045
-1.6200000000000045
-0.6200000000000045
-14.620000000000005
-1.6200000000000045
-0.6200000000000045
-1.6200000000000045
-1.6200000000000045
-4.6200000000000045
-7.6200000000000045
2.3799999999999955
-3.6200000000000045
-0.6200000000000045
-13.620000000000005
-7.6200000000000045
-10.620000000000005
-4.6200000000000045
-3.6200000000000045
-11.620000000000005
54.379999999999995
-7.6200000000000045
-3.6200000000000045
-1.6200000000000045
1.3799999999999955
-1.6200000000000045
1.3799999999999955
-1.6200000000000045
-1.6200000000000045
1.3799999999999955
3.3799999999999955
5.3799999999999955
-0.6200000000000045
-2.6200000000000045
46.379999999999995
-1.6200000000000045
-1.6200000000000045
49.379999999999995
-4.6200000000000045
-6.6200000000000045
2.3799999999999955
-6.6200000000000045
1.3799999999999955
-0.6200000000000045
-2.6200000000000045
4.3799999999999955
-2.6200000000000045
-5.6200000000000045
86.38
-1.6200000000000045
141.38
-7.6200000000000045
5.3799999999999955
-5.6200000000000045
-2.6200000000000045
2.3799999999999955
5.3799999999999955
1.3799999999999955
1.3799999999999955
-7.6200000000000045
-4.6200000000000045
4.3799999999999955
-3.6200000000000045
-3.6200000000000045
1.3799999999999955
-3.6200000000000045
-8.620000000000005
-0.6200000000000045
-2.6200000000000045
-0.6200000000000045
-10.620000000000005
-1.6200000000000045
-16.620000000000005
2.3799999999999955
-1.6200000000000045
-4.6200000000000045
4.3799999999999955
4.3799999999999955
-0.6200000000000045
-2.6200000000000045
-3.6200000000000045
0.37999999999999545
