4.949999999999989
-8.050000000000011
1.9499999999999886
186.95
-2.0500000000000114
-2.0500000000000114
-0.05000000000001137
66.94999999999999
-3.0500000000000114
-0.05000000000001137
0.9499999999999886
-6.050000000000011
-5.050000000000011
1.9499999999999886
-8.050000000000011
-1.0500000000000114
51.94999999999999
-3.0500000000000114
102.94999999999999
4.949999999999989
32.94999999999999
1.9499999999999886
-10.050000000000011
0.9499999999999886
-9.050000000000011
-6.050000000000011
-1.0500000000000114
-6.050000000000011
-7.050000000000011
-5.050000000000011
82.94999999999999
-3.0500000000000114
-2.0500000000000114
0.9499999999999886
-1.0500000000000114
1.9499999999999886
-7.050000000000011
2.9499999999999886
-3.0500000000000114
0.9499999999999886
2.9499999999999886
-1.0500000000000114
55.94999999999999
53.94999999999999
-17.05000000000001
0.9499999999999886
1.9499999999999886
51.94999999999999
-9.050000000000011
-1.0500000000000114
-1.0500000000000114
1.9499999999999886
54.94999999999999
-2.0500000000000114
2.9499999999999886
-1.0500000000000114
-2.0500000000000114
52.94999999999999
-2.0500000000000114
-1.0500000000000114
0.9499999999999886
230.95
1.9499999999999886
-7.050000000000011
-1.0500000000000114
226.95
0.9499999999999886
-13.050000000000011
1.9499999999999886
392.95
-1.0500000000000114
-4.050000000000011
-10.050000000000011
-2.0500000000000114
1.9499999999999886
-1.0500000000000114
473.95
-2.0500000000000114
2.9499999999999886
1.9499999999999886
2.9499999999999886
1.9499999999999886
387.95
-6.050000000000011
0.9499999999999886
50.94999999999999
3.9499999999999886
2.9499999999999886
-5.050000000000011
-0.05000000000001137
-2.0500000000000114
598.95
0.9499999999999886
-0.05000000000001137
2.9499999999999886
-5.050000000000011
-1.0500000000000114
-3.0500000000000114
-5.050000000000011
1.9499999999999886
51.94999999999999
5.949999999999989
-7.050000000000011
2.9499999999999886
-1.0500000000000114
1.9499999999999886
-2.0500000000000114
1.9499999999999886
-11.050000000000011
0.9499999999999886
-1.0500000000000114
-13.050000000000011
0.9499999999999886
1.9499999999999886
0.9499999999999886
-9.050000000000011
-13.050000000000011
2.9499999999999886
-5.050000000000011
-1.0500000000000114
53.94999999999999
78.94999999999999
-2.0500000000000114
0.9499999999999886
4.949999999999989
-1.0500000000000114
-1.0500000000000114
391.95
-18.05000000000001
1.9499999999999886
2.9499999999999886
-5.050000000000011
-2.0500000000000114
86.94999999999999
1.9499999999999886
3.9499999999999886
-1.0500000000000114
6.949999999999989
58.94999999999999
-0.05000000000001137
1.9499999999999886
0.9499999999999886
164.95
-1.0500000000000114
101.94999999999999
-2.0500000000000114
-2.0500000000000114
53.94999999999999
55.94999999999999
1.9499999999999886
-9.050000000000011
-6.050000000000011
-10.050000000000011
-1.0500000000000114
56.94999999999999
-3.0500000000000114
-2.0500000000000114
-1.0500000000000114
51.94999999999999
-3.0500000000000114
-1.0500000000000114
-0.05000000000001137
-1.0500000000000114
65.94999999999999
1.9499999999999886
119.94999999999999
-5.050000000000011
2.9499999999999886
-3.0500000000000114
-1.0500000000000114
-3.0500000000000114
0.9499999999999886
-2.0500000000000114
-1.0500000000000114
-0.05000000000001137
1.9499999999999886
146.95
4.949999999999989
-2.0500000000000114
-6.050000000000011
1.9499999999999886
-2.0500000000000114
-7.050000000000011
115.94999999999999
-0.05000000000001137
-3.0500000000000114
-7.050000000000011
-4.050000000000011
-22.05000000000001
0.9499999999999886
-1.0500000000000114
-5.050000000000011
-4.050000000000011
58.94999999999999
-3.0500000000000114
25.94999999999999
-3.0500000000000114
325.95
110.94999999999999
-4.050000000000011
1.9499999999999886
-2.0500000000000114
1.9499999999999886
-0.05000000000001137
-2.0500000000000114
-16.05000000000001
-5.050000000000011
-0.05000000000001137
-3.0500000000000114
-1.0500000000000114
176.95
-3.0500000000000114
-5.050000000000011
-3.0500000000000114
53.94999999999999
-0.05000000000001137
1.9499999999999886
-8.050000000000011
-2.0500000000000114
-1.0500000000000114
21.94999999999999
453.95
-0.05000000000001137
-0.05000000000001137
-3.0500000000000114
-5.050000000000011
2.9499999999999886
-4.050000000000011
254.95
-0.05000000000001137
23.94999999999999
-2.0500000000000114
-3.0500000000000114
0.9499999999999886
-4.050000000000011
0.9499999999999886
-1.0500000000000114
-0.05000000000001137
-2.0500000000000114
0.9499999999999886
-0.05000000000001137
0.9499999999999886
1.9499999999999886
-2.0500000000000114
1.9499999999999886
-0.05000000000001137
-3.0500000000000114
-3.0500000000000114
0.9499999999999886
2.9499999999999886
-7.050000000000011
0.9499999999999886
0.9499999999999886
-15.050000000000011
-1.0500000000000114
1.9499999999999886
1.9499999999999886
-2.0500000000000114
-1.0500000000000114
-17.05000000000001
422.95
67.94999999999999
3.9499999999999886
-1.0500000000000114
-11.050000000000011
-3.0500000000000114
-9.050000000000011
0.9499999999999886
-0.05000000000001137
234.95
-9.050000000000011
0.9499999999999886
1.9499999999999886
-2.0500000000000114
4.949999999999989
0.9499999999999886
-1.0500000000000114
2.9499999999999886
-1.0500000000000114
4.949999999999989
1.9499999999999886
55.94999999999999
-0.05000000000001137
-10.050000000000011
1.9499999999999886
52.94999999999999
1.9499999999999886
-5.050000000000011
-0.05000000000001137
-10.050000000000011
-3.0500000000000114
2.9499999999999886
-5.050000000000011
-3.0500000000000114
-3.0500000000000114
51.94999999999999
430.95
51.94999999999999
1.9499999999999886
84.94999999999999
-1.0500000000000114
-1.0500000000000114
-6.050000000000011
1.9499999999999886
-1.0500000000000114
-6.050000000000011
-1.0500000000000114
-2.0500000000000114
0.9499999999999886
-17.05000000000001
1.9499999999999886
-1.0500000000000114
-1.0500000000000114
53.94999999999999
0.9499999999999886
25.94999999999999
1.9499999999999886
53.94999999999999
24.94999999999999
1.9499999999999886
-6.050000000000011
-5.050000000000011
-1.0500000000000114
50.94999999999999
-0.05000000000001137
-2.0500000000000114
-2.0500000000000114
138.95
-1.0500000000000114
-5.050000000000011
-6.050000000000011
-0.05000000000001137
2.9499999999999886
20.94999999999999
-17.05000000000001
264.95
-2.0500000000000114
-10.050000000000011
-17.05000000000001
1.9499999999999886
-1.0500000000000114
-0.05000000000001137
-3.0500000000000114
-0.05000000000001137
-9.050000000000011
1.9499999999999886
-2.0500000000000114
-14.050000000000011
-1.0500000000000114
-6.050000000000011
26.94999999999999
-6.050000000000011
-1.0500000000000114
262.95
-4.050000000000011
-0.05000000000001137
-2.0500000000000114
-1.0500000000000114
-0.05000000000001137
1.9499999999999886
0.9499999999999886
5.949999999999989
0.9499999999999886
-2.0500000000000114
-2.0500000000000114
0.9499999999999886
1.9499999999999886
-3.0500000000000114
-1.0500000000000114
260.95
-0.05000000000001137
0.9499999999999886
-3.0500000000000114
-0.05000000000001137
-26.05000000000001
1.9499999999999886
103.94999999999999
-0.05000000000001137
1.9499999999999886
-2.0500000000000114
-0.05000000000001137
78.94999999999999
-1.0500000000000114
0.9499999999999886
65.94999999999999
2.9499999999999886
68.94999999999999
-1.0500000000000114
-14.050000000000011
-5.050000000000011
1.9499999999999886
0.9499999999999886
-10.050000000000011
-2.0500000000000114
-1.0500000000000114
-9.050000000000011
-9.050000000000011
-5.050000000000011
-0.05000000000001137
-11.050000000000011
18.94999999999999
2.9499999999999886
55.94999999999999
-3.0500000000000114
102.94999999999999
-2.0500000000000114
-1.0500000000000114
-1.0500000000000114
1.9499999999999886
1.9499999999999886
-7.050000000000011
-1.0500000000000114
0.9499999999999886
0.9499999999999886
0.9499999999999886
-40.05000000000001
33.94999999999999
72.94999999999999
2.9499999999999886
-3.0500000000000114
4.949999999999989
-20.05000000000001
54.94999999999999
-0.05000000000001137
-6.050000000000011
1.9499999999999886
-1.0500000000000114
-23.05000000000001
1.9499999999999886
193.95
2.9499999999999886
-1.0500000000000114
-5.050000000000011
-1.0500000000000114
1.9499999999999886
1.9499999999999886
-22.05000000000001
8.949999999999989
0.9499999999999886
-0.05000000000001137
6.949999999999989
2.9499999999999886
-3.0500000000000114
-2.0500000000000114
89.94999999999999
-5.050000000000011
-10.050000000000011
-1.0500000000000114
-2.0500000000000114
-4.050000000000011
-9.050000000000011
270.95
-3.0500000000000114
198.95
142.95
344.95
-6.050000000000011
-2.0500000000000114
524.95
-9.050000000000011
50.94999999999999
56.94999999999999
-2.0500000000000114
-0.05000000000001137
4.949999999999989
-1.0500000000000114
-3.0500000000000114
-0.05000000000001137
-2.0500000000000114
-2.0500000000000114
-1.0500000000000114
-4.050000000000011
-11.050000000000011
-4.050000000000011
2.9499999999999886
4.949999999999989
1.9499999999999886
-0.05000000000001137
1.9499999999999886
0.9499999999999886
-3.0500000000000114
-0.05000000000001137
1.9499999999999886
-0.05000000000001137
-0.05000000000001137
-8.050000000000011
-3.0500000000000114
-3.0500000000000114
-6.050000000000011
0.9499999999999886
1.9499999999999886
0.9499999999999886
0.9499999999999886
-0.05000000000001137
89.94999999999999
-0.05000000000001137
-1.0500000000000114
60.94999999999999
-9.050000000000011
-3.0500000000000114
-0.05000000000001137
15.949999999999989
-2.0500000000000114
-1.0500000000000114
13.949999999999989
4.949999999999989
-6.050000000000011
-1.0500000000000114
-1.0500000000000114
-2.0500000000000114
-7.050000000000011
120.94999999999999
-3.0500000000000114
0.9499999999999886
-2.0500000000000114
-1.0500000000000114
-6.050000000000011
-1.0500000000000114
-2.0500000000000114
-0.05000000000001137
0.9499999999999886
0.9499999999999886
-2.0500000000000114
-2.0500000000000114
-1.0500000000000114
72.94999999999999
1.9499999999999886
1.9499999999999886
110.94999999999999
280.95
54.94999999999999
-4.050000000000011
53.94999999999999
0.9499999999999886
-2.0500000000000114
97.94999999999999
98.94999999999999
1.9499999999999886
-6.050000000000011
-10.050000000000011
2.9499999999999886
238.95
0.9499999999999886
-2.0500000000000114
2.9499999999999886
-3.0500000000000114
-5.050000000000011
1.9499999999999886
54.94999999999999
-5.050000000000011
3.9499999999999886
0.9499999999999886
-5.050000000000011
-7.050000000000011
0.9499999999999886
-8.050000000000011
-16.05000000000001
-9.050000000000011
0.9499999999999886
57.94999999999999
-0.05000000000001137
-0.05000000000001137
-4.050000000000011
24.94999999999999
73.94999999999999
492.95
-1.0500000000000114
-3.0500000000000114
-1.0500000000000114
1.9499999999999886
123.94999999999999
2.9499999999999886
1.9499999999999886
1.9499999999999886
-5.050000000000011
0.9499999999999886
1.9499999999999886
-0.05000000000001137
2.9499999999999886
-2.0500000000000114
-0.05000000000001137
-3.0500000000000114
147.95
97.94999999999999
-1.0500000000000114
-1.0500000000000114
1.9499999999999886
-3.0500000000000114
-4.050000000000011
-9.050000000000011
-0.05000000000001137
0.9499999999999886
-5.050000000000011
-4.050000000000011
-1.0500000000000114
-29.05000000000001
0.9499999999999886
83.94999999999999
-1.0500000000000114
-6.050000000000011
-2.0500000000000114
51.94999999999999
-7.050000000000011
1.9499999999999886
-1.0500000000000114
-3.0500000000000114
1.9499999999999886
478.95
145.95
-3.0500000000000114
485.95
-6.050000000000011
-2.0500000000000114
-2.0500000000000114
1.9499999999999886
-3.0500000000000114
382.95
4.949999999999989
-1.0500000000000114
-3.0500000000000114
51.94999999999999
-0.05000000000001137
2.9499999999999886
-0.05000000000001137
26.94999999999999
-1.0500000000000114
-0.05000000000001137
0.9499999999999886
-2.0500000000000114
-1.0500000000000114
51.94999999999999
-1.0500000000000114
1.9499999999999886
-1.0500000000000114
-0.05000000000001137
81.94999999999999
2.9499999999999886
-9.050000000000011
104.94999999999999
-2.0500000000000114
385.95
-2.0500000000000114
-3.0500000000000114
1.9499999999999886
472.95
-2.0500000000000114
0.9499999999999886
-2.0500000000000114
-2.0500000000000114
-1.0500000000000114
-1.0500000000000114
51.94999999999999
2.9499999999999886
0.9499999999999886
5.949999999999989
22.94999999999999
-2.0500000000000114
1.9499999999999886
-1.0500000000000114
-4.050000000000011
-2.0500000000000114
-1.0500000000000114
-1.0500000000000114
-6.050000000000011
1.9499999999999886
0.9499999999999886
-5.050000000000011
157.95
-0.05000000000001137
0.9499999999999886
1.9499999999999886
-3.0500000000000114
-4.050000000000011
0.9499999999999886
143.95
-8.050000000000011
66.94999999999999
-1.0500000000000114
-3.0500000000000114
-7.050000000000011
176.95
-4.050000000000011
1.9499999999999886
-2.0500000000000114
-5.050000000000011
-2.0500000000000114
-11.050000000000011
-2.0500000000000114
114.94999999999999
-3.0500000000000114
22.94999999999999
-0.05000000000001137
54.94999999999999
52.94999999999999
2.9499999999999886
-0.05000000000001137
-0.05000000000001137
6.949999999999989
-3.0500000000000114
-2.0500000000000114
54.94999999999999
-3.0500000000000114
-4.050000000000011
4.949999999999989
-1.0500000000000114
-3.0500000000000114
-3.0500000000000114
143.95
54.94999999999999
-0.05000000000001137
-1.0500000000000114
-6.050000000000011
75.94999999999999
-1.0500000000000114
1.9499999999999886
-7.050000000000011
-4.050000000000011
-2.0500000000000114
-3.0500000000000114
2.9499999999999886
1.9499999999999886
-0.05000000000001137
1.9499999999999886
2.9499999999999886
-3.0500000000000114
68.94999999999999
54.94999999999999
-0.05000000000001137
-0.05000000000001137
-0.05000000000001137
-9.050000000000011
-0.05000000000001137
-1.0500000000000114
-3.0500000000000114
-2.0500000000000114
4.949999999999989
-2.0500000000000114
0.9499999999999886
1.9499999999999886
-1.0500000000000114
-1.0500000000000114
-1.0500000000000114
-1.0500000000000114
-1.0500000000000114
-1.0500000000000114
0.9499999999999886
0.9499999999999886
-16.05000000000001
-2.0500000000000114
2.9499999999999886
1.9499999999999886
73.94999999999999
1.9499999999999886
25.94999999999999
-18.05000000000001
-9.050000000000011
53.94999999999999
-4.050000000000011
-6.050000000000011
0.9499999999999886
-13.050000000000011
2.9499999999999886
-0.05000000000001137
-1.0500000000000114
0.9499999999999886
253.95
-1.0500000000000114
-2.0500000000000114
-11.050000000000011
94.94999999999999
-14.050000000000011
-14.050000000000011
1.9499999999999886
-6.050000000000011
-0.05000000000001137
-1.0500000000000114
-0.05000000000001137
-0.05000000000001137
-0.05000000000001137
-3.0500000000000114
-0.05000000000001137
-1.0500000000000114
-0.05000000000001137
-1.0500000000000114
-0.05000000000001137
0.9499999999999886
-3.0500000000000114
51.94999999999999
-9.050000000000011
442.95
-2.0500000000000114
-0.05000000000001137
0.9499999999999886
-3.0500000000000114
0.9499999999999886
-1.0500000000000114
1.9499999999999886
54.94999999999999
-1.0500000000000114
1.9499999999999886
89.94999999999999
-6.050000000000011
-2.0500000000000114
-4.050000000000011
-1.0500000000000114
-0.05000000000001137
-2.0500000000000114
-0.05000000000001137
-1.0500000000000114
1.9499999999999886
-11.050000000000011
-1.0500000000000114
-1.0500000000000114
385.95
-3.0500000000000114
-4.050000000000011
96.94999999999999
-0.05000000000001137
-1.0500000000000114
-5.050000000000011
-3.0500000000000114
-5.050000000000011
-8.050000000000011
16.94999999999999
2.9499999999999886
-1.0500000000000114
4.949999999999989
-3.0500000000000114
-1.0500000000000114
0.9499999999999886
1.9499999999999886
405.95
-5.050000000000011
0.9499999999999886
-1.0500000000000114
1.9499999999999886
-1.0500000000000114
-2.0500000000000114
-10.050000000000011
-2.0500000000000114
-1.0500000000000114
3.9499999999999886
-30.05000000000001
53.94999999999999
5.949999999999989
72.94999999999999
-2.0500000000000114
5.949999999999989
1.9499999999999886
0.9499999999999886
1.9499999999999886
2.9499999999999886
51.94999999999999
-0.05000000000001137
0.9499999999999886
65.94999999999999
-0.05000000000001137
-7.050000000000011
1.9499999999999886
-10.050000000000011
4.949999999999989
-6.050000000000011
-2.0500000000000114
203.95
-6.050000000000011
-2.0500000000000114
-8.050000000000011
-0.05000000000001137
0.9499999999999886
-2.0500000000000114
158.95
-1.0500000000000114
-6.050000000000011
-0.05000000000001137
0.9499999999999886
-0.05000000000001137
-3.0500000000000114
-5.050000000000011
-3.0500000000000114
197.95
1.9499999999999886
2.9499999999999886
54.94999999999999
-0.05000000000001137
27.94999999999999
2.9499999999999886
-1.0500000000000114
132.95
0.9499999999999886
221.95
-3.0500000000000114
53.94999999999999
-8.050000000000011
353.95
438.95
-5.050000000000011
-5.050000000000011
-3.0500000000000114
-3.0500000000000114
-1.0500000000000114
-18.05000000000001
-0.05000000000001137
-0.05000000000001137
0.9499999999999886
-5.050000000000011
74.94999999999999
-1.0500000000000114
-3.0500000000000114
-2.0500000000000114
-1.0500000000000114
-9.050000000000011
0.9499999999999886
5.949999999999989
-3.0500000000000114
-3.0500000000000114
-3.0500000000000114
-6.050000000000011
0.9499999999999886
-8.050000000000011
-3.0500000000000114
0.9499999999999886
-5.050000000000011
55.94999999999999
3.9499999999999886
51.94999999999999
-2.0500000000000114
86.94999999999999
0.9499999999999886
334.95
2.9499999999999886
13.949999999999989
-4.050000000000011
-4.050000000000011
2.9499999999999886
1.9499999999999886
3.9499999999999886
-1.0500000000000114
-1.0500000000000114
0.9499999999999886
319.95
-19.05000000000001
-1.0500000000000114
4.949999999999989
-2.0500000000000114
52.94999999999999
-3.0500000000000114
53.94999999999999
-1.0500000000000114
-9.050000000000011
-5.050000000000011
-0.05000000000001137
1.9499999999999886
-3.0500000000000114
5.949999999999989
-5.050000000000011
-0.05000000000001137
2.9499999999999886
332.95
-1.0500000000000114
77.94999999999999
-0.05000000000001137
4.949999999999989
-0.05000000000001137
-0.05000000000001137
-10.050000000000011
0.9499999999999886
-0.05000000000001137
0.9499999999999886
-10.050000000000011
-7.050000000000011
90.94999999999999
-2.0500000000000114
-3.0500000000000114
-1.0500000000000114
0.9499999999999886
-5.050000000000011
-6.050000000000011
359.95
-1.0500000000000114
-10.050000000000011
-4.050000000000011
50.94999999999999
-6.050000000000011
-1.0500000000000114
351.95
-6.050000000000011
51.94999999999999
-2.0500000000000114
-3.0500000000000114
-1.0500000000000114
-0.05000000000001137
-6.050000000000011
1.9499999999999886
-0.05000000000001137
-1.0500000000000114
4.949999999999989
-0.05000000000001137
-6.050000000000011
-5.050000000000011
0.9499999999999886
0.9499999999999886
-2.0500000000000114
-1.0500000000000114
0.9499999999999886
0.9499999999999886
2.9499999999999886
-3.0500000000000114
2.9499999999999886
-3.0500000000000114
-2.0500000000000114
-0.05000000000001137
-1.0500000000000114
51.94999999999999
-1.0500000000000114
-3.0500000000000114
66.94999999999999
-1.0500000000000114
-5.050000000000011
29.94999999999999
1.9499999999999886
-8.050000000000011
0.9499999999999886
113.94999999999999
1.9499999999999886
-2.0500000000000114
-9.050000000000011
53.94999999999999
-2.0500000000000114
-41.05000000000001
34.94999999999999
-3.0500000000000114
-7.050000000000011
3.9499999999999886
-0.05000000000001137
-16.05000000000001
-5.050000000000011
52.94999999999999
-2.0500000000000114
0.9499999999999886
1.9499999999999886
1.9499999999999886
133.95
-3.0500000000000114
-2.0500000000000114
-10.050000000000011
1.9499999999999886
-0.05000000000001137
-11.050000000000011
-0.05000000000001137
1.9499999999999886
22.94999999999999
-3.0500000000000114
-0.05000000000001137
-9.050000000000011
0.9499999999999886
-18.05000000000001
1.9499999999999886
-0.05000000000001137
-1.0500000000000114
0.9499999999999886
54.94999999999999
1.9499999999999886
0.9499999999999886
-1.0500000000000114
1.9499999999999886
1.9499999999999886
2.9499999999999886
2.9499999999999886
0.9499999999999886
-2.0500000000000114
0.9499999999999886
-5.050000000000011
-3.0500000000000114
-5.050000000000011
-2.0500000000000114
122.94999999999999
0.9499999999999886
3.9499999999999886
0.9499999999999886
2.9499999999999886
-1.0500000000000114
-3.0500000000000114
0.9499999999999886
-3.0500000000000114
-0.05000000000001137
-1.0500000000000114
1.9499999999999886
1.9499999999999886
-0.05000000000001137
-11.050000000000011
1.9499999999999886
-1.0500000000000114
1.9499999999999886
-6.050000000000011
-5.050000000000011
142.95
-2.0500000000000114
-7.050000000000011
6.949999999999989
-0.05000000000001137
-1.0500000000000114
129.95
-4.050000000000011
-7.050000000000011
50.94999999999999
-1.0500000000000114
-1.0500000000000114
-6.050000000000011
-2.0500000000000114
-0.05000000000001137
1.9499999999999886
-2.0500000000000114
-2.0500000000000114
0.9499999999999886
-1.0500000000000114
1.9499999999999886
-9.050000000000011
0.9499999999999886
-7.050000000000011
-1.0500000000000114
-5.050000000000011
-5.050000000000011
110.94999999999999
-3.0500000000000114
-2.0500000000000114
-1.0500000000000114
149.95
-2.0500000000000114
-0.05000000000001137
-1.0500000000000114
50.94999999999999
-2.0500000000000114
-1.0500000000000114
-4.050000000000011
-6.050000000000011
-6.050000000000011
-1.0500000000000114
94.94999999999999
-0.05000000000001137
2.9499999999999886
-2.0500000000000114
0.9499999999999886
-1.0500000000000114
-5.050000000000011
-0.05000000000001137
26.94999999999999
-0.05000000000001137
-3.0500000000000114
-0.05000000000001137
3.9499999999999886
4.949999999999989
-3.0500000000000114
1.9499999999999886
-6.050000000000011
-3.0500000000000114
5.949999999999989
-0.05000000000001137
1.9499999999999886
2.9499999999999886
-1.0500000000000114
-0.05000000000001137
-1.0500000000000114
-2.0500000000000114
-12.050000000000011
-4.050000000000011
-2.0500000000000114
-3.0500000000000114
1.9499999999999886
-5.050000000000011
1.9499999999999886
4.949999999999989
0.9499999999999886
-0.05000000000001137
-6.050000000000011
94.94999999999999
-1.0500000000000114
-5.050000000000011
-3.0500000000000114
-2.0500000000000114
2.9499999999999886
-1.0500000000000114
-6.050000000000011
-0.05000000000001137
0.9499999999999886
-4.050000000000011
-2.0500000000000114
0.9499999999999886
0.9499999999999886
-4.050000000000011
3.9499999999999886
-1.0500000000000114
338.95
-1.0500000000000114
1.9499999999999886
50.94999999999999
-3.0500000000000114
-4.050000000000011
4.949999999999989
-6.050000000000011
481.95
4.949999999999989
81.94999999999999
-2.0500000000000114
-3.0500000000000114
-1.0500000000000114
2.9499999999999886
6.949999999999989
-3.0500000000000114
-2.0500000000000114
1.9499999999999886
-5.050000000000011
4.949999999999989
-1.0500000000000114
-1.0500000000000114
-2.0500000000000114
-3.0500000000000114
0.9499999999999886
-1.0500000000000114
-1.0500000000000114
0.9499999999999886
-3.0500000000000114
-3.0500000000000114
2.9499999999999886
-3.0500000000000114
-2.0500000000000114
-0.05000000000001137
2.9499999999999886
26.94999999999999
1.9499999999999886
-3.0500000000000114
-0.05000000000001137
84.94999999999999
-2.0500000000000114
89.94999999999999
2.9499999999999886
1.9499999999999886
58.94999999999999
0.9499999999999886
-0.05000000000001137
-4.050000000000011
0.9499999999999886
-0.05000000000001137
-3.0500000000000114
0.9499999999999886
1.9499999999999886
2.9499999999999886
2.9499999999999886
375.95
0.9499999999999886
-7.050000000000011
56.94999999999999
3.9499999999999886
-30.05000000000001
27.94999999999999
-4.050000000000011
-11.050000000000011
-2.0500000000000114
-0.05000000000001137
-2.0500000000000114
-6.050000000000011
53.94999999999999
-9.050000000000011
-1.0500000000000114
0.9499999999999886
1.9499999999999886
-1.0500000000000114
-2.0500000000000114
-3.0500000000000114
1.9499999999999886
-3.0500000000000114
-1.0500000000000114
0.9499999999999886
-20.05000000000001
-0.05000000000001137
53.94999999999999
4.949999999999989
-1.0500000000000114
-0.05000000000001137
-3.0500000000000114
1.9499999999999886
-6.050000000000011
-4.050000000000011
-7.050000000000011
-0.05000000000001137
-1.0500000000000114
-0.05000000000001137
-22.05000000000001
3.9499999999999886
-8.050000000000011
0.9499999999999886
1.9499999999999886
0.9499999999999886
-14.050000000000011
-0.05000000000001137
-2.0500000000000114
-1.0500000000000114
-3.0500000000000114
-0.05000000000001137
-1.0500000000000114
-0.05000000000001137
445.95
137.95
-3.0500000000000114
-5.050000000000011
-6.050000000000011
-0.05000000000001137
-6.050000000000011
5.949999999999989
-29.05000000000001
54.94999999999999
-6.050000000000011
4.949999999999989
50.94999999999999
51.94999999999999
3.9499999999999886
-5.050000000000011
196.95
56.94999999999999
80.94999999999999
-0.05000000000001137
133.95
-6.050000000000011
-1.0500000000000114
-2.0500000000000114
1.9499999999999886
-9.050000000000011
-1.0500000000000114
-1.0500000000000114
-1.0500000000000114
1.9499999999999886
-3.0500000000000114
-3.0500000000000114
1.9499999999999886
2.9499999999999886
-2.0500000000000114
-1.0500000000000114
0.9499999999999886
-2.0500000000000114
-6.050000000000011
-22.05000000000001
51.94999999999999
-0.05000000000001137
0.9499999999999886
1.9499999999999886
-1.0500000000000114
82.94999999999999
-2.0500000000000114
-4.050000000000011
-3.0500000000000114
105.94999999999999
-1.0500000000000114
-6.050000000000011
50.94999999999999
-3.0500000000000114
-3.0500000000000114
97.94999999999999
1.9499999999999886
2.9499999999999886
49.94999999999999
-0.05000000000001137
-1.0500000000000114
-2.0500000000000114
54.94999999999999
2.9499999999999886
-0.05000000000001137
2.9499999999999886
81.94999999999999
1.9499999999999886
51.94999999999999
-2.0500000000000114
-7.050000000000011
-3.0500000000000114
-2.0500000000000114
1.9499999999999886
-3.0500000000000114
-0.05000000000001137
-2.0500000000000114
54.94999999999999
54.94999999999999
-6.050000000000011
-0.05000000000001137
78.94999999999999
0.9499999999999886
3.9499999999999886
4.949999999999989
-3.0500000000000114
-0.05000000000001137
53.94999999999999
-0.05000000000001137
-1.0500000000000114
73.94999999999999
-2.0500000000000114
-1.0500000000000114
1.9499999999999886
-1.0500000000000114
-6.050000000000011
0.9499999999999886
-4.050000000000011
-3.0500000000000114
-1.0500000000000114
-3.0500000000000114
-7.050000000000011
0.9499999999999886
-1.0500000000000114
-1.0500000000000114
0.9499999999999886
-6.050000000000011
25.94999999999999
238.95
-5.050000000000011
-10.050000000000011
-1.0500000000000114
-1.0500000000000114
1.9499999999999886
40.94999999999999
-1.0500000000000114
1.9499999999999886
-1.0500000000000114
-6.050000000000011
-7.050000000000011
415.95
1.9499999999999886
-1.0500000000000114
51.94999999999999
0.9499999999999886
54.94999999999999
-6.050000000000011
-10.050000000000011
1.9499999999999886
-0.05000000000001137
-3.0500000000000114
-0.05000000000001137
-3.0500000000000114
83.94999999999999
-0.05000000000001137
-5.050000000000011
-3.0500000000000114
-6.050000000000011
-3.0500000000000114
1.9499999999999886
1.9499999999999886
64.94999999999999
1.9499999999999886
-11.050000000000011
-1.0500000000000114
-6.050000000000011
-0.05000000000001137
-3.0500000000000114
-2.0500000000000114
-1.0500000000000114
-0.05000000000001137
-0.05000000000001137
2.9499999999999886
-1.0500000000000114
-11.050000000000011
0.9499999999999886
-0.05000000000001137
-1.0500000000000114
-14.050000000000011
-3.0500000000000114
-1.0500000000000114
-0.05000000000001137
-6.050000000000011
-0.05000000000001137
-0.05000000000001137
-12.050000000000011
-2.0500000000000114
-1.0500000000000114
-1.0500000000000114
-1.0500000000000114
-4.050000000000011
-8.050000000000011
-0.05000000000001137
2.9499999999999886
-3.0500000000000114
-1.0500000000000114
1.9499999999999886
-9.050000000000011
-1.0500000000000114
-1.0500000000000114
-1.0500000000000114
-3.0500000000000114
-2.0500000000000114
0.9499999999999886
-5.050000000000011
0.9499999999999886
-0.05000000000001137
-16.05000000000001
2.9499999999999886
-0.05000000000001137
99.94999999999999
0.9499999999999886
-1.0500000000000114
2.9499999999999886
4.949999999999989
0.9499999999999886
-1.0500000000000114
-1.0500000000000114
-4.050000000000011
-1.0500000000000114
-11.050000000000011
24.94999999999999
143.95
-0.05000000000001137
-11.050000000000011
-1.0500000000000114
1.9499999999999886
-5.050000000000011
-10.050000000000011
-1.0500000000000114
0.9499999999999886
4.949999999999989
-0.05000000000001137
-13.050000000000011
-6.050000000000011
-1.0500000000000114
61.94999999999999
-7.050000000000011
-3.0500000000000114
-2.0500000000000114
-1.0500000000000114
98.94999999999999
-11.050000000000011
-4.050000000000011
-1.0500000000000114
-2.0500000000000114
-5.050000000000011
56.94999999999999
67.94999999999999
-3.0500000000000114
1.9499999999999886
-3.0500000000000114
-2.0500000000000114
-6.050000000000011
5.949999999999989
0.9499999999999886
53.94999999999999
116.94999999999999
-8.050000000000011
-11.050000000000011
-3.0500000000000114
85.94999999999999
54.94999999999999
-3.0500000000000114
-1.0500000000000114
-1.0500000000000114
-5.050000000000011
-0.05000000000001137
-13.050000000000011
-4.050000000000011
1.9499999999999886
1.9499999999999886
2.9499999999999886
-0.05000000000001137
-0.05000000000001137
0.9499999999999886
6.949999999999989
4.949999999999989
-2.0500000000000114
50.94999999999999
-1.0500000000000114
-0.05000000000001137
-14.050000000000011
1.9499999999999886
-1.0500000000000114
-7.050000000000011
-16.05000000000001
-1.0500000000000114
-1.0500000000000114
-6.050000000000011
-3.0500000000000114
97.94999999999999
-4.050000000000011
-5.050000000000011
2.9499999999999886
-11.050000000000011
-14.050000000000011
1.9499999999999886
-0.05000000000001137
-2.0500000000000114
-0.05000000000001137
-3.0500000000000114
1.9499999999999886
-0.05000000000001137
-22.05000000000001
-3.0500000000000114
1.9499999999999886
-2.0500000000000114
461.95
-1.0500000000000114
51.94999999999999
0.9499999999999886
-5.050000000000011
2.9499999999999886
-4.050000000000011
-1.0500000000000114
-2.0500000000000114
-7.050000000000011
-8.050000000000011
1.9499999999999886
52.94999999999999
-0.05000000000001137
-4.050000000000011
-3.0500000000000114
-1.0500000000000114
1.9499999999999886
-1.0500000000000114
-4.050000000000011
-0.05000000000001137
-2.0500000000000114
-10.050000000000011
-0.05000000000001137
1.9499999999999886
1.9499999999999886
-3.0500000000000114
-2.0500000000000114
-7.050000000000011
0.9499999999999886
-4.050000000000011
64.94999999999999
-10.050000000000011
-3.0500000000000114
-10.050000000000011
-3.0500000000000114
2.9499999999999886
-10.050000000000011
-3.0500000000000114
-1.0500000000000114
0.9499999999999886
1.9499999999999886
0.9499999999999886
-2.0500000000000114
54.94999999999999
-0.05000000000001137
-2.0500000000000114
7.949999999999989
-1.0500000000000114
0.9499999999999886
56.94999999999999
-6.050000000000011
3.9499999999999886
1.9499999999999886
-1.0500000000000114
2.9499999999999886
1.9499999999999886
-6.050000000000011
1.9499999999999886
-3.0500000000000114
1.9499999999999886
-0.05000000000001137
1.9499999999999886
-2.0500000000000114
1.9499999999999886
0.9499999999999886
1.9499999999999886
-1.0500000000000114
-2.0500000000000114
-6.050000000000011
255.95
1.9499999999999886
-1.0500000000000114
56.94999999999999
6.949999999999989
-3.0500000000000114
2.9499999999999886
-5.050000000000011
4.949999999999989
6.949999999999989
-1.0500000000000114
-1.0500000000000114
-1.0500000000000114
-0.05000000000001137
-7.050000000000011
1.9499999999999886
-3.0500000000000114
68.94999999999999
414.95
-2.0500000000000114
-16.05000000000001
-2.0500000000000114
2.9499999999999886
-4.050000000000011
56.94999999999999
-0.05000000000001137
2.9499999999999886
-4.050000000000011
49.94999999999999
3.9499999999999886
