4.200000000000003
-6.799999999999997
-0.7999999999999972
-5.799999999999997
-5.799999999999997
-2.799999999999997
-0.7999999999999972
-3.799999999999997
-0.7999999999999972
0.20000000000000284
-0.7999999999999972
-7.799999999999997
73.2
-0.7999999999999972
-5.799999999999997
-3.799999999999997
1.2000000000000028
-0.7999999999999972
-3.799999999999997
-0.7999999999999972
-3.799999999999997
-0.7999999999999972
-8.799999999999997
0.20000000000000284
-10.799999999999997
-8.799999999999997
3.200000000000003
-1.7999999999999972
0.20000000000000284
-7.799999999999997
4.200000000000003
-1.7999999999999972
-0.7999999999999972
1.2000000000000028
-3.799999999999997
0.20000000000000284
0.20000000000000284
1.2000000000000028
0.20000000000000284
-1.7999999999999972
-0.7999999999999972
-2.799999999999997
-0.7999999999999972
-0.7999999999999972
-17.799999999999997
4.200000000000003
0.20000000000000284
-2.799999999999997
-8.799999999999997
406.2
-3.799999999999997
58.2
-3.799999999999997
-5.799999999999997
-0.7999999999999972
-3.799999999999997
-2.799999999999997
4.200000000000003
-3.799999999999997
3.200000000000003
1.2000000000000028
-15.799999999999997
3.200000000000003
-1.7999999999999972
-1.7999999999999972
-3.799999999999997
2.200000000000003
-6.799999999999997
2.200000000000003
-5.799999999999997
4.200000000000003
3.200000000000003
-11.799999999999997
1.2000000000000028
4.200000000000003
-1.7999999999999972
-9.799999999999997
88.2
1.2000000000000028
0.20000000000000284
-0.7999999999999972
2.200000000000003
-4.799999999999997
-8.799999999999997
-0.7999999999999972
-0.7999999999999972
1.2000000000000028
-2.799999999999997
-5.799999999999997
-2.799999999999997
2.200000000000003
-27.799999999999997
2.200000000000003
1.2000000000000028
59.2
-9.799999999999997
2.200000000000003
3.200000000000003
-2.799999999999997
6.200000000000003
0.20000000000000284
63.2
-7.799999999999997
-2.799999999999997
-0.7999999999999972
2.200000000000003
-3.799999999999997
75.2
-9.799999999999997
85.2
0.20000000000000284
-11.799999999999997
-2.799999999999997
-6.799999999999997
5.200000000000003
346.2
-12.799999999999997
3.200000000000003
-2.799999999999997
3.200000000000003
-0.7999999999999972
0.20000000000000284
2.200000000000003
1.2000000000000028
-1.7999999999999972
-4.799999999999997
-1.7999999999999972
-5.799999999999997
-16.799999999999997
-0.7999999999999972
-0.7999999999999972
-5.799999999999997
-12.799999999999997
-5.799999999999997
1.2000000000000028
1.2000000000000028
1.2000000000000028
6.200000000000003
-0.7999999999999972
-0.7999999999999972
3.200000000000003
0.20000000000000284
-1.7999999999999972
2.200000000000003
-0.7999999999999972
0.20000000000000284
-4.799999999999997
2.200000000000003
1.2000000000000028
-0.7999999999999972
-8.799999999999997
-12.799999999999997
-7.799999999999997
3.200000000000003
3.200000000000003
-4.799999999999997
-3.799999999999997
2.200000000000003
4.200000000000003
2.200000000000003
-1.7999999999999972
59.2
-3.799999999999997
2.200000000000003
-3.799999999999997
-5.799999999999997
-1.7999999999999972
0.20000000000000284
-3.799999999999997
316.2
0.20000000000000284
-2.799999999999997
1.2000000000000028
-5.799999999999997
-1.7999999999999972
-3.799999999999997
-5.799999999999997
-0.7999999999999972
-0.7999999999999972
1.2000000000000028
0.20000000000000284
-0.7999999999999972
409.2
-3.799999999999997
6.200000000000003
-2.799999999999997
-3.799999999999997
-0.7999999999999972
-19.799999999999997
118.2
-0.7999999999999972
-4.799999999999997
-3.799999999999997
-6.799999999999997
-3.799999999999997
24.200000000000003
0.20000000000000284
-4.799999999999997
-0.7999999999999972
-10.799999999999997
0.20000000000000284
-2.799999999999997
-3.799999999999997
6.200000000000003
0.20000000000000284
-11.799999999999997
-8.799999999999997
0.20000000000000284
3.200000000000003
4.200000000000003
-2.799999999999997
-0.7999999999999972
-2.799999999999997
-1.7999999999999972
4.200000000000003
-1.7999999999999972
-1.7999999999999972
-9.799999999999997
0.20000000000000284
0.20000000000000284
24.200000000000003
-13.799999999999997
-3.799999999999997
-1.7999999999999972
0.20000000000000284
58.2
3.200000000000003
288.2
-3.799999999999997
-3.799999999999997
24.200000000000003
-3.799999999999997
-6.799999999999997
0.20000000000000284
2.200000000000003
-0.7999999999999972
2.200000000000003
0.20000000000000284
-1.7999999999999972
0.20000000000000284
0.20000000000000284
-0.7999999999999972
4.200000000000003
-0.7999999999999972
2.200000000000003
2.200000000000003
1.2000000000000028
-5.799999999999997
-2.799999999999997
92.2
-8.799999999999997
-1.7999999999999972
-0.7999999999999972
-16.799999999999997
2.200000000000003
4.200000000000003
2.200000000000003
0.20000000000000284
3.200000000000003
-12.799999999999997
-8.799999999999997
4.200000000000003
1.2000000000000028
14.200000000000003
-14.799999999999997
-3.799999999999997
-10.799999999999997
6.200000000000003
2.200000000000003
-5.799999999999997
476.2
-1.7999999999999972
-2.799999999999997
0.20000000000000284
-1.7999999999999972
3.200000000000003
-2.799999999999997
-1.7999999999999972
1.2000000000000028
-1.7999999999999972
-3.799999999999997
34.2
-1.7999999999999972
-9.799999999999997
-2.799999999999997
4.200000000000003
-2.799999999999997
-1.7999999999999972
-1.7999999999999972
-14.799999999999997
-4.799999999999997
-0.7999999999999972
-5.799999999999997
-0.7999999999999972
4.200000000000003
-3.799999999999997
-2.799999999999997
-0.7999999999999972
-3.799999999999997
0.20000000000000284
-1.7999999999999972
-0.7999999999999972
-5.799999999999997
2.200000000000003
0.20000000000000284
-8.799999999999997
-1.7999999999999972
-5.799999999999997
0.20000000000000284
-16.799999999999997
73.2
3.200000000000003
1.2000000000000028
0.20000000000000284
-2.799999999999997
26.200000000000003
-2.799999999999997
1.2000000000000028
30.200000000000003
3.200000000000003
-8.799999999999997
108.2
-3.799999999999997
-2.799999999999997
0.20000000000000284
-0.7999999999999972
0.20000000000000284
-0.7999999999999972
-5.799999999999997
-4.799999999999997
-3.799999999999997
-0.7999999999999972
-2.799999999999997
26.200000000000003
-16.799999999999997
-4.799999999999997
-2.799999999999997
-4.799999999999997
-13.799999999999997
-3.799999999999997
-0.7999999999999972
0.20000000000000284
-3.799999999999997
-2.799999999999997
-3.799999999999997
3.200000000000003
-2.799999999999997
-8.799999999999997
-0.7999999999999972
-6.799999999999997
26.200000000000003
-5.799999999999997
-0.7999999999999972
-2.799999999999997
-3.799999999999997
0.20000000000000284
-2.799999999999997
-0.7999999999999972
0.20000000000000284
0.20000000000000284
0.20000000000000284
0.20000000000000284
0.20000000000000284
-2.799999999999997
60.2
0.20000000000000284
2.200000000000003
-2.799999999999997
144.2
-5.799999999999997
0.20000000000000284
-0.7999999999999972
-1.7999999999999972
-4.799999999999997
-25.799999999999997
86.2
4.200000000000003
0.20000000000000284
-2.799999999999997
-3.799999999999997
2.200000000000003
0.20000000000000284
-0.7999999999999972
-2.799999999999997
1.2000000000000028
6.200000000000003
0.20000000000000284
2.200000000000003
-13.799999999999997
-6.799999999999997
-0.7999999999999972
-2.799999999999997
-3.799999999999997
-0.7999999999999972
4.200000000000003
-9.799999999999997
-9.799999999999997
-5.799999999999997
-3.799999999999997
-11.799999999999997
20.200000000000003
-2.799999999999997
-0.7999999999999972
-3.799999999999997
2.200000000000003
-4.799999999999997
-0.7999999999999972
-2.799999999999997
-3.799999999999997
2.200000000000003
-4.799999999999997
-3.799999999999997
-0.7999999999999972
-1.7999999999999972
4.200000000000003
-35.8
35.2
2.200000000000003
8.200000000000003
-1.7999999999999972
3.200000000000003
-19.799999999999997
-0.7999999999999972
-3.799999999999997
-7.799999999999997
74.2
3.200000000000003
-23.799999999999997
4.200000000000003
-0.7999999999999972
2.200000000000003
2.200000000000003
-0.7999999999999972
2.200000000000003
0.20000000000000284
147.2
-19.799999999999997
-6.799999999999997
-2.799999999999997
-2.799999999999997
-0.7999999999999972
57.2
-4.799999999999997
-2.799999999999997
2.200000000000003
369.2
335.2
-3.799999999999997
-3.799999999999997
162.2
-9.799999999999997
-1.7999999999999972
-1.7999999999999972
130.2
1.2000000000000028
-4.799999999999997
-2.799999999999997
-3.799999999999997
-5.799999999999997
-0.7999999999999972
-0.7999999999999972
-1.7999999999999972
-5.799999999999997
-2.799999999999997
0.20000000000000284
306.2
-2.799999999999997
1.2000000000000028
-0.7999999999999972
-0.7999999999999972
-3.799999999999997
-1.7999999999999972
-10.799999999999997
-1.7999999999999972
-0.7999999999999972
4.200000000000003
-0.7999999999999972
247.2
84.2
3.200000000000003
-1.7999999999999972
-1.7999999999999972
-4.799999999999997
-0.7999999999999972
2.200000000000003
-5.799999999999997
-0.7999999999999972
-0.7999999999999972
-2.799999999999997
3.200000000000003
5.200000000000003
-3.799999999999997
-0.7999999999999972
-8.799999999999997
0.20000000000000284
-2.799999999999997
-1.7999999999999972
1.2000000000000028
-7.799999999999997
-1.7999999999999972
-1.7999999999999972
61.2
-2.799999999999997
-1.7999999999999972
193.2
7.200000000000003
406.2
-5.799999999999997
81.2
1.2000000000000028
-5.799999999999997
2.200000000000003
-1.7999999999999972
-1.7999999999999972
-2.799999999999997
2.200000000000003
-0.7999999999999972
98.2
-4.799999999999997
-2.799999999999997
-1.7999999999999972
-3.799999999999997
0.20000000000000284
4.200000000000003
1.2000000000000028
-1.7999999999999972
-0.7999999999999972
-0.7999999999999972
4.200000000000003
260.2
0.20000000000000284
-1.7999999999999972
0.20000000000000284
130.2
-0.7999999999999972
2.200000000000003
-0.7999999999999972
-0.7999999999999972
-9.799999999999997
-8.799999999999997
3.200000000000003
-2.799999999999997
-0.7999999999999972
0.20000000000000284
3.200000000000003
6.200000000000003
-5.799999999999997
1.2000000000000028
3.200000000000003
-8.799999999999997
0.20000000000000284
-0.7999999999999972
-1.7999999999999972
-4.799999999999997
66.2
360.2
-15.799999999999997
-5.799999999999997
4.200000000000003
2.200000000000003
-2.799999999999997
1.2000000000000028
2.200000000000003
27.200000000000003
-1.7999999999999972
-12.799999999999997
-1.7999999999999972
0.20000000000000284
3.200000000000003
-0.7999999999999972
4.200000000000003
-3.799999999999997
59.2
-4.799999999999997
0.20000000000000284
4.200000000000003
-1.7999999999999972
3.200000000000003
1.2000000000000028
-0.7999999999999972
-0.7999999999999972
-0.7999999999999972
3.200000000000003
-7.799999999999997
1.2000000000000028
-1.7999999999999972
-0.7999999999999972
-5.799999999999997
-3.799999999999997
-17.799999999999997
-2.799999999999997
2.200000000000003
-5.799999999999997
0.20000000000000284
-3.799999999999997
-32.8
3.200000000000003
0.20000000000000284
-0.7999999999999972
-6.799999999999997
1.2000000000000028
-2.799999999999997
-9.799999999999997
-1.7999999999999972
3.200000000000003
-0.7999999999999972
1.2000000000000028
224.2
-1.7999999999999972
-2.799999999999997
-10.799999999999997
-3.799999999999997
4.200000000000003
0.20000000000000284
1.2000000000000028
-5.799999999999997
-0.7999999999999972
2.200000000000003
-2.799999999999997
0.20000000000000284
2.200000000000003
-2.799999999999997
-3.799999999999997
-1.7999999999999972
29.200000000000003
0.20000000000000284
0.20000000000000284
1.2000000000000028
-1.7999999999999972
0.20000000000000284
-0.7999999999999972
-4.799999999999997
3.200000000000003
-3.799999999999997
-2.799999999999997
3.200000000000003
4.200000000000003
-13.799999999999997
-0.7999999999999972
-0.7999999999999972
-3.799999999999997
0.20000000000000284
-1.7999999999999972
-0.7999999999999972
-18.799999999999997
2.200000000000003
0.20000000000000284
-7.799999999999997
179.2
1.2000000000000028
-4.799999999999997
-0.7999999999999972
-0.7999999999999972
78.2
0.20000000000000284
23.200000000000003
4.200000000000003
0.20000000000000284
-3.799999999999997
-5.799999999999997
-0.7999999999999972
3.200000000000003
184.2
-3.799999999999997
2.200000000000003
0.20000000000000284
0.20000000000000284
-1.7999999999999972
-1.7999999999999972
4.200000000000003
0.20000000000000284
0.20000000000000284
-5.799999999999997
-0.7999999999999972
-5.799999999999997
-10.799999999999997
1.2000000000000028
-1.7999999999999972
-3.799999999999997
468.2
-0.7999999999999972
-4.799999999999997
70.2
1.2000000000000028
-4.799999999999997
436.2
-10.799999999999997
151.2
-3.799999999999997
428.2
27.200000000000003
0.20000000000000284
-4.799999999999997
-0.7999999999999972
2.200000000000003
0.20000000000000284
-3.799999999999997
-0.7999999999999972
-5.799999999999997
-2.799999999999997
0.20000000000000284
-5.799999999999997
-0.7999999999999972
3.200000000000003
-0.7999999999999972
1.2000000000000028
-3.799999999999997
-1.7999999999999972
-3.799999999999997
-2.799999999999997
-0.7999999999999972
421.2
-1.7999999999999972
-2.799999999999997
-3.799999999999997
-10.799999999999997
-3.799999999999997
-0.7999999999999972
0.20000000000000284
0.20000000000000284
3.200000000000003
-2.799999999999997
-0.7999999999999972
-0.7999999999999972
-4.799999999999997
30.200000000000003
0.20000000000000284
-3.799999999999997
-3.799999999999997
-0.7999999999999972
-5.799999999999997
2.200000000000003
-3.799999999999997
-3.799999999999997
-0.7999999999999972
138.2
3.200000000000003
1.2000000000000028
-0.7999999999999972
-1.7999999999999972
-0.7999999999999972
0.20000000000000284
-4.799999999999997
0.20000000000000284
-2.799999999999997
-2.799999999999997
2.200000000000003
-14.799999999999997
-3.799999999999997
-3.799999999999997
-0.7999999999999972
1.2000000000000028
87.2
25.200000000000003
-22.799999999999997
0.20000000000000284
-9.799999999999997
-0.7999999999999972
-0.7999999999999972
-1.7999999999999972
-11.799999999999997
3.200000000000003
-4.799999999999997
-0.7999999999999972
0.20000000000000284
-1.7999999999999972
0.20000000000000284
-0.7999999999999972
-7.799999999999997
-0.7999999999999972
-15.799999999999997
-7.799999999999997
1.2000000000000028
-11.799999999999997
-2.799999999999997
1.2000000000000028
0.20000000000000284
2.200000000000003
-0.7999999999999972
0.20000000000000284
1.2000000000000028
-0.7999999999999972
-0.7999999999999972
0.20000000000000284
1.2000000000000028
-3.799999999999997
-1.7999999999999972
0.20000000000000284
452.2
-5.799999999999997
1.2000000000000028
-3.799999999999997
131.2
-1.7999999999999972
3.200000000000003
-3.799999999999997
-3.799999999999997
-0.7999999999999972
-1.7999999999999972
2.200000000000003
1.2000000000000028
-3.799999999999997
-4.799999999999997
1.2000000000000028
-0.7999999999999972
-3.799999999999997
-4.799999999999997
-1.7999999999999972
-0.7999999999999972
-0.7999999999999972
-10.799999999999997
-0.7999999999999972
-0.7999999999999972
-8.799999999999997
-4.799999999999997
-2.799999999999997
1.2000000000000028
-4.799999999999997
-2.799999999999997
-4.799999999999997
3.200000000000003
-3.799999999999997
-10.799999999999997
73.2
-0.7999999999999972
0.20000000000000284
4.200000000000003
-2.799999999999997
4.200000000000003
-0.7999999999999972
2.200000000000003
-12.799999999999997
-4.799999999999997
-2.799999999999997
365.2
3.200000000000003
2.200000000000003
-0.7999999999999972
-15.799999999999997
1.2000000000000028
-3.799999999999997
0.20000000000000284
-29.799999999999997
-0.7999999999999972
0.20000000000000284
-0.7999999999999972
-0.7999999999999972
66.2
-1.7999999999999972
2.200000000000003
-1.7999999999999972
0.20000000000000284
-2.799999999999997
3.200000000000003
0.20000000000000284
-3.799999999999997
3.200000000000003
-0.7999999999999972
78.2
-5.799999999999997
2.200000000000003
-4.799999999999997
-1.7999999999999972
-3.799999999999997
2.200000000000003
-7.799999999999997
-5.799999999999997
2.200000000000003
-0.7999999999999972
-5.799999999999997
1.2000000000000028
-0.7999999999999972
-7.799999999999997
1.2000000000000028
1.2000000000000028
0.20000000000000284
-0.7999999999999972
-4.799999999999997
1.2000000000000028
-4.799999999999997
0.20000000000000284
2.200000000000003
3.200000000000003
-0.7999999999999972
29.200000000000003
-1.7999999999999972
3.200000000000003
-3.799999999999997
0.20000000000000284
-4.799999999999997
-3.799999999999997
-0.7999999999999972
0.20000000000000284
-3.799999999999997
-7.799999999999997
-7.799999999999997
380.2
-2.799999999999997
-2.799999999999997
-0.7999999999999972
-15.799999999999997
-4.799999999999997
-0.7999999999999972
-0.7999999999999972
-5.799999999999997
2.200000000000003
-0.7999999999999972
0.20000000000000284
1.2000000000000028
-0.7999999999999972
-6.799999999999997
2.200000000000003
-0.7999999999999972
1.2000000000000028
-5.799999999999997
-2.799999999999997
399.2
2.200000000000003
-6.799999999999997
-0.7999999999999972
-0.7999999999999972
-0.7999999999999972
1.2000000000000028
4.200000000000003
0.20000000000000284
8.200000000000003
0.20000000000000284
-0.7999999999999972
-0.7999999999999972
0.20000000000000284
0.20000000000000284
-2.799999999999997
-0.7999999999999972
0.20000000000000284
4.200000000000003
-0.7999999999999972
-4.799999999999997
0.20000000000000284
-0.7999999999999972
21.200000000000003
-13.799999999999997
188.2
-0.7999999999999972
-3.799999999999997
-1.7999999999999972
-2.799999999999997
-2.799999999999997
2.200000000000003
-8.799999999999997
231.2
0.20000000000000284
346.2
-6.799999999999997
3.200000000000003
0.20000000000000284
434.2
3.200000000000003
-3.799999999999997
-2.799999999999997
310.2
-2.799999999999997
0.20000000000000284
-3.799999999999997
2.200000000000003
-9.799999999999997
-3.799999999999997
-0.7999999999999972
1.2000000000000028
-10.799999999999997
-10.799999999999997
-2.799999999999997
2.200000000000003
413.2
-0.7999999999999972
-3.799999999999997
-7.799999999999997
-2.799999999999997
-8.799999999999997
-4.799999999999997
-9.799999999999997
352.2
1.2000000000000028
-1.7999999999999972
1.2000000000000028
-7.799999999999997
0.20000000000000284
3.200000000000003
-0.7999999999999972
-1.7999999999999972
-1.7999999999999972
1.2000000000000028
455.2
-3.799999999999997
-2.799999999999997
0.20000000000000284
-1.7999999999999972
92.2
-0.7999999999999972
384.2
207.2
-0.7999999999999972
-5.799999999999997
3.200000000000003
0.20000000000000284
1.2000000000000028
4.200000000000003
-7.799999999999997
-1.7999999999999972
4.200000000000003
-1.7999999999999972
159.2
3.200000000000003
2.200000000000003
-3.799999999999997
-4.799999999999997
-0.7999999999999972
1.2000000000000028
-5.799999999999997
28.200000000000003
75.2
-10.799999999999997
-3.799999999999997
1.2000000000000028
2.200000000000003
2.200000000000003
-6.799999999999997
1.2000000000000028
-3.799999999999997
-41.8
39.2
-0.7999999999999972
-6.799999999999997
124.2
3.200000000000003
-18.799999999999997
-2.799999999999997
-3.799999999999997
-3.799999999999997
114.2
-0.7999999999999972
0.20000000000000284
0.20000000000000284
388.2
-3.799999999999997
-4.799999999999997
-1.7999999999999972
1.2000000000000028
-10.799999999999997
0.20000000000000284
0.20000000000000284
28.200000000000003
1.2000000000000028
-3.799999999999997
-11.799999999999997
3.200000000000003
-10.799999999999997
2.200000000000003
-4.799999999999997
2.200000000000003
-0.7999999999999972
1.2000000000000028
-2.799999999999997
-0.7999999999999972
2.200000000000003
0.20000000000000284
-3.799999999999997
0.20000000000000284
3.200000000000003
-3.799999999999997
-0.7999999999999972
-0.7999999999999972
-0.7999999999999972
2.200000000000003
-2.799999999999997
247.2
-0.7999999999999972
-3.799999999999997
2.200000000000003
4.200000000000003
-3.799999999999997
-0.7999999999999972
2.200000000000003
-1.7999999999999972
-8.799999999999997
-3.799999999999997
-2.799999999999997
2.200000000000003
-1.7999999999999972
-3.799999999999997
-3.799999999999997
-1.7999999999999972
-2.799999999999997
-3.799999999999997
254.2
-4.799999999999997
-0.7999999999999972
4.200000000000003
-7.799999999999997
86.2
-1.7999999999999972
-4.799999999999997
-2.799999999999997
-6.799999999999997
-2.799999999999997
1.2000000000000028
-4.799999999999997
4.200000000000003
-8.799999999999997
-0.7999999999999972
-1.7999999999999972
5.200000000000003
-0.7999999999999972
-0.7999999999999972
-1.7999999999999972
2.200000000000003
1.2000000000000028
-8.799999999999997
-0.7999999999999972
-3.799999999999997
-2.799999999999997
0.20000000000000284
-0.7999999999999972
-0.7999999999999972
2.200000000000003
-7.799999999999997
-1.7999999999999972
-4.799999999999997
0.20000000000000284
94.2
2.200000000000003
-1.7999999999999972
1.2000000000000028
-2.799999999999997
-0.7999999999999972
387.2
-5.799999999999997
5.200000000000003
-3.799999999999997
2.200000000000003
0.20000000000000284
64.2
-0.7999999999999972
-7.799999999999997
58.2
-1.7999999999999972
25.200000000000003
-3.799999999999997
0.20000000000000284
-2.799999999999997
-0.7999999999999972
-2.799999999999997
343.2
0.20000000000000284
-3.799999999999997
3.200000000000003
1.2000000000000028
0.20000000000000284
-0.7999999999999972
-0.7999999999999972
-1.7999999999999972
-2.799999999999997
-0.7999999999999972
-0.7999999999999972
-4.799999999999997
1.2000000000000028
2.200000000000003
3.200000000000003
74.2
403.2
3.200000000000003
5.200000000000003
-4.799999999999997
-0.7999999999999972
-3.799999999999997
2.200000000000003
59.2
-3.799999999999997
-2.799999999999997
-3.799999999999997
-1.7999999999999972
2.200000000000003
-3.799999999999997
-4.799999999999997
210.2
2.200000000000003
1.2000000000000028
1.2000000000000028
0.20000000000000284
-5.799999999999997
3.200000000000003
1.2000000000000028
0.20000000000000284
-0.7999999999999972
-0.7999999999999972
-3.799999999999997
2.200000000000003
-4.799999999999997
2.200000000000003
-0.7999999999999972
-7.799999999999997
86.2
79.2
0.20000000000000284
3.200000000000003
-0.7999999999999972
-1.7999999999999972
79.2
-3.799999999999997
3.200000000000003
7.200000000000003
-0.7999999999999972
4.200000000000003
0.20000000000000284
0.20000000000000284
-0.7999999999999972
-2.799999999999997
2.200000000000003
-1.7999999999999972
2.200000000000003
3.200000000000003
-3.799999999999997
-8.799999999999997
7.200000000000003
-6.799999999999997
-8.799999999999997
-3.799999999999997
0.20000000000000284
25.200000000000003
-0.7999999999999972
-2.799999999999997
0.20000000000000284
141.2
4.200000000000003
1.2000000000000028
2.200000000000003
-0.7999999999999972
-3.799999999999997
-0.7999999999999972
2.200000000000003
-5.799999999999997
6.200000000000003
5.200000000000003
1.2000000000000028
-0.7999999999999972
4.200000000000003
1.2000000000000028
2.200000000000003
-7.799999999999997
0.20000000000000284
-2.799999999999997
0.20000000000000284
-0.7999999999999972
-29.799999999999997
32.2
0.20000000000000284
-8.799999999999997
1.2000000000000028
1.2000000000000028
-2.799999999999997
-8.799999999999997
-0.7999999999999972
-7.799999999999997
-2.799999999999997
-0.7999999999999972
-0.7999999999999972
-3.799999999999997
1.2000000000000028
-0.7999999999999972
1.2000000000000028
-4.799999999999997
-2.799999999999997
149.2
-11.799999999999997
0.20000000000000284
-2.799999999999997
4.200000000000003
-3.799999999999997
-0.7999999999999972
-2.799999999999997
-0.7999999999999972
1.2000000000000028
-0.7999999999999972
469.2
0.20000000000000284
-3.799999999999997
-3.799999999999997
614.2
0.20000000000000284
-5.799999999999997
-3.799999999999997
4.200000000000003
-2.799999999999997
-16.799999999999997
-5.799999999999997
1.2000000000000028
-1.7999999999999972
367.2
1.2000000000000028
-0.7999999999999972
4.200000000000003
-13.799999999999997
-5.799999999999997
2.200000000000003
-4.799999999999997
-6.799999999999997
93.2
-7.799999999999997
3.200000000000003
-30.799999999999997
3.200000000000003
-1.7999999999999972
-0.7999999999999972
-0.7999999999999972
-1.7999999999999972
1.2000000000000028
-5.799999999999997
-0.7999999999999972
2.200000000000003
0.20000000000000284
2.200000000000003
0.20000000000000284
-3.799999999999997
2.200000000000003
0.20000000000000284
2.200000000000003
-8.799999999999997
3.200000000000003
-0.7999999999999972
3.200000000000003
-1.7999999999999972
3.200000000000003
-3.799999999999997
115.2
5.200000000000003
-0.7999999999999972
-1.7999999999999972
-4.799999999999997
-7.799999999999997
-3.799999999999997
-18.799999999999997
1.2000000000000028
0.20000000000000284
2.200000000000003
0.20000000000000284
0.20000000000000284
-0.7999999999999972
-3.799999999999997
0.20000000000000284
-0.7999999999999972
2.200000000000003
0.20000000000000284
-6.799999999999997
-3.799999999999997
2.200000000000003
-5.799999999999997
4.200000000000003
0.20000000000000284
4.200000000000003
-1.7999999999999972
2.200000000000003
3.200000000000003
-3.799999999999997
-0.7999999999999972
2.200000000000003
65.2
5.200000000000003
-0.7999999999999972
2.200000000000003
-0.7999999999999972
2.200000000000003
-8.799999999999997
398.2
-1.7999999999999972
4.200000000000003
-1.7999999999999972
-2.799999999999997
0.20000000000000284
-1.7999999999999972
-3.799999999999997
-0.7999999999999972
2.200000000000003
-1.7999999999999972
2.200000000000003
1.2000000000000028
-0.7999999999999972
-7.799999999999997
-7.799999999999997
-1.7999999999999972
-3.799999999999997
-0.7999999999999972
0.20000000000000284
61.2
76.2
0.20000000000000284
-0.7999999999999972
-8.799999999999997
-0.7999999999999972
-2.799999999999997
-2.799999999999997
-1.7999999999999972
-3.799999999999997
114.2
-0.7999999999999972
-0.7999999999999972
2.200000000000003
0.20000000000000284
-10.799999999999997
31.200000000000003
556.2
-1.7999999999999972
-13.799999999999997
-2.799999999999997
223.2
182.2
-3.799999999999997
-1.7999999999999972
-2.799999999999997
2.200000000000003
125.2
-8.799999999999997
-0.7999999999999972
3.200000000000003
1.2000000000000028
0.20000000000000284
-1.7999999999999972
1.2000000000000028
-8.799999999999997
-4.799999999999997
3.200000000000003
1.2000000000000028
0.20000000000000284
2.200000000000003
0.20000000000000284
-3.799999999999997
87.2
419.2
-3.799999999999997
-5.799999999999997
0.20000000000000284
3.200000000000003
-0.7999999999999972
-0.7999999999999972
2.200000000000003
-12.799999999999997
-0.7999999999999972
-4.799999999999997
64.2
4.200000000000003
0.20000000000000284
0.20000000000000284
0.20000000000000284
0.20000000000000284
-2.799999999999997
-5.799999999999997
-7.799999999999997
88.2
-2.799999999999997
-3.799999999999997
-12.799999999999997
291.2
1.2000000000000028
4.200000000000003
-5.799999999999997
-4.799999999999997
2.200000000000003
-10.799999999999997
-3.799999999999997
2.200000000000003
-3.799999999999997
-3.799999999999997
-2.799999999999997
-6.799999999999997
1.2000000000000028
2.200000000000003
-7.799999999999997
2.200000000000003
-0.7999999999999972
-9.799999999999997
-0.7999999999999972
-0.7999999999999972
-0.7999999999999972
0.20000000000000284
-0.7999999999999972
-3.799999999999997
-2.799999999999997
-1.7999999999999972
-5.799999999999997
-16.799999999999997
140.2
-0.7999999999999972
0.20000000000000284
2.200000000000003
-4.799999999999997
-2.799999999999997
66.2
2.200000000000003
2.200000000000003
4.200000000000003
-2.799999999999997
1.2000000000000028
-13.799999999999997
24.200000000000003
48.2
3.200000000000003
-8.799999999999997
-0.7999999999999972
0.20000000000000284
227.2
480.2
-0.7999999999999972
119.2
1.2000000000000028
3.200000000000003
-13.799999999999997
-7.799999999999997
4.200000000000003
4.200000000000003
-7.799999999999997
-3.799999999999997
0.20000000000000284
3.200000000000003
1.2000000000000028
514.2
-3.799999999999997
0.20000000000000284
0.20000000000000284
-5.799999999999997
2.200000000000003
3.200000000000003
0.20000000000000284
-0.7999999999999972
0.20000000000000284
-2.799999999999997
-3.799999999999997
4.200000000000003
80.2
0.20000000000000284
-1.7999999999999972
-5.799999999999997
-13.799999999999997
-0.7999999999999972
-0.7999999999999972
-2.799999999999997
-0.7999999999999972
1.2000000000000028
-2.799999999999997
-3.799999999999997
1.2000000000000028
-9.799999999999997
0.20000000000000284
6.200000000000003
0.20000000000000284
3.200000000000003
-0.7999999999999972
74.2
2.200000000000003
3.200000000000003
-2.799999999999997
-4.799999999999997
-0.7999999999999972
2.200000000000003
58.2
457.2
-0.7999999999999972
-0.7999999999999972
-3.799999999999997
-17.799999999999997
-4.799999999999997
-0.7999999999999972
-5.799999999999997
-2.799999999999997
348.2
-2.799999999999997
-2.799999999999997
-0.7999999999999972
496.2
-13.799999999999997
-0.7999999999999972
-4.799999999999997
3.200000000000003
-0.7999999999999972
-4.799999999999997
1.2000000000000028
-5.799999999999997
-25.799999999999997
-0.7999999999999972
63.2
-0.7999999999999972
-4.799999999999997
-3.799999999999997
-5.799999999999997
-2.799999999999997
-5.799999999999997
-2.799999999999997
-4.799999999999997
0.20000000000000284
2.200000000000003
-7.799999999999997
-8.799999999999997
4.200000000000003
-3.799999999999997
2.200000000000003
-3.799999999999997
-3.799999999999997
-1.7999999999999972
-2.799999999999997
0.20000000000000284
-2.799999999999997
-0.7999999999999972
1.2000000000000028
-8.799999999999997
-0.7999999999999972
-0.7999999999999972
-0.7999999999999972
-0.7999999999999972
-5.799999999999997
-9.799999999999997
-0.7999999999999972
-1.7999999999999972
0.20000000000000284
-9.799999999999997
128.2
-14.799999999999997
-6.799999999999997
-1.7999999999999972
-4.799999999999997
0.20000000000000284
438.2
3.200000000000003
-1.7999999999999972
0.20000000000000284
0.20000000000000284
-3.799999999999997
-2.799999999999997
3.200000000000003
4.200000000000003
1.2000000000000028
0.20000000000000284
47.2
-5.799999999999997
4.200000000000003
-1.7999999999999972
-0.7999999999999972
-0.7999999999999972
0.20000000000000284
-2.799999999999997
0.20000000000000284
-4.799999999999997
4.200000000000003
-3.799999999999997
2.200000000000003
4.200000000000003
-0.7999999999999972
-0.7999999999999972
-0.7999999999999972
-0.7999999999999972
-4.799999999999997
-7.799999999999997
-0.7999999999999972
0.20000000000000284
-2.799999999999997
0.20000000000000284
-2.799999999999997
-0.7999999999999972
5.200000000000003
-8.799999999999997
2.200000000000003
1.2000000000000028
-7.799999999999997
3.200000000000003
-0.7999999999999972
-1.7999999999999972
-5.799999999999997
-1.7999999999999972
-2.799999999999997
-3.799999999999997
50.2
-0.7999999999999972
-11.799999999999997
-2.799999999999997
2.200000000000003
-4.799999999999997
8.200000000000003
0.20000000000000284
-0.7999999999999972
-2.799999999999997
-0.7999999999999972
158.2
