4.1200000000000045
-4.8799999999999955
0.12000000000000455
-3.8799999999999955
-6.8799999999999955
153.12
-2.8799999999999955
-0.8799999999999955
-0.8799999999999955
-2.8799999999999955
3.1200000000000045
274.12
-2.8799999999999955
80.12
-8.879999999999995
-0.8799999999999955
0.12000000000000455
-2.8799999999999955
-3.8799999999999955
0.12000000000000455
-1.8799999999999955
-0.8799999999999955
-9.879999999999995
3.1200000000000045
-2.8799999999999955
-6.8799999999999955
4.1200000000000045
-6.8799999999999955
51.120000000000005
-3.8799999999999955
4.1200000000000045
148.12
-4.8799999999999955
0.12000000000000455
-3.8799999999999955
2.1200000000000045
-0.8799999999999955
-0.8799999999999955
-0.8799999999999955
-1.8799999999999955
-5.8799999999999955
-2.8799999999999955
3.1200000000000045
0.12000000000000455
-21.879999999999995
-0.8799999999999955
1.1200000000000045
-3.8799999999999955
-9.879999999999995
-8.879999999999995
-2.8799999999999955
2.1200000000000045
3.1200000000000045
-0.8799999999999955
4.1200000000000045
-1.8799999999999955
-2.8799999999999955
1.1200000000000045
0.12000000000000455
-3.8799999999999955
3.1200000000000045
-15.879999999999995
0.12000000000000455
-2.8799999999999955
-1.8799999999999955
-2.8799999999999955
-1.8799999999999955
-5.8799999999999955
2.1200000000000045
-2.8799999999999955
4.1200000000000045
2.1200000000000045
-16.879999999999995
-1.8799999999999955
-2.8799999999999955
0.12000000000000455
-9.879999999999995
-3.8799999999999955
3.1200000000000045
2.1200000000000045
-3.8799999999999955
-0.8799999999999955
-4.8799999999999955
-9.879999999999995
7.1200000000000045
-0.8799999999999955
-0.8799999999999955
-3.8799999999999955
-7.8799999999999955
0.12000000000000455
49.120000000000005
-31.879999999999995
1.1200000000000045
-3.8799999999999955
4.1200000000000045
-7.8799999999999955
0.12000000000000455
-0.8799999999999955
-0.8799999999999955
2.1200000000000045
0.12000000000000455
4.1200000000000045
-10.879999999999995
0.12000000000000455
-1.8799999999999955
104.12
-4.8799999999999955
2.1200000000000045
441.12
208.12
-0.8799999999999955
422.12
-0.8799999999999955
-0.8799999999999955
2.1200000000000045
45.120000000000005
-16.879999999999995
-0.8799999999999955
-7.8799999999999955
4.1200000000000045
-0.8799999999999955
-1.8799999999999955
-0.8799999999999955
-0.8799999999999955
103.12
-1.8799999999999955
2.1200000000000045
-6.8799999999999955
-14.879999999999995
3.1200000000000045
-1.8799999999999955
-6.8799999999999955
-7.8799999999999955
-8.879999999999995
-5.8799999999999955
-0.8799999999999955
-0.8799999999999955
-0.8799999999999955
-2.8799999999999955
177.12
-3.8799999999999955
-3.8799999999999955
-2.8799999999999955
3.1200000000000045
3.1200000000000045
-3.8799999999999955
-4.8799999999999955
-3.8799999999999955
-2.8799999999999955
86.12
-0.8799999999999955
-6.8799999999999955
-4.8799999999999955
4.1200000000000045
-0.8799999999999955
-8.879999999999995
0.12000000000000455
-0.8799999999999955
-1.8799999999999955
0.12000000000000455
-6.8799999999999955
1.1200000000000045
-6.8799999999999955
-3.8799999999999955
-2.8799999999999955
316.12
-5.8799999999999955
-4.8799999999999955
-1.8799999999999955
227.12
-3.8799999999999955
3.1200000000000045
2.1200000000000045
-2.8799999999999955
-4.8799999999999955
260.12
-9.879999999999995
0.12000000000000455
-2.8799999999999955
0.12000000000000455
2.1200000000000045
-1.8799999999999955
-9.879999999999995
-0.8799999999999955
-0.8799999999999955
-1.8799999999999955
-1.8799999999999955
220.12
-20.879999999999995
-0.8799999999999955
4.1200000000000045
347.12
364.12
2.1200000000000045
-2.8799999999999955
29.120000000000005
-0.8799999999999955
-4.8799999999999955
-1.8799999999999955
368.12
-0.8799999999999955
-3.8799999999999955
0.12000000000000455
4.1200000000000045
3.1200000000000045
-13.879999999999995
-2.8799999999999955
-4.8799999999999955
2.1200000000000045
68.12
-4.8799999999999955
4.1200000000000045
266.12
-5.8799999999999955
-2.8799999999999955
0.12000000000000455
0.12000000000000455
-7.8799999999999955
-2.8799999999999955
-0.8799999999999955
26.120000000000005
-13.879999999999995
2.1200000000000045
-1.8799999999999955
0.12000000000000455
278.12
3.1200000000000045
0.12000000000000455
-5.8799999999999955
-3.8799999999999955
28.120000000000005
-6.8799999999999955
-1.8799999999999955
-0.8799999999999955
-3.8799999999999955
0.12000000000000455
-2.8799999999999955
-0.8799999999999955
-2.8799999999999955
-0.8799999999999955
-3.8799999999999955
3.1200000000000045
-0.8799999999999955
-0.8799999999999955
2.1200000000000045
-2.8799999999999955
-0.8799999999999955
-2.8799999999999955
-6.8799999999999955
-0.8799999999999955
-9.879999999999995
-0.8799999999999955
-3.8799999999999955
-13.879999999999995
-1.8799999999999955
6.1200000000000045
-0.8799999999999955
-2.8799999999999955
0.12000000000000455
-15.879999999999995
-5.8799999999999955
-3.8799999999999955
2.1200000000000045
55.120000000000005
-8.879999999999995
-4.8799999999999955
-5.8799999999999955
-3.8799999999999955
247.12
-4.8799999999999955
-15.879999999999995
-3.8799999999999955
3.1200000000000045
3.1200000000000045
2.1200000000000045
4.1200000000000045
3.1200000000000045
-1.8799999999999955
-0.8799999999999955
0.12000000000000455
-3.8799999999999955
0.12000000000000455
0.12000000000000455
-11.879999999999995
-0.8799999999999955
-0.8799999999999955
-0.8799999999999955
-0.8799999999999955
2.1200000000000045
-16.879999999999995
-1.8799999999999955
2.1200000000000045
-1.8799999999999955
58.120000000000005
51.120000000000005
-3.8799999999999955
-5.8799999999999955
-3.8799999999999955
-2.8799999999999955
3.1200000000000045
-4.8799999999999955
-0.8799999999999955
-2.8799999999999955
4.1200000000000045
2.1200000000000045
376.12
2.1200000000000045
-4.8799999999999955
3.1200000000000045
476.12
-0.8799999999999955
2.1200000000000045
0.12000000000000455
4.1200000000000045
0.12000000000000455
29.120000000000005
-1.8799999999999955
-0.8799999999999955
28.120000000000005
-1.8799999999999955
-7.8799999999999955
-2.8799999999999955
-3.8799999999999955
3.1200000000000045
-0.8799999999999955
-1.8799999999999955
2.1200000000000045
-3.8799999999999955
-0.8799999999999955
-1.8799999999999955
-4.8799999999999955
-5.8799999999999955
-2.8799999999999955
25.120000000000005
-15.879999999999995
-3.8799999999999955
0.12000000000000455
-5.8799999999999955
-14.879999999999995
7.1200000000000045
0.12000000000000455
-2.8799999999999955
-4.8799999999999955
-0.8799999999999955
-7.8799999999999955
0.12000000000000455
-6.8799999999999955
-8.879999999999995
2.1200000000000045
-7.8799999999999955
32.120000000000005
-0.8799999999999955
-3.8799999999999955
-0.8799999999999955
0.12000000000000455
0.12000000000000455
-2.8799999999999955
154.12
4.1200000000000045
-1.8799999999999955
0.12000000000000455
0.12000000000000455
0.12000000000000455
-1.8799999999999955
3.1200000000000045
106.12
-2.8799999999999955
-3.8799999999999955
-1.8799999999999955
-2.8799999999999955
-0.8799999999999955
-3.8799999999999955
-4.8799999999999955
-2.8799999999999955
-31.879999999999995
-3.8799999999999955
-2.8799999999999955
-0.8799999999999955
-4.8799999999999955
4.1200000000000045
4.1200000000000045
3.1200000000000045
-4.8799999999999955
4.1200000000000045
-3.8799999999999955
0.12000000000000455
-2.8799999999999955
78.12
-11.879999999999995
-3.8799999999999955
109.12
-2.8799999999999955
-8.879999999999995
-5.8799999999999955
-5.8799999999999955
-6.8799999999999955
-8.879999999999995
-1.8799999999999955
-0.8799999999999955
-12.879999999999995
20.120000000000005
-2.8799999999999955
-2.8799999999999955
-1.8799999999999955
-2.8799999999999955
-3.8799999999999955
-0.8799999999999955
-3.8799999999999955
-3.8799999999999955
2.1200000000000045
376.12
-0.8799999999999955
1.1200000000000045
-2.8799999999999955
-0.8799999999999955
-39.879999999999995
39.120000000000005
0.12000000000000455
-0.8799999999999955
-2.8799999999999955
-0.8799999999999955
-18.879999999999995
-2.8799999999999955
-1.8799999999999955
-0.8799999999999955
-0.8799999999999955
-2.8799999999999955
-25.879999999999995
-1.8799999999999955
2.1200000000000045
0.12000000000000455
2.1200000000000045
-3.8799999999999955
-0.8799999999999955
-1.8799999999999955
-0.8799999999999955
-18.879999999999995
-10.879999999999995
-6.8799999999999955
2.1200000000000045
-0.8799999999999955
-2.8799999999999955
-3.8799999999999955
0.12000000000000455
-1.8799999999999955
-2.8799999999999955
-4.8799999999999955
-3.8799999999999955
-4.8799999999999955
-0.8799999999999955
-12.879999999999995
-7.8799999999999955
3.1200000000000045
-3.8799999999999955
2.1200000000000045
-3.8799999999999955
0.12000000000000455
-5.8799999999999955
-15.879999999999995
-4.8799999999999955
0.12000000000000455
-1.8799999999999955
-5.8799999999999955
-3.8799999999999955
-0.8799999999999955
-2.8799999999999955
303.12
-3.8799999999999955
-3.8799999999999955
-0.8799999999999955
2.1200000000000045
-0.8799999999999955
-7.8799999999999955
2.1200000000000045
-1.8799999999999955
1.1200000000000045
0.12000000000000455
0.12000000000000455
1.1200000000000045
-0.8799999999999955
214.12
-3.8799999999999955
-1.8799999999999955
-3.8799999999999955
-0.8799999999999955
6.1200000000000045
300.12
3.1200000000000045
-3.8799999999999955
4.1200000000000045
0.12000000000000455
2.1200000000000045
-0.8799999999999955
-4.8799999999999955
-0.8799999999999955
148.12
0.12000000000000455
-0.8799999999999955
-9.879999999999995
-0.8799999999999955
1.1200000000000045
2.1200000000000045
0.12000000000000455
2.1200000000000045
-1.8799999999999955
2.1200000000000045
-6.8799999999999955
0.12000000000000455
-3.8799999999999955
0.12000000000000455
335.12
3.1200000000000045
-2.8799999999999955
52.120000000000005
4.1200000000000045
4.1200000000000045
-4.8799999999999955
10.120000000000005
52.120000000000005
-2.8799999999999955
-2.8799999999999955
-0.8799999999999955
284.12
-0.8799999999999955
0.12000000000000455
6.1200000000000045
2.1200000000000045
-1.8799999999999955
-0.8799999999999955
-1.8799999999999955
2.1200000000000045
-1.8799999999999955
-2.8799999999999955
3.1200000000000045
0.12000000000000455
-2.8799999999999955
-1.8799999999999955
-2.8799999999999955
-7.8799999999999955
-9.879999999999995
-2.8799999999999955
-3.8799999999999955
226.12
-1.8799999999999955
4.1200000000000045
-3.8799999999999955
-4.8799999999999955
5.1200000000000045
-0.8799999999999955
-4.8799999999999955
-0.8799999999999955
1.1200000000000045
-3.8799999999999955
-7.8799999999999955
4.1200000000000045
209.12
-15.879999999999995
-8.879999999999995
2.1200000000000045
0.12000000000000455
-0.8799999999999955
-1.8799999999999955
0.12000000000000455
31.120000000000005
-1.8799999999999955
-11.879999999999995
-3.8799999999999955
-2.8799999999999955
-2.8799999999999955
1.1200000000000045
4.1200000000000045
2.1200000000000045
1.1200000000000045
167.12
-2.8799999999999955
-1.8799999999999955
72.12
3.1200000000000045
3.1200000000000045
-3.8799999999999955
-3.8799999999999955
3.1200000000000045
-4.8799999999999955
-3.8799999999999955
-0.8799999999999955
-4.8799999999999955
115.12
287.12
-4.8799999999999955
-11.879999999999995
4.1200000000000045
-1.8799999999999955
-1.8799999999999955
-0.8799999999999955
-0.8799999999999955
-30.879999999999995
52.120000000000005
2.1200000000000045
0.12000000000000455
-11.879999999999995
-2.8799999999999955
0.12000000000000455
-6.8799999999999955
2.1200000000000045
-2.8799999999999955
-3.8799999999999955
2.1200000000000045
-10.879999999999995
-0.8799999999999955
-0.8799999999999955
-12.879999999999995
-1.8799999999999955
-2.8799999999999955
0.12000000000000455
1.1200000000000045
-3.8799999999999955
-1.8799999999999955
55.120000000000005
-3.8799999999999955
-4.8799999999999955
-3.8799999999999955
-1.8799999999999955
-3.8799999999999955
-4.8799999999999955
25.120000000000005
-3.8799999999999955
-2.8799999999999955
2.1200000000000045
2.1200000000000045
-0.8799999999999955
-0.8799999999999955
-4.8799999999999955
4.1200000000000045
255.12
-0.8799999999999955
0.12000000000000455
-0.8799999999999955
-10.879999999999995
-2.8799999999999955
3.1200000000000045
-2.8799999999999955
-5.8799999999999955
-0.8799999999999955
51.120000000000005
-14.879999999999995
-0.8799999999999955
-6.8799999999999955
-4.8799999999999955
3.1200000000000045
-0.8799999999999955
-2.8799999999999955
-0.8799999999999955
4.1200000000000045
4.1200000000000045
-3.8799999999999955
26.120000000000005
2.1200000000000045
0.12000000000000455
-1.8799999999999955
-7.8799999999999955
1.1200000000000045
0.12000000000000455
-4.8799999999999955
295.12
3.1200000000000045
-2.8799999999999955
-9.879999999999995
-2.8799999999999955
4.1200000000000045
-0.8799999999999955
0.12000000000000455
2.1200000000000045
-4.8799999999999955
3.1200000000000045
-2.8799999999999955
-8.879999999999995
-0.8799999999999955
0.12000000000000455
-2.8799999999999955
-12.879999999999995
-1.8799999999999955
-7.8799999999999955
-2.8799999999999955
164.12
-2.8799999999999955
-4.8799999999999955
-8.879999999999995
0.12000000000000455
-2.8799999999999955
-6.8799999999999955
29.120000000000005
83.12
-0.8799999999999955
-2.8799999999999955
-3.8799999999999955
6.1200000000000045
0.12000000000000455
-3.8799999999999955
143.12
119.12
4.1200000000000045
-6.8799999999999955
-2.8799999999999955
3.1200000000000045
-0.8799999999999955
-1.8799999999999955
-6.8799999999999955
-1.8799999999999955
7.1200000000000045
0.12000000000000455
-4.8799999999999955
-4.8799999999999955
-0.8799999999999955
-0.8799999999999955
-6.8799999999999955
-6.8799999999999955
-3.8799999999999955
-0.8799999999999955
-1.8799999999999955
168.12
1.1200000000000045
4.1200000000000045
-3.8799999999999955
-3.8799999999999955
397.12
2.1200000000000045
-0.8799999999999955
3.1200000000000045
1.1200000000000045
-0.8799999999999955
-3.8799999999999955
4.1200000000000045
-1.8799999999999955
-0.8799999999999955
1.1200000000000045
2.1200000000000045
0.12000000000000455
2.1200000000000045
1.1200000000000045
63.120000000000005
-0.8799999999999955
-2.8799999999999955
2.1200000000000045
-2.8799999999999955
-0.8799999999999955
-3.8799999999999955
6.1200000000000045
-11.879999999999995
-4.8799999999999955
-0.8799999999999955
3.1200000000000045
0.12000000000000455
1.1200000000000045
26.120000000000005
-21.879999999999995
236.12
410.12
-2.8799999999999955
0.12000000000000455
-1.8799999999999955
-12.879999999999995
-1.8799999999999955
-0.8799999999999955
-0.8799999999999955
-0.8799999999999955
-3.8799999999999955
-3.8799999999999955
-10.879999999999995
-8.879999999999995
-1.8799999999999955
-12.879999999999995
-10.879999999999995
-1.8799999999999955
-11.879999999999995
-0.8799999999999955
-3.8799999999999955
3.1200000000000045
1.1200000000000045
3.1200000000000045
0.12000000000000455
4.1200000000000045
-2.8799999999999955
-8.879999999999995
2.1200000000000045
-2.8799999999999955
3.1200000000000045
1.1200000000000045
-3.8799999999999955
6.1200000000000045
-4.8799999999999955
-1.8799999999999955
-0.8799999999999955
2.1200000000000045
-1.8799999999999955
-3.8799999999999955
-5.8799999999999955
-1.8799999999999955
-1.8799999999999955
0.12000000000000455
-0.8799999999999955
2.1200000000000045
-9.879999999999995
344.12
-1.8799999999999955
-3.8799999999999955
3.1200000000000045
-5.8799999999999955
-1.8799999999999955
4.1200000000000045
0.12000000000000455
-9.879999999999995
1.1200000000000045
4.1200000000000045
-5.8799999999999955
-3.8799999999999955
-3.8799999999999955
7.1200000000000045
-0.8799999999999955
6.1200000000000045
-8.879999999999995
2.1200000000000045
269.12
-9.879999999999995
-2.8799999999999955
-2.8799999999999955
-2.8799999999999955
3.1200000000000045
-0.8799999999999955
0.12000000000000455
4.1200000000000045
4.1200000000000045
-8.879999999999995
-2.8799999999999955
-5.8799999999999955
-0.8799999999999955
4.1200000000000045
3.1200000000000045
84.12
-8.879999999999995
-1.8799999999999955
4.1200000000000045
2.1200000000000045
-27.879999999999995
-0.8799999999999955
-1.8799999999999955
2.1200000000000045
-9.879999999999995
3.1200000000000045
0.12000000000000455
45.120000000000005
-0.8799999999999955
4.1200000000000045
0.12000000000000455
3.1200000000000045
2.1200000000000045
-0.8799999999999955
1.1200000000000045
2.1200000000000045
3.1200000000000045
-7.8799999999999955
4.1200000000000045
-3.8799999999999955
-1.8799999999999955
-5.8799999999999955
-1.8799999999999955
-3.8799999999999955
-5.8799999999999955
-1.8799999999999955
138.12
-2.8799999999999955
-2.8799999999999955
-1.8799999999999955
-6.8799999999999955
-5.8799999999999955
-3.8799999999999955
2.1200000000000045
-2.8799999999999955
-3.8799999999999955
-2.8799999999999955
-0.8799999999999955
-4.8799999999999955
4.1200000000000045
-3.8799999999999955
147.12
28.120000000000005
-0.8799999999999955
-3.8799999999999955
-3.8799999999999955
-2.8799999999999955
-0.8799999999999955
-0.8799999999999955
-0.8799999999999955
-3.8799999999999955
-7.8799999999999955
-7.8799999999999955
-1.8799999999999955
-3.8799999999999955
-0.8799999999999955
-7.8799999999999955
-3.8799999999999955
-17.879999999999995
-3.8799999999999955
-1.8799999999999955
2.1200000000000045
-0.8799999999999955
1.1200000000000045
-0.8799999999999955
-0.8799999999999955
-0.8799999999999955
-0.8799999999999955
-12.879999999999995
-0.8799999999999955
-3.8799999999999955
0.12000000000000455
-5.8799999999999955
-5.8799999999999955
-10.879999999999995
2.1200000000000045
0.12000000000000455
0.12000000000000455
-3.8799999999999955
-3.8799999999999955
6.1200000000000045
5.1200000000000045
0.12000000000000455
-1.8799999999999955
-0.8799999999999955
-0.8799999999999955
-9.879999999999995
7.1200000000000045
-0.8799999999999955
-8.879999999999995
-4.8799999999999955
5.1200000000000045
0.12000000000000455
-2.8799999999999955
-3.8799999999999955
226.12
4.1200000000000045
-0.8799999999999955
493.12
-0.8799999999999955
2.1200000000000045
-4.8799999999999955
-3.8799999999999955
1.1200000000000045
-3.8799999999999955
2.1200000000000045
-12.879999999999995
9.120000000000005
-0.8799999999999955
-3.8799999999999955
-3.8799999999999955
-1.8799999999999955
-6.8799999999999955
-4.8799999999999955
-0.8799999999999955
-6.8799999999999955
-2.8799999999999955
-3.8799999999999955
-2.8799999999999955
2.1200000000000045
-1.8799999999999955
0.12000000000000455
-8.879999999999995
-3.8799999999999955
6.1200000000000045
7.1200000000000045
-8.879999999999995
-9.879999999999995
-1.8799999999999955
-3.8799999999999955
-3.8799999999999955
192.12
-4.8799999999999955
-4.8799999999999955
-0.8799999999999955
-3.8799999999999955
244.12
-10.879999999999995
-7.8799999999999955
4.1200000000000045
-8.879999999999995
6.1200000000000045
-5.8799999999999955
-2.8799999999999955
3.1200000000000045
-2.8799999999999955
-0.8799999999999955
-0.8799999999999955
-0.8799999999999955
-11.879999999999995
4.1200000000000045
-0.8799999999999955
-0.8799999999999955
3.1200000000000045
-0.8799999999999955
-3.8799999999999955
-0.8799999999999955
-1.8799999999999955
-0.8799999999999955
-5.8799999999999955
-0.8799999999999955
-4.8799999999999955
1.1200000000000045
2.1200000000000045
-3.8799999999999955
-0.8799999999999955
-0.8799999999999955
78.12
-2.8799999999999955
-0.8799999999999955
2.1200000000000045
96.12
-5.8799999999999955
-1.8799999999999955
-3.8799999999999955
-3.8799999999999955
30.120000000000005
2.1200000000000045
-8.879999999999995
-3.8799999999999955
0.12000000000000455
51.120000000000005
5.1200000000000045
-11.879999999999995
3.1200000000000045
-6.8799999999999955
-37.879999999999995
39.120000000000005
-2.8799999999999955
-4.8799999999999955
3.1200000000000045
4.1200000000000045
-16.879999999999995
1.1200000000000045
-0.8799999999999955
102.12
-2.8799999999999955
-4.8799999999999955
-1.8799999999999955
-7.8799999999999955
-7.8799999999999955
-1.8799999999999955
-7.8799999999999955
3.1200000000000045
-0.8799999999999955
-6.8799999999999955
-0.8799999999999955
-0.8799999999999955
27.120000000000005
241.12
0.12000000000000455
-9.879999999999995
54.120000000000005
-16.879999999999995
64.12
-1.8799999999999955
-0.8799999999999955
-4.8799999999999955
4.1200000000000045
3.1200000000000045
66.12
0.12000000000000455
4.1200000000000045
3.1200000000000045
4.1200000000000045
0.12000000000000455
-2.8799999999999955
2.1200000000000045
230.12
-7.8799999999999955
-1.8799999999999955
-5.8799999999999955
-0.8799999999999955
-4.8799999999999955
-0.8799999999999955
2.1200000000000045
2.1200000000000045
0.12000000000000455
-1.8799999999999955
-3.8799999999999955
253.12
-0.8799999999999955
-1.8799999999999955
-2.8799999999999955
2.1200000000000045
2.1200000000000045
-1.8799999999999955
-5.8799999999999955
-0.8799999999999955
0.12000000000000455
216.12
-3.8799999999999955
-1.8799999999999955
3.1200000000000045
2.1200000000000045
-8.879999999999995
3.1200000000000045
-4.8799999999999955
80.12
-2.8799999999999955
-4.8799999999999955
-1.8799999999999955
1.1200000000000045
-0.8799999999999955
0.12000000000000455
-9.879999999999995
-0.8799999999999955
123.12
6.1200000000000045
-0.8799999999999955
-0.8799999999999955
0.12000000000000455
107.12
2.1200000000000045
-7.8799999999999955
-4.8799999999999955
-7.8799999999999955
0.12000000000000455
-3.8799999999999955
0.12000000000000455
-1.8799999999999955
-2.8799999999999955
-6.8799999999999955
-0.8799999999999955
-1.8799999999999955
275.12
4.1200000000000045
-0.8799999999999955
-2.8799999999999955
-5.8799999999999955
-2.8799999999999955
-0.8799999999999955
-3.8799999999999955
-6.8799999999999955
3.1200000000000045
-5.8799999999999955
2.1200000000000045
-1.8799999999999955
1.1200000000000045
-3.8799999999999955
-2.8799999999999955
0.12000000000000455
2.1200000000000045
30.120000000000005
0.12000000000000455
4.1200000000000045
62.120000000000005
-2.8799999999999955
-0.8799999999999955
0.12000000000000455
2.1200000000000045
-8.879999999999995
-3.8799999999999955
2.1200000000000045
-1.8799999999999955
3.1200000000000045
-0.8799999999999955
3.1200000000000045
74.12
-1.8799999999999955
-0.8799999999999955
-11.879999999999995
-3.8799999999999955
-0.8799999999999955
-2.8799999999999955
4.1200000000000045
3.1200000000000045
0.12000000000000455
7.1200000000000045
4.1200000000000045
-3.8799999999999955
-3.8799999999999955
-3.8799999999999955
6.1200000000000045
-0.8799999999999955
-3.8799999999999955
-6.8799999999999955
-2.8799999999999955
-3.8799999999999955
117.12
-3.8799999999999955
2.1200000000000045
-3.8799999999999955
-3.8799999999999955
-3.8799999999999955
100.12
-5.8799999999999955
1.1200000000000045
-2.8799999999999955
-4.8799999999999955
-0.8799999999999955
-0.8799999999999955
0.12000000000000455
2.1200000000000045
396.12
-2.8799999999999955
-2.8799999999999955
-7.8799999999999955
5.1200000000000045
-3.8799999999999955
-0.8799999999999955
-0.8799999999999955
80.12
333.12
4.1200000000000045
-4.8799999999999955
1.1200000000000045
-2.8799999999999955
-3.8799999999999955
3.1200000000000045
-3.8799999999999955
0.12000000000000455
-1.8799999999999955
-2.8799999999999955
-0.8799999999999955
3.1200000000000045
0.12000000000000455
0.12000000000000455
-2.8799999999999955
-3.8799999999999955
4.1200000000000045
-1.8799999999999955
-4.8799999999999955
-0.8799999999999955
-1.8799999999999955
28.120000000000005
0.12000000000000455
-4.8799999999999955
-0.8799999999999955
-6.8799999999999955
-4.8799999999999955
2.1200000000000045
87.12
1.1200000000000045
-0.8799999999999955
-3.8799999999999955
-5.8799999999999955
-3.8799999999999955
56.120000000000005
2.1200000000000045
-0.8799999999999955
-3.8799999999999955
4.1200000000000045
49.120000000000005
0.12000000000000455
-7.8799999999999955
3.1200000000000045
-2.8799999999999955
-0.8799999999999955
4.1200000000000045
477.12
32.120000000000005
-1.8799999999999955
-12.879999999999995
53.120000000000005
-0.8799999999999955
3.1200000000000045
-0.8799999999999955
-0.8799999999999955
-7.8799999999999955
-1.8799999999999955
-1.8799999999999955
-0.8799999999999955
-0.8799999999999955
-2.8799999999999955
-2.8799999999999955
2.1200000000000045
-1.8799999999999955
0.12000000000000455
-2.8799999999999955
498.12
0.12000000000000455
-3.8799999999999955
3.1200000000000045
-1.8799999999999955
0.12000000000000455
3.1200000000000045
0.12000000000000455
-4.8799999999999955
-3.8799999999999955
-8.879999999999995
-1.8799999999999955
-3.8799999999999955
-2.8799999999999955
-25.879999999999995
0.12000000000000455
-4.8799999999999955
-0.8799999999999955
-0.8799999999999955
-0.8799999999999955
-16.879999999999995
188.12
-3.8799999999999955
-0.8799999999999955
-3.8799999999999955
52.120000000000005
-0.8799999999999955
-1.8799999999999955
-11.879999999999995
-3.8799999999999955
2.1200000000000045
0.12000000000000455
-5.8799999999999955
-1.8799999999999955
-8.879999999999995
0.12000000000000455
-30.879999999999995
2.1200000000000045
-5.8799999999999955
-5.8799999999999955
-3.8799999999999955
-3.8799999999999955
-1.8799999999999955
-4.8799999999999955
-0.8799999999999955
2.1200000000000045
-0.8799999999999955
3.1200000000000045
2.1200000000000045
-2.8799999999999955
-1.8799999999999955
67.12
6.1200000000000045
-11.879999999999995
-3.8799999999999955
-2.8799999999999955
-1.8799999999999955
0.12000000000000455
0.12000000000000455
346.12
-0.8799999999999955
1.1200000000000045
-1.8799999999999955
-4.8799999999999955
1.1200000000000045
2.1200000000000045
-7.8799999999999955
-15.879999999999995
-0.8799999999999955
-7.8799999999999955
-6.8799999999999955
0.12000000000000455
-1.8799999999999955
-2.8799999999999955
-2.8799999999999955
-3.8799999999999955
-0.8799999999999955
-2.8799999999999955
1.1200000000000045
-8.879999999999995
-3.8799999999999955
2.1200000000000045
-2.8799999999999955
-0.8799999999999955
-0.8799999999999955
71.12
-5.8799999999999955
-1.8799999999999955
1.1200000000000045
0.12000000000000455
-0.8799999999999955
5.1200000000000045
2.1200000000000045
-3.8799999999999955
-3.8799999999999955
0.12000000000000455
-2.8799999999999955
-2.8799999999999955
-4.8799999999999955
-1.8799999999999955
396.12
3.1200000000000045
-4.8799999999999955
-0.8799999999999955
0.12000000000000455
-3.8799999999999955
0.12000000000000455
346.12
-3.8799999999999955
3.1200000000000045
-1.8799999999999955
162.12
-0.8799999999999955
-2.8799999999999955
-3.8799999999999955
-1.8799999999999955
-0.8799999999999955
1.1200000000000045
0.12000000000000455
1.1200000000000045
0.12000000000000455
50.120000000000005
-3.8799999999999955
-4.8799999999999955
-2.8799999999999955
3.1200000000000045
-2.8799999999999955
0.12000000000000455
-2.8799999999999955
251.12
23.120000000000005
-3.8799999999999955
-0.8799999999999955
-0.8799999999999955
-9.879999999999995
34.120000000000005
-19.879999999999995
-9.879999999999995
-9.879999999999995
-3.8799999999999955
-0.8799999999999955
0.12000000000000455
-8.879999999999995
0.12000000000000455
-1.8799999999999955
-3.8799999999999955
-3.8799999999999955
-7.8799999999999955
-7.8799999999999955
-2.8799999999999955
-1.8799999999999955
3.1200000000000045
-2.8799999999999955
3.1200000000000045
-5.8799999999999955
-3.8799999999999955
0.12000000000000455
-1.8799999999999955
-2.8799999999999955
2.1200000000000045
-3.8799999999999955
-2.8799999999999955
-4.8799999999999955
-3.8799999999999955
-3.8799999999999955
405.12
3.1200000000000045
0.12000000000000455
-2.8799999999999955
-0.8799999999999955
-1.8799999999999955
379.12
2.1200000000000045
-5.8799999999999955
27.120000000000005
-2.8799999999999955
-2.8799999999999955
-2.8799999999999955
-1.8799999999999955
-2.8799999999999955
-3.8799999999999955
-4.8799999999999955
-4.8799999999999955
-0.8799999999999955
-3.8799999999999955
-6.8799999999999955
-10.879999999999995
-0.8799999999999955
-0.8799999999999955
53.120000000000005
-6.8799999999999955
-4.8799999999999955
-2.8799999999999955
446.12
-2.8799999999999955
0.12000000000000455
-0.8799999999999955
-0.8799999999999955
10.120000000000005
-5.8799999999999955
0.12000000000000455
-0.8799999999999955
82.12
-2.8799999999999955
2.1200000000000045
-15.879999999999995
-0.8799999999999955
-0.8799999999999955
2.1200000000000045
-3.8799999999999955
-6.8799999999999955
2.1200000000000045
-1.8799999999999955
-2.8799999999999955
-3.8799999999999955
-13.879999999999995
1.1200000000000045
-4.8799999999999955
-0.8799999999999955
-0.8799999999999955
-3.8799999999999955
-6.8799999999999955
-0.8799999999999955
-0.8799999999999955
-2.8799999999999955
-0.8799999999999955
-1.8799999999999955
50.120000000000005
-13.879999999999995
29.120000000000005
-1.8799999999999955
296.12
-8.879999999999995
-0.8799999999999955
0.12000000000000455
101.12
-11.879999999999995
-2.8799999999999955
-0.8799999999999955
6.1200000000000045
7.1200000000000045
-16.879999999999995
-0.8799999999999955
-1.8799999999999955
0.12000000000000455
-3.8799999999999955
-3.8799999999999955
79.12
2.1200000000000045
-2.8799999999999955
-12.879999999999995
326.12
0.12000000000000455
0.12000000000000455
0.12000000000000455
-2.8799999999999955
4.1200000000000045
-3.8799999999999955
-3.8799999999999955
-0.8799999999999955
-0.8799999999999955
348.12
0.12000000000000455
0.12000000000000455
-2.8799999999999955
-4.8799999999999955
-11.879999999999995
-3.8799999999999955
68.12
-1.8799999999999955
1.1200000000000045
1.1200000000000045
-2.8799999999999955
-0.8799999999999955
2.1200000000000045
51.120000000000005
-4.8799999999999955
-0.8799999999999955
3.1200000000000045
101.12
1.1200000000000045
0.12000000000000455
-5.8799999999999955
96.12
4.1200000000000045
-3.8799999999999955
-0.8799999999999955
3.1200000000000045
0.12000000000000455
4.1200000000000045
-11.879999999999995
-1.8799999999999955
2.1200000000000045
208.12
-14.879999999999995
-6.8799999999999955
-0.8799999999999955
400.12
-5.8799999999999955
-3.8799999999999955
1.1200000000000045
-2.8799999999999955
3.1200000000000045
-12.879999999999995
-14.879999999999995
-0.8799999999999955
-2.8799999999999955
-1.8799999999999955
0.12000000000000455
0.12000000000000455
0.12000000000000455
-1.8799999999999955
-23.879999999999995
-3.8799999999999955
4.1200000000000045
-0.8799999999999955
-10.879999999999995
0.12000000000000455
-7.8799999999999955
-0.8799999999999955
-3.8799999999999955
66.12
-9.879999999999995
-2.8799999999999955
-2.8799999999999955
381.12
405.12
0.12000000000000455
-3.8799999999999955
0.12000000000000455
-4.8799999999999955
2.1200000000000045
-3.8799999999999955
59.120000000000005
-0.8799999999999955
-3.8799999999999955
-1.8799999999999955
-0.8799999999999955
-10.879999999999995
-2.8799999999999955
-3.8799999999999955
-4.8799999999999955
-2.8799999999999955
-0.8799999999999955
-9.879999999999995
0.12000000000000455
-4.8799999999999955
-1.8799999999999955
-8.879999999999995
3.1200000000000045
-15.879999999999995
-8.879999999999995
-2.8799999999999955
-7.8799999999999955
-0.8799999999999955
-10.879999999999995
3.1200000000000045
2.1200000000000045
-3.8799999999999955
-3.8799999999999955
-2.8799999999999955
-3.8799999999999955
60.120000000000005
-1.8799999999999955
100.12
0.12000000000000455
0.12000000000000455
364.12
3.1200000000000045
190.12
-0.8799999999999955
2.1200000000000045
-3.8799999999999955
-4.8799999999999955
6.1200000000000045
212.12
3.1200000000000045
0.12000000000000455
3.1200000000000045
4.1200000000000045
3.1200000000000045
2.1200000000000045
2.1200000000000045
-3.8799999999999955
-3.8799999999999955
-3.8799999999999955
-1.8799999999999955
4.1200000000000045
85.12
-0.8799999999999955
4.1200000000000045
-3.8799999999999955
2.1200000000000045
-4.8799999999999955
4.1200000000000045
3.1200000000000045
3.1200000000000045
-4.8799999999999955
-0.8799999999999955
-0.8799999999999955
292.12
-2.8799999999999955
-4.8799999999999955
-0.8799999999999955
-5.8799999999999955
-3.8799999999999955
-11.879999999999995
-5.8799999999999955
3.1200000000000045
299.12
3.1200000000000045
67.12
-1.8799999999999955
-4.8799999999999955
2.1200000000000045
2.1200000000000045
