4.560000000000002
-3.4399999999999977
2.5600000000000023
-4.439999999999998
-5.439999999999998
-1.4399999999999977
120.56
-2.4399999999999977
-4.439999999999998
2.5600000000000023
-0.4399999999999977
-9.439999999999998
-4.439999999999998
-0.4399999999999977
-5.439999999999998
-5.439999999999998
2.5600000000000023
50.56
-2.4399999999999977
0.5600000000000023
-4.439999999999998
-0.4399999999999977
-12.439999999999998
3.5600000000000023
-5.439999999999998
-7.439999999999998
3.5600000000000023
-2.4399999999999977
-4.439999999999998
-6.439999999999998
3.5600000000000023
-3.4399999999999977
2.5600000000000023
-3.4399999999999977
3.5600000000000023
-4.439999999999998
-2.4399999999999977
-4.439999999999998
5.560000000000002
-2.4399999999999977
4.560000000000002
-3.4399999999999977
0.5600000000000023
-0.4399999999999977
-21.439999999999998
5.560000000000002
1.5600000000000023
-4.439999999999998
-15.439999999999998
-7.439999999999998
50.56
2.5600000000000023
-0.4399999999999977
159.56
47.56
51.56
-8.439999999999998
1.5600000000000023
1.5600000000000023
91.56
1.5600000000000023
-13.439999999999998
-0.4399999999999977
-7.439999999999998
-0.4399999999999977
-0.4399999999999977
2.5600000000000023
-5.439999999999998
53.56
-3.4399999999999977
48.56
53.56
-11.439999999999998
46.56
53.56
0.5600000000000023
-13.439999999999998
-3.4399999999999977
61.56
-2.4399999999999977
-0.4399999999999977
-0.4399999999999977
-6.439999999999998
-3.4399999999999977
48.56
1.5600000000000023
4.560000000000002
0.5600000000000023
0.5600000000000023
-5.439999999999998
4.560000000000002
-29.439999999999998
0.5600000000000023
-4.439999999999998
4.560000000000002
-9.439999999999998
6.560000000000002
55.56
1.5600000000000023
57.56
-0.4399999999999977
1.5600000000000023
-1.4399999999999977
-5.439999999999998
80.56
-2.4399999999999977
54.56
4.560000000000002
-11.439999999999998
2.5600000000000023
2.5600000000000023
-15.439999999999998
50.56
61.56
-0.4399999999999977
-7.439999999999998
-8.439999999999998
58.56
-3.4399999999999977
-0.4399999999999977
0.5600000000000023
-1.4399999999999977
3.5600000000000023
53.56
-3.4399999999999977
51.56
0.5600000000000023
-4.439999999999998
-17.439999999999998
53.56
1.5600000000000023
425.56
-9.439999999999998
-7.439999999999998
-1.4399999999999977
-0.4399999999999977
2.5600000000000023
57.56
-1.4399999999999977
4.560000000000002
-1.4399999999999977
-6.439999999999998
-4.439999999999998
44.56
1.5600000000000023
-0.4399999999999977
-7.439999999999998
-3.4399999999999977
-3.4399999999999977
-0.4399999999999977
-5.439999999999998
-11.439999999999998
408.56
-1.4399999999999977
-0.4399999999999977
-3.4399999999999977
50.56
66.56
0.5600000000000023
-1.4399999999999977
57.56
0.5600000000000023
54.56
1.5600000000000023
3.5600000000000023
-13.439999999999998
-3.4399999999999977
8.560000000000002
84.56
-4.439999999999998
-1.4399999999999977
57.56
-2.4399999999999977
49.56
-1.4399999999999977
-5.439999999999998
-6.439999999999998
91.56
-1.4399999999999977
0.5600000000000023
56.56
274.56
-5.439999999999998
2.5600000000000023
62.56
-0.4399999999999977
243.56
288.56
-20.439999999999998
-1.4399999999999977
57.56
-5.439999999999998
-2.4399999999999977
-0.4399999999999977
-7.439999999999998
28.560000000000002
-3.4399999999999977
0.5600000000000023
1.5600000000000023
173.56
-5.439999999999998
51.56
-2.4399999999999977
-1.4399999999999977
55.56
-10.439999999999998
-1.4399999999999977
-1.4399999999999977
-1.4399999999999977
1.5600000000000023
-6.439999999999998
2.5600000000000023
-1.4399999999999977
-5.439999999999998
-0.4399999999999977
0.5600000000000023
1.5600000000000023
438.56
-3.4399999999999977
-0.4399999999999977
33.56
-2.4399999999999977
-0.4399999999999977
53.56
1.5600000000000023
-3.4399999999999977
-3.4399999999999977
-1.4399999999999977
-3.4399999999999977
13.560000000000002
25.560000000000002
322.56
-8.439999999999998
0.5600000000000023
0.5600000000000023
-0.4399999999999977
130.56
53.56
-1.4399999999999977
53.56
-3.4399999999999977
5.560000000000002
124.56
-3.4399999999999977
61.56
46.56
-1.4399999999999977
-7.439999999999998
58.56
0.5600000000000023
-10.439999999999998
-0.4399999999999977
49.56
-10.439999999999998
57.56
-0.4399999999999977
57.56
-1.4399999999999977
56.56
-13.439999999999998
-8.439999999999998
2.5600000000000023
80.56
-1.4399999999999977
-10.439999999999998
-3.4399999999999977
-5.439999999999998
-0.4399999999999977
-3.4399999999999977
-4.439999999999998
-12.439999999999998
-0.4399999999999977
58.56
-0.4399999999999977
0.5600000000000023
2.5600000000000023
-1.4399999999999977
-1.4399999999999977
164.56
45.56
-2.4399999999999977
1.5600000000000023
58.56
-11.439999999999998
0.5600000000000023
-1.4399999999999977
-2.4399999999999977
49.56
1.5600000000000023
-14.439999999999998
-3.4399999999999977
50.56
24.560000000000002
-5.439999999999998
2.5600000000000023
-3.4399999999999977
-3.4399999999999977
-1.4399999999999977
-2.4399999999999977
6.560000000000002
50.56
-2.4399999999999977
-5.439999999999998
2.5600000000000023
114.56
-10.439999999999998
-1.4399999999999977
-6.439999999999998
4.560000000000002
-20.439999999999998
0.5600000000000023
6.560000000000002
1.5600000000000023
1.5600000000000023
0.5600000000000023
27.560000000000002
2.5600000000000023
5.560000000000002
30.560000000000002
53.56
-9.439999999999998
0.5600000000000023
150.56
-1.4399999999999977
-1.4399999999999977
49.56
-2.4399999999999977
-3.4399999999999977
-5.439999999999998
-5.439999999999998
-2.4399999999999977
-10.439999999999998
-1.4399999999999977
26.560000000000002
-20.439999999999998
-1.4399999999999977
172.56
-5.439999999999998
-15.439999999999998
43.56
56.56
55.56
261.56
1.5600000000000023
-7.439999999999998
-1.4399999999999977
53.56
-11.439999999999998
205.56
-6.439999999999998
33.56
150.56
4.560000000000002
-1.4399999999999977
-3.4399999999999977
-1.4399999999999977
-4.439999999999998
-5.439999999999998
-3.4399999999999977
114.56
8.560000000000002
-2.4399999999999977
56.56
0.5600000000000023
-5.439999999999998
0.5600000000000023
5.560000000000002
-6.439999999999998
-1.4399999999999977
-3.4399999999999977
-1.4399999999999977
-1.4399999999999977
-7.439999999999998
60.56
-26.439999999999998
-5.439999999999998
2.5600000000000023
-2.4399999999999977
-3.4399999999999977
2.5600000000000023
-0.4399999999999977
2.5600000000000023
51.56
2.5600000000000023
-2.4399999999999977
-1.4399999999999977
-1.4399999999999977
-0.4399999999999977
-7.439999999999998
290.56
45.56
-3.4399999999999977
-6.439999999999998
0.5600000000000023
-0.4399999999999977
-8.439999999999998
-5.439999999999998
50.56
-0.4399999999999977
488.56
23.560000000000002
-2.4399999999999977
5.560000000000002
-5.439999999999998
0.5600000000000023
-2.4399999999999977
0.5600000000000023
56.56
-1.4399999999999977
-2.4399999999999977
-6.439999999999998
0.5600000000000023
4.560000000000002
55.56
3.5600000000000023
-39.44
44.56
2.5600000000000023
61.56
-4.439999999999998
-2.4399999999999977
-14.439999999999998
2.5600000000000023
50.56
-2.4399999999999977
2.5600000000000023
56.56
-24.439999999999998
-0.4399999999999977
-0.4399999999999977
56.56
1.5600000000000023
-3.4399999999999977
4.560000000000002
56.56
0.5600000000000023
-18.439999999999998
-5.439999999999998
-5.439999999999998
57.56
59.56
-5.439999999999998
-3.4399999999999977
-0.4399999999999977
-5.439999999999998
-4.439999999999998
-6.439999999999998
44.56
2.5600000000000023
1.5600000000000023
-10.439999999999998
-0.4399999999999977
57.56
3.5600000000000023
-0.4399999999999977
0.5600000000000023
48.56
-6.439999999999998
-19.439999999999998
215.56
-2.4399999999999977
3.5600000000000023
-11.439999999999998
-2.4399999999999977
2.5600000000000023
-1.4399999999999977
-3.4399999999999977
2.5600000000000023
-1.4399999999999977
53.56
-4.439999999999998
-0.4399999999999977
-12.439999999999998
-3.4399999999999977
-2.4399999999999977
50.56
-0.4399999999999977
4.560000000000002
-2.4399999999999977
6.560000000000002
-6.439999999999998
43.56
-2.4399999999999977
1.5600000000000023
53.56
227.56
-8.439999999999998
-1.4399999999999977
-2.4399999999999977
63.56
66.56
0.5600000000000023
-0.4399999999999977
-4.439999999999998
-0.4399999999999977
-3.4399999999999977
54.56
-3.4399999999999977
-6.439999999999998
-2.4399999999999977
54.56
-2.4399999999999977
53.56
55.56
-3.4399999999999977
58.56
-6.439999999999998
-1.4399999999999977
0.5600000000000023
53.56
-8.439999999999998
-2.4399999999999977
2.5600000000000023
3.5600000000000023
54.56
2.5600000000000023
54.56
-5.439999999999998
-2.4399999999999977
1.5600000000000023
53.56
49.56
-7.439999999999998
-5.439999999999998
-0.4399999999999977
-2.4399999999999977
-3.4399999999999977
57.56
3.5600000000000023
-3.4399999999999977
2.5600000000000023
322.56
2.5600000000000023
0.5600000000000023
49.56
-0.4399999999999977
-0.4399999999999977
5.560000000000002
-7.439999999999998
-12.439999999999998
37.56
0.5600000000000023
0.5600000000000023
112.56
60.56
-2.4399999999999977
-2.4399999999999977
112.56
1.5600000000000023
-9.439999999999998
140.56
-2.4399999999999977
56.56
435.56
2.5600000000000023
-6.439999999999998
505.56
-5.439999999999998
57.56
-1.4399999999999977
-1.4399999999999977
-3.4399999999999977
334.56
27.560000000000002
1.5600000000000023
-15.439999999999998
-5.439999999999998
97.56
57.56
2.5600000000000023
3.5600000000000023
-2.4399999999999977
3.5600000000000023
-6.439999999999998
-1.4399999999999977
0.5600000000000023
2.5600000000000023
90.56
-0.4399999999999977
57.56
-5.439999999999998
52.56
-0.4399999999999977
-5.439999999999998
0.5600000000000023
52.56
-0.4399999999999977
-3.4399999999999977
57.56
-16.439999999999998
-1.4399999999999977
2.5600000000000023
-1.4399999999999977
0.5600000000000023
-3.4399999999999977
-30.439999999999998
-1.4399999999999977
-1.4399999999999977
-4.439999999999998
-7.439999999999998
0.5600000000000023
-1.4399999999999977
-4.439999999999998
-2.4399999999999977
52.56
-3.4399999999999977
57.56
-13.439999999999998
-7.439999999999998
-5.439999999999998
-15.439999999999998
231.56
52.56
-5.439999999999998
2.5600000000000023
-7.439999999999998
-5.439999999999998
1.5600000000000023
312.56
49.56
-1.4399999999999977
51.56
-2.4399999999999977
177.56
26.560000000000002
69.56
-3.4399999999999977
93.56
77.56
0.5600000000000023
-3.4399999999999977
170.56
57.56
-6.439999999999998
55.56
4.560000000000002
0.5600000000000023
-12.439999999999998
-2.4399999999999977
2.5600000000000023
-7.439999999999998
153.56
-2.4399999999999977
2.5600000000000023
-17.439999999999998
52.56
-5.439999999999998
-3.4399999999999977
-2.4399999999999977
120.56
61.56
-3.4399999999999977
2.5600000000000023
2.5600000000000023
-1.4399999999999977
19.560000000000002
-0.4399999999999977
-2.4399999999999977
1.5600000000000023
-10.439999999999998
57.56
-0.4399999999999977
0.5600000000000023
-21.439999999999998
49.56
46.56
-8.439999999999998
0.5600000000000023
3.5600000000000023
54.56
53.56
-2.4399999999999977
-4.439999999999998
-1.4399999999999977
-9.439999999999998
-9.439999999999998
4.560000000000002
53.56
-4.439999999999998
-7.439999999999998
-3.4399999999999977
-2.4399999999999977
-2.4399999999999977
-4.439999999999998
159.56
-2.4399999999999977
-12.439999999999998
1.5600000000000023
-4.439999999999998
-5.439999999999998
30.560000000000002
-1.4399999999999977
-1.4399999999999977
-0.4399999999999977
0.5600000000000023
54.56
-1.4399999999999977
-5.439999999999998
31.560000000000002
-3.4399999999999977
-0.4399999999999977
-5.439999999999998
-2.4399999999999977
53.56
66.56
66.56
-4.439999999999998
-6.439999999999998
1.5600000000000023
-3.4399999999999977
2.5600000000000023
-7.439999999999998
-1.4399999999999977
-2.4399999999999977
-3.4399999999999977
-8.439999999999998
179.56
-1.4399999999999977
53.56
0.5600000000000023
54.56
-4.439999999999998
69.56
-2.4399999999999977
-9.439999999999998
-3.4399999999999977
1.5600000000000023
-0.4399999999999977
-3.4399999999999977
-0.4399999999999977
-4.439999999999998
1.5600000000000023
49.56
-1.4399999999999977
0.5600000000000023
-4.439999999999998
84.56
0.5600000000000023
57.56
-3.4399999999999977
-1.4399999999999977
-0.4399999999999977
-0.4399999999999977
0.5600000000000023
58.56
-5.439999999999998
54.56
524.56
-8.439999999999998
1.5600000000000023
66.56
2.5600000000000023
1.5600000000000023
26.560000000000002
-17.439999999999998
-9.439999999999998
-9.439999999999998
-4.439999999999998
-5.439999999999998
57.56
-13.439999999999998
58.56
2.5600000000000023
82.56
54.56
-2.4399999999999977
5.560000000000002
-3.4399999999999977
355.56
0.5600000000000023
-9.439999999999998
-10.439999999999998
56.56
-7.439999999999998
1.5600000000000023
1.5600000000000023
54.56
-4.439999999999998
-2.4399999999999977
46.56
53.56
-0.4399999999999977
-2.4399999999999977
0.5600000000000023
54.56
2.5600000000000023
141.56
-1.4399999999999977
-11.439999999999998
-6.439999999999998
-2.4399999999999977
-0.4399999999999977
-0.4399999999999977
178.56
-0.4399999999999977
-4.439999999999998
97.56
2.5600000000000023
41.56
1.5600000000000023
0.5600000000000023
-7.439999999999998
-0.4399999999999977
2.5600000000000023
-2.4399999999999977
-0.4399999999999977
-0.4399999999999977
46.56
-2.4399999999999977
59.56
437.56
-3.4399999999999977
-5.439999999999998
-7.439999999999998
-5.439999999999998
-0.4399999999999977
1.5600000000000023
294.56
58.56
-3.4399999999999977
-3.4399999999999977
-3.4399999999999977
461.56
-3.4399999999999977
82.56
-5.439999999999998
56.56
1.5600000000000023
1.5600000000000023
57.56
57.56
-13.439999999999998
-2.4399999999999977
163.56
-3.4399999999999977
51.56
2.5600000000000023
0.5600000000000023
450.56
-2.4399999999999977
55.56
-2.4399999999999977
-30.439999999999998
-1.4399999999999977
50.56
-1.4399999999999977
50.56
5.560000000000002
229.56
69.56
-2.4399999999999977
66.56
-1.4399999999999977
-3.4399999999999977
80.56
0.5600000000000023
1.5600000000000023
-4.439999999999998
-0.4399999999999977
-3.4399999999999977
3.5600000000000023
1.5600000000000023
0.5600000000000023
-3.4399999999999977
-4.439999999999998
-6.439999999999998
-5.439999999999998
-3.4399999999999977
1.5600000000000023
48.56
-1.4399999999999977
-1.4399999999999977
368.56
43.56
0.5600000000000023
-3.4399999999999977
1.5600000000000023
-5.439999999999998
53.56
-5.439999999999998
-2.4399999999999977
-4.439999999999998
2.5600000000000023
275.56
33.56
52.56
-3.4399999999999977
-7.439999999999998
-5.439999999999998
-5.439999999999998
64.56
-1.4399999999999977
342.56
-9.439999999999998
-12.439999999999998
-3.4399999999999977
-10.439999999999998
5.560000000000002
-4.439999999999998
53.56
529.56
55.56
53.56
3.5600000000000023
-1.4399999999999977
1.5600000000000023
-1.4399999999999977
0.5600000000000023
57.56
0.5600000000000023
-11.439999999999998
57.56
55.56
56.56
-9.439999999999998
-0.4399999999999977
-13.439999999999998
56.56
-2.4399999999999977
53.56
-1.4399999999999977
-2.4399999999999977
3.5600000000000023
56.56
-3.4399999999999977
46.56
1.5600000000000023
60.56
-6.439999999999998
52.56
-4.439999999999998
-7.439999999999998
-7.439999999999998
54.56
2.5600000000000023
-2.4399999999999977
-4.439999999999998
-2.4399999999999977
54.56
-6.439999999999998
-19.439999999999998
-2.4399999999999977
0.5600000000000023
51.56
-2.4399999999999977
55.56
1.5600000000000023
-0.4399999999999977
-5.439999999999998
-7.439999999999998
54.56
-1.4399999999999977
-5.439999999999998
8.560000000000002
-5.439999999999998
-4.439999999999998
53.56
-7.439999999999998
53.56
-1.4399999999999977
55.56
0.5600000000000023
-2.4399999999999977
2.5600000000000023
-12.439999999999998
45.56
59.56
77.56
-10.439999999999998
-7.439999999999998
1.5600000000000023
-0.4399999999999977
-2.4399999999999977
39.56
-1.4399999999999977
-3.4399999999999977
-3.4399999999999977
-8.439999999999998
-5.439999999999998
-9.439999999999998
-7.439999999999998
1.5600000000000023
-7.439999999999998
2.5600000000000023
-4.439999999999998
0.5600000000000023
0.5600000000000023
-4.439999999999998
-2.4399999999999977
-0.4399999999999977
95.56
-13.439999999999998
-3.4399999999999977
-0.4399999999999977
51.56
5.560000000000002
1.5600000000000023
-2.4399999999999977
-5.439999999999998
-3.4399999999999977
-3.4399999999999977
-4.439999999999998
53.56
53.56
5.560000000000002
5.560000000000002
53.56
-2.4399999999999977
2.5600000000000023
-3.4399999999999977
3.5600000000000023
2.5600000000000023
2.5600000000000023
-0.4399999999999977
50.56
1.5600000000000023
2.5600000000000023
-9.439999999999998
30.560000000000002
-0.4399999999999977
-13.439999999999998
48.56
2.5600000000000023
2.5600000000000023
0.5600000000000023
-10.439999999999998
2.5600000000000023
54.56
-46.44
41.56
-3.4399999999999977
-6.439999999999998
1.5600000000000023
53.56
-15.439999999999998
-1.4399999999999977
-2.4399999999999977
-0.4399999999999977
1.5600000000000023
2.5600000000000023
60.56
-3.4399999999999977
-3.4399999999999977
51.56
-5.439999999999998
-3.4399999999999977
-4.439999999999998
476.56
-3.4399999999999977
57.56
33.56
-2.4399999999999977
0.5600000000000023
217.56
-2.4399999999999977
-12.439999999999998
-3.4399999999999977
52.56
1.5600000000000023
-0.4399999999999977
-0.4399999999999977
49.56
3.5600000000000023
-5.439999999999998
3.5600000000000023
50.56
-0.4399999999999977
4.560000000000002
0.5600000000000023
-0.4399999999999977
5.560000000000002
-4.439999999999998
2.5600000000000023
-4.439999999999998
-3.4399999999999977
0.5600000000000023
-4.439999999999998
1.5600000000000023
1.5600000000000023
56.56
-1.4399999999999977
51.56
-2.4399999999999977
-5.439999999999998
58.56
50.56
58.56
-1.4399999999999977
52.56
-5.439999999999998
-2.4399999999999977
0.5600000000000023
-3.4399999999999977
-2.4399999999999977
-3.4399999999999977
-4.439999999999998
56.56
-1.4399999999999977
0.5600000000000023
51.56
-2.4399999999999977
-3.4399999999999977
352.56
-5.439999999999998
1.5600000000000023
65.56
-2.4399999999999977
-13.439999999999998
57.56
-1.4399999999999977
3.5600000000000023
53.56
51.56
58.56
-1.4399999999999977
58.56
-6.439999999999998
-5.439999999999998
-7.439999999999998
-3.4399999999999977
-6.439999999999998
50.56
-3.4399999999999977
-0.4399999999999977
-8.439999999999998
57.56
-6.439999999999998
169.56
1.5600000000000023
57.56
-1.4399999999999977
-2.4399999999999977
53.56
-4.439999999999998
-7.439999999999998
-4.439999999999998
57.56
-3.4399999999999977
55.56
56.56
1.5600000000000023
-0.4399999999999977
181.56
-0.4399999999999977
56.56
29.560000000000002
-5.439999999999998
48.56
-1.4399999999999977
-1.4399999999999977
56.56
-0.4399999999999977
1.5600000000000023
-1.4399999999999977
60.56
2.5600000000000023
1.5600000000000023
49.56
114.56
54.56
-3.4399999999999977
55.56
47.56
-9.439999999999998
-5.439999999999998
0.5600000000000023
-0.4399999999999977
2.5600000000000023
-4.439999999999998
0.5600000000000023
53.56
1.5600000000000023
-9.439999999999998
-5.439999999999998
-2.4399999999999977
1.5600000000000023
49.56
60.56
-2.4399999999999977
-1.4399999999999977
-3.4399999999999977
-6.439999999999998
53.56
-1.4399999999999977
-2.4399999999999977
53.56
-1.4399999999999977
48.56
-7.439999999999998
1.5600000000000023
1.5600000000000023
-2.4399999999999977
2.5600000000000023
56.56
2.5600000000000023
51.56
30.560000000000002
-2.4399999999999977
69.56
-7.439999999999998
-1.4399999999999977
-3.4399999999999977
52.56
-1.4399999999999977
-6.439999999999998
-2.4399999999999977
1.5600000000000023
-1.4399999999999977
53.56
1.5600000000000023
-2.4399999999999977
-3.4399999999999977
-6.439999999999998
-1.4399999999999977
55.56
-6.439999999999998
58.56
-2.4399999999999977
61.56
53.56
-1.4399999999999977
-2.4399999999999977
5.560000000000002
306.56
371.56
-7.439999999999998
61.56
29.560000000000002
85.56
-4.439999999999998
46.56
-3.4399999999999977
2.5600000000000023
2.5600000000000023
4.560000000000002
53.56
-2.4399999999999977
124.56
-2.4399999999999977
-5.439999999999998
-0.4399999999999977
3.5600000000000023
3.5600000000000023
54.56
4.560000000000002
4.560000000000002
2.5600000000000023
-9.439999999999998
50.56
0.5600000000000023
-4.439999999999998
2.5600000000000023
-37.44
0.5600000000000023
-0.4399999999999977
-6.439999999999998
-0.4399999999999977
54.56
72.56
42.56
1.5600000000000023
-9.439999999999998
-3.4399999999999977
66.56
56.56
-4.439999999999998
255.56
-7.439999999999998
-1.4399999999999977
-2.4399999999999977
53.56
0.5600000000000023
-22.439999999999998
2.5600000000000023
2.5600000000000023
0.5600000000000023
0.5600000000000023
-2.4399999999999977
-0.4399999999999977
1.5600000000000023
50.56
-2.4399999999999977
-8.439999999999998
45.56
0.5600000000000023
-3.4399999999999977
-26.439999999999998
58.56
-6.439999999999998
-1.4399999999999977
85.56
57.56
-17.439999999999998
-5.439999999999998
0.5600000000000023
0.5600000000000023
-2.4399999999999977
2.5600000000000023
54.56
-2.4399999999999977
-9.439999999999998
-0.4399999999999977
1.5600000000000023
-1.4399999999999977
-9.439999999999998
-2.4399999999999977
-3.4399999999999977
56.56
-26.439999999999998
2.5600000000000023
-6.439999999999998
51.56
-3.4399999999999977
-5.439999999999998
-0.4399999999999977
-3.4399999999999977
-4.439999999999998
-0.4399999999999977
-3.4399999999999977
58.56
-2.4399999999999977
-5.439999999999998
50.56
-0.4399999999999977
54.56
484.56
51.56
2.5600000000000023
116.56
-2.4399999999999977
50.56
-6.439999999999998
-0.4399999999999977
3.5600000000000023
101.56
-4.439999999999998
2.5600000000000023
53.56
-7.439999999999998
-19.439999999999998
-1.4399999999999977
52.56
-1.4399999999999977
-0.4399999999999977
112.56
-1.4399999999999977
63.56
-2.4399999999999977
2.5600000000000023
-1.4399999999999977
0.5600000000000023
-5.439999999999998
-7.439999999999998
-2.4399999999999977
-5.439999999999998
-0.4399999999999977
1.5600000000000023
2.5600000000000023
-2.4399999999999977
-4.439999999999998
-1.4399999999999977
64.56
-2.4399999999999977
69.56
-1.4399999999999977
2.5600000000000023
-4.439999999999998
61.56
-1.4399999999999977
0.5600000000000023
-8.439999999999998
-5.439999999999998
-5.439999999999998
0.5600000000000023
-3.4399999999999977
-2.4399999999999977
-0.4399999999999977
-5.439999999999998
-1.4399999999999977
84.56
56.56
0.5600000000000023
54.56
-3.4399999999999977
1.5600000000000023
371.56
51.56
-2.4399999999999977
-2.4399999999999977
82.56
-1.4399999999999977
2.5600000000000023
-1.4399999999999977
6.560000000000002
-2.4399999999999977
-3.4399999999999977
-3.4399999999999977
3.5600000000000023
-4.439999999999998
1.5600000000000023
306.56
-7.439999999999998
122.56
50.56
54.56
1.5600000000000023
-11.439999999999998
32.56
-24.439999999999998
346.56
-12.439999999999998
0.5600000000000023
-0.4399999999999977
-2.4399999999999977
-3.4399999999999977
302.56
51.56
-4.439999999999998
-5.439999999999998
-9.439999999999998
-1.4399999999999977
52.56
0.5600000000000023
-2.4399999999999977
5.560000000000002
-2.4399999999999977
-10.439999999999998
-0.4399999999999977
0.5600000000000023
-1.4399999999999977
56.56
56.56
-0.4399999999999977
-3.4399999999999977
2.5600000000000023
1.5600000000000023
52.56
-5.439999999999998
122.56
-0.4399999999999977
-2.4399999999999977
-1.4399999999999977
-1.4399999999999977
-9.439999999999998
-1.4399999999999977
-0.4399999999999977
-0.4399999999999977
-4.439999999999998
-5.439999999999998
0.5600000000000023
53.56
1.5600000000000023
-5.439999999999998
-2.4399999999999977
-10.439999999999998
2.5600000000000023
-3.4399999999999977
3.5600000000000023
480.56
-3.4399999999999977
-0.4399999999999977
-1.4399999999999977
-4.439999999999998
-5.439999999999998
-1.4399999999999977
-10.439999999999998
53.56
1.5600000000000023
59.56
-1.4399999999999977
342.56
-4.439999999999998
-1.4399999999999977
-3.4399999999999977
-2.4399999999999977
-1.4399999999999977
-1.4399999999999977
113.56
-0.4399999999999977
326.56
-1.4399999999999977
-3.4399999999999977
1.5600000000000023
2.5600000000000023
-7.439999999999998
49.56
50.56
-17.439999999999998
0.5600000000000023
1.5600000000000023
5.560000000000002
-0.4399999999999977
-0.4399999999999977
-3.4399999999999977
-5.439999999999998
60.56
51.56
60.56
116.56
1.5600000000000023
493.56
26.560000000000002
-1.4399999999999977
-2.4399999999999977
-6.439999999999998
53.56
-1.4399999999999977
0.5600000000000023
-13.439999999999998
57.56
-2.4399999999999977
3.5600000000000023
55.56
-13.439999999999998
-2.4399999999999977
0.5600000000000023
1.5600000000000023
-11.439999999999998
59.56
-3.4399999999999977
-1.4399999999999977
-2.4399999999999977
-8.439999999999998
-10.439999999999998
-1.4399999999999977
1.5600000000000023
-2.4399999999999977
2.5600000000000023
1.5600000000000023
297.56
1.5600000000000023
-1.4399999999999977
-6.439999999999998
-4.439999999999998
2.5600000000000023
-2.4399999999999977
-3.4399999999999977
2.5600000000000023
-11.439999999999998
-11.439999999999998
-4.439999999999998
-1.4399999999999977
-3.4399999999999977
53.56
55.56
3.5600000000000023
-5.439999999999998
0.5600000000000023
-7.439999999999998
-5.439999999999998
56.56
-0.4399999999999977
59.56
-5.439999999999998
-5.439999999999998
0.5600000000000023
56.56
57.56
-3.4399999999999977
-2.4399999999999977
2.5600000000000023
-0.4399999999999977
-11.439999999999998
61.56
51.56
-3.4399999999999977
-19.439999999999998
-3.4399999999999977
83.56
-6.439999999999998
-5.439999999999998
-5.439999999999998
-1.4399999999999977
56.56
2.5600000000000023
-13.439999999999998
-16.439999999999998
2.5600000000000023
0.5600000000000023
-2.4399999999999977
74.56
58.56
0.5600000000000023
0.5600000000000023
563.56
51.56
1.5600000000000023
53.56
-7.439999999999998
53.56
-5.439999999999998
-1.4399999999999977
-9.439999999999998
-2.4399999999999977
-3.4399999999999977
-2.4399999999999977
52.56
-10.439999999999998
-11.439999999999998
1.5600000000000023
0.5600000000000023
53.56
-10.439999999999998
53.56
190.56
-0.4399999999999977
78.56
-2.4399999999999977
-3.4399999999999977
78.56
-6.439999999999998
-0.4399999999999977
-5.439999999999998
-2.4399999999999977
-3.4399999999999977
1.5600000000000023
-9.439999999999998
-5.439999999999998
0.5600000000000023
-0.4399999999999977
-10.439999999999998
-2.4399999999999977
-14.439999999999998
-7.439999999999998
-4.439999999999998
-7.439999999999998
1.5600000000000023
-6.439999999999998
0.5600000000000023
184.56
74.56
53.56
-5.439999999999998
1.5600000000000023
-4.439999999999998
0.5600000000000023
-3.4399999999999977
5.560000000000002
-2.4399999999999977
-4.439999999999998
-1.4399999999999977
-1.4399999999999977
150.56
5.560000000000002
-5.439999999999998
-2.4399999999999977
5.560000000000002
-4.439999999999998
0.5600000000000023
0.5600000000000023
-2.4399999999999977
0.5600000000000023
1.5600000000000023
-2.4399999999999977
-2.4399999999999977
53.56
0.5600000000000023
405.56
-5.439999999999998
55.56
2.5600000000000023
0.5600000000000023
2.5600000000000023
-3.4399999999999977
0.5600000000000023
-3.4399999999999977
-3.4399999999999977
1.5600000000000023
52.56
-2.4399999999999977
1.5600000000000023
54.56
-6.439999999999998
-1.4399999999999977
-2.4399999999999977
-5.439999999999998
-10.439999999999998
-2.4399999999999977
-15.439999999999998
-0.4399999999999977
1.5600000000000023
-2.4399999999999977
7.560000000000002
-2.4399999999999977
54.56
-2.4399999999999977
-0.4399999999999977
-2.4399999999999977
