5.859999999999999
-2.1400000000000006
-2.1400000000000006
-10.14
-6.140000000000001
-2.1400000000000006
-2.1400000000000006
-6.140000000000001
190.86
-3.1400000000000006
-2.1400000000000006
-11.14
-9.14
-3.1400000000000006
216.86
-2.1400000000000006
1.8599999999999994
-6.140000000000001
-3.1400000000000006
0.8599999999999994
-9.14
53.86
388.86
1.8599999999999994
103.86
-4.140000000000001
34.86
-6.140000000000001
-6.140000000000001
-6.140000000000001
4.859999999999999
0.8599999999999994
-0.14000000000000057
-0.14000000000000057
-5.140000000000001
-0.14000000000000057
-4.140000000000001
-4.140000000000001
-2.1400000000000006
-2.1400000000000006
-0.14000000000000057
-0.14000000000000057
-3.1400000000000006
-3.1400000000000006
-18.14
83.86
5.859999999999999
-0.14000000000000057
-5.140000000000001
-9.14
-4.140000000000001
4.859999999999999
1.8599999999999994
-2.1400000000000006
1.8599999999999994
-0.14000000000000057
-10.14
5.859999999999999
117.86
37.86
3.8599999999999994
-10.14
53.86
95.86
61.86
-1.1400000000000006
-2.1400000000000006
-8.14
-0.14000000000000057
-10.14
1.8599999999999994
-11.14
-14.14
-0.14000000000000057
0.8599999999999994
-2.1400000000000006
-14.14
-4.140000000000001
1.8599999999999994
-0.14000000000000057
-0.14000000000000057
0.8599999999999994
-8.14
205.86
-2.1400000000000006
0.8599999999999994
-0.14000000000000057
61.86
-3.1400000000000006
-0.14000000000000057
5.859999999999999
-32.14
-0.14000000000000057
-4.140000000000001
0.8599999999999994
344.86
51.86
1.8599999999999994
-3.1400000000000006
3.8599999999999994
-3.1400000000000006
1.8599999999999994
-5.140000000000001
0.8599999999999994
-7.140000000000001
-1.1400000000000006
-8.14
5.859999999999999
-10.14
-2.1400000000000006
-2.1400000000000006
-15.14
-3.1400000000000006
30.86
0.8599999999999994
-3.1400000000000006
-13.14
1.8599999999999994
-4.140000000000001
2.8599999999999994
-5.140000000000001
-3.1400000000000006
17.86
-1.1400000000000006
-6.140000000000001
0.8599999999999994
257.86
-6.140000000000001
-24.14
-2.1400000000000006
6.859999999999999
-6.140000000000001
-0.14000000000000057
0.8599999999999994
-6.140000000000001
1.8599999999999994
96.86
-0.14000000000000057
-0.14000000000000057
3.8599999999999994
96.86
-3.1400000000000006
-4.140000000000001
1.8599999999999994
-0.14000000000000057
-2.1400000000000006
-3.1400000000000006
-6.140000000000001
-4.140000000000001
-3.1400000000000006
-5.140000000000001
-8.14
-10.14
0.8599999999999994
-7.140000000000001
-7.140000000000001
-10.14
-1.1400000000000006
-0.14000000000000057
-3.1400000000000006
-4.140000000000001
2.8599999999999994
-6.140000000000001
0.8599999999999994
-1.1400000000000006
-11.14
-4.140000000000001
22.86
-2.1400000000000006
-0.14000000000000057
-3.1400000000000006
-2.1400000000000006
101.86
2.8599999999999994
-6.140000000000001
-9.14
-2.1400000000000006
-2.1400000000000006
-1.1400000000000006
-6.140000000000001
0.8599999999999994
-6.140000000000001
-6.140000000000001
-3.1400000000000006
4.859999999999999
-0.14000000000000057
-9.14
-6.140000000000001
-18.14
-1.1400000000000006
-0.14000000000000057
-2.1400000000000006
-0.14000000000000057
0.8599999999999994
-7.140000000000001
27.86
2.8599999999999994
-2.1400000000000006
-2.1400000000000006
-10.14
-0.14000000000000057
-2.1400000000000006
222.86
3.8599999999999994
-1.1400000000000006
-10.14
-0.14000000000000057
62.86
-3.1400000000000006
0.8599999999999994
-9.14
-3.1400000000000006
-4.140000000000001
-6.140000000000001
0.8599999999999994
3.8599999999999994
1.8599999999999994
21.86
-8.14
53.86
36.86
-12.14
-0.14000000000000057
-6.140000000000001
-7.140000000000001
-1.1400000000000006
139.86
3.8599999999999994
-0.14000000000000057
133.86
32.86
-12.14
344.86
0.8599999999999994
-5.140000000000001
1.8599999999999994
-4.140000000000001
-2.1400000000000006
-2.1400000000000006
-0.14000000000000057
-0.14000000000000057
-1.1400000000000006
0.8599999999999994
-1.1400000000000006
0.8599999999999994
-3.1400000000000006
-0.14000000000000057
-6.140000000000001
-5.140000000000001
-0.14000000000000057
-14.14
-2.1400000000000006
-4.140000000000001
-10.14
-6.140000000000001
5.859999999999999
0.8599999999999994
-3.1400000000000006
0.8599999999999994
425.86
-7.140000000000001
2.8599999999999994
-4.140000000000001
-0.14000000000000057
-11.14
-4.140000000000001
-6.140000000000001
3.8599999999999994
-3.1400000000000006
-7.140000000000001
-12.14
-2.1400000000000006
1.8599999999999994
-2.1400000000000006
3.8599999999999994
-0.14000000000000057
-0.14000000000000057
-2.1400000000000006
-0.14000000000000057
-0.14000000000000057
-4.140000000000001
-0.14000000000000057
1.8599999999999994
-10.14
1.8599999999999994
-2.1400000000000006
-0.14000000000000057
1.8599999999999994
-2.1400000000000006
421.86
-0.14000000000000057
4.859999999999999
320.86
-11.14
-4.140000000000001
-6.140000000000001
-7.140000000000001
-5.140000000000001
4.859999999999999
1.8599999999999994
-2.1400000000000006
-1.1400000000000006
319.86
-2.1400000000000006
0.8599999999999994
-4.140000000000001
0.8599999999999994
-4.140000000000001
4.859999999999999
-18.14
-0.14000000000000057
69.86
1.8599999999999994
1.8599999999999994
-4.140000000000001
25.86
146.86
-1.1400000000000006
28.86
3.8599999999999994
-6.140000000000001
-6.140000000000001
-2.1400000000000006
0.8599999999999994
-2.1400000000000006
-2.1400000000000006
-2.1400000000000006
-7.140000000000001
-2.1400000000000006
-8.14
313.86
-6.140000000000001
-2.1400000000000006
29.86
-12.14
-8.14
-0.14000000000000057
-6.140000000000001
-12.14
1.8599999999999994
-1.1400000000000006
3.8599999999999994
-6.140000000000001
-0.14000000000000057
-3.1400000000000006
-3.1400000000000006
-6.140000000000001
436.86
-1.1400000000000006
-3.1400000000000006
38.86
316.86
-2.1400000000000006
-5.140000000000001
0.8599999999999994
-2.1400000000000006
-2.1400000000000006
3.8599999999999994
0.8599999999999994
-2.1400000000000006
-2.1400000000000006
3.8599999999999994
6.859999999999999
38.86
1.8599999999999994
-2.1400000000000006
99.86
-7.140000000000001
-0.14000000000000057
-4.140000000000001
-0.14000000000000057
-2.1400000000000006
-10.14
-2.1400000000000006
-27.14
-3.1400000000000006
-4.140000000000001
3.8599999999999994
-6.140000000000001
-0.14000000000000057
0.8599999999999994
0.8599999999999994
-2.1400000000000006
-0.14000000000000057
-2.1400000000000006
54.86
-0.14000000000000057
-3.1400000000000006
-15.14
100.86
5.859999999999999
-8.14
-7.140000000000001
336.86
4.859999999999999
-7.140000000000001
-7.140000000000001
-7.140000000000001
-4.140000000000001
-12.14
29.86
-4.140000000000001
-0.14000000000000057
-4.140000000000001
0.8599999999999994
-7.140000000000001
-1.1400000000000006
-3.1400000000000006
-12.14
0.8599999999999994
-7.140000000000001
5.859999999999999
-2.1400000000000006
-2.1400000000000006
3.8599999999999994
-35.14
35.86
5.859999999999999
3.8599999999999994
-3.1400000000000006
190.86
-19.14
-2.1400000000000006
-7.140000000000001
-7.140000000000001
3.8599999999999994
1.8599999999999994
550.86
63.86
-0.14000000000000057
5.859999999999999
-6.140000000000001
-4.140000000000001
-2.1400000000000006
3.8599999999999994
-2.1400000000000006
-23.14
-7.140000000000001
-2.1400000000000006
0.8599999999999994
3.8599999999999994
-6.140000000000001
-2.1400000000000006
-3.1400000000000006
-1.1400000000000006
-5.140000000000001
-9.14
-2.1400000000000006
-1.1400000000000006
-3.1400000000000006
421.86
-4.140000000000001
0.8599999999999994
-0.14000000000000057
0.8599999999999994
3.8599999999999994
-4.140000000000001
-1.1400000000000006
-11.14
-8.14
0.8599999999999994
-2.1400000000000006
-7.140000000000001
-10.14
1.8599999999999994
-1.1400000000000006
-1.1400000000000006
-2.1400000000000006
-4.140000000000001
-1.1400000000000006
241.86
-6.140000000000001
44.86
-5.140000000000001
-2.1400000000000006
1.8599999999999994
-4.140000000000001
4.859999999999999
0.8599999999999994
-0.14000000000000057
-12.14
-2.1400000000000006
-3.1400000000000006
-2.1400000000000006
-4.140000000000001
-7.140000000000001
-4.140000000000001
-2.1400000000000006
145.86
5.859999999999999
2.8599999999999994
-2.1400000000000006
-2.1400000000000006
0.8599999999999994
-2.1400000000000006
-2.1400000000000006
-0.14000000000000057
-0.14000000000000057
-9.14
-10.14
-0.14000000000000057
-1.1400000000000006
1.8599999999999994
0.8599999999999994
-4.140000000000001
-2.1400000000000006
-12.14
-9.14
1.8599999999999994
-2.1400000000000006
-10.14
-2.1400000000000006
-6.140000000000001
0.8599999999999994
-0.14000000000000057
14.86
-2.1400000000000006
-2.1400000000000006
-6.140000000000001
-0.14000000000000057
-2.1400000000000006
6.859999999999999
-7.140000000000001
-1.1400000000000006
-5.140000000000001
-2.1400000000000006
-2.1400000000000006
-1.1400000000000006
3.8599999999999994
-7.140000000000001
-8.14
-6.140000000000001
-2.1400000000000006
1.8599999999999994
-6.140000000000001
-2.1400000000000006
-2.1400000000000006
53.86
31.86
-11.14
119.86
-0.14000000000000057
0.8599999999999994
-3.1400000000000006
3.8599999999999994
117.86
-9.14
1.8599999999999994
4.859999999999999
284.86
-4.140000000000001
0.8599999999999994
-4.140000000000001
-7.140000000000001
2.8599999999999994
88.86
-12.14
-1.1400000000000006
5.859999999999999
-0.14000000000000057
60.86
-2.1400000000000006
-0.14000000000000057
33.86
-0.14000000000000057
-13.14
-4.140000000000001
28.86
1.8599999999999994
50.86
6.859999999999999
-1.1400000000000006
-6.140000000000001
-3.1400000000000006
-0.14000000000000057
-4.140000000000001
4.859999999999999
4.859999999999999
-0.14000000000000057
1.8599999999999994
-1.1400000000000006
-4.140000000000001
-2.1400000000000006
-8.14
-3.1400000000000006
-6.140000000000001
3.8599999999999994
-2.1400000000000006
-8.14
433.86
0.8599999999999994
1.8599999999999994
-4.140000000000001
92.86
-6.140000000000001
567.86
1.8599999999999994
-2.1400000000000006
60.86
370.86
-2.1400000000000006
1.8599999999999994
-7.140000000000001
-2.1400000000000006
-5.140000000000001
-4.140000000000001
0.8599999999999994
-16.14
-4.140000000000001
-4.140000000000001
-15.14
-8.14
-4.140000000000001
-2.1400000000000006
0.8599999999999994
-4.140000000000001
-7.140000000000001
4.859999999999999
-7.140000000000001
0.8599999999999994
-10.14
-0.14000000000000057
2.8599999999999994
-1.1400000000000006
24.86
-0.14000000000000057
-6.140000000000001
3.8599999999999994
0.8599999999999994
-4.140000000000001
0.8599999999999994
148.86
0.8599999999999994
133.86
-3.1400000000000006
1.8599999999999994
53.86
-15.14
1.8599999999999994
5.859999999999999
-2.1400000000000006
-0.14000000000000057
-0.14000000000000057
2.8599999999999994
378.86
-0.14000000000000057
63.86
230.86
3.8599999999999994
-0.14000000000000057
1.8599999999999994
-3.1400000000000006
-2.1400000000000006
-1.1400000000000006
1.8599999999999994
24.86
1.8599999999999994
-2.1400000000000006
-2.1400000000000006
-9.14
-0.14000000000000057
-2.1400000000000006
-5.140000000000001
-5.140000000000001
-0.14000000000000057
-3.1400000000000006
-9.14
-0.14000000000000057
68.86
3.8599999999999994
-3.1400000000000006
0.8599999999999994
244.86
-6.140000000000001
-13.14
-10.14
-2.1400000000000006
-2.1400000000000006
-4.140000000000001
-7.140000000000001
-2.1400000000000006
-6.140000000000001
-7.140000000000001
-0.14000000000000057
-3.1400000000000006
-3.1400000000000006
-12.14
-0.14000000000000057
-4.140000000000001
-4.140000000000001
35.86
-2.1400000000000006
-2.1400000000000006
0.8599999999999994
-0.14000000000000057
3.8599999999999994
-5.140000000000001
0.8599999999999994
-7.140000000000001
-7.140000000000001
2.8599999999999994
-13.14
0.8599999999999994
0.8599999999999994
-2.1400000000000006
-1.1400000000000006
333.86
-0.14000000000000057
2.8599999999999994
68.86
-0.14000000000000057
-4.140000000000001
-2.1400000000000006
1.8599999999999994
-1.1400000000000006
333.86
-6.140000000000001
-2.1400000000000006
-2.1400000000000006
0.8599999999999994
5.859999999999999
0.8599999999999994
-4.140000000000001
-6.140000000000001
0.8599999999999994
-4.140000000000001
1.8599999999999994
-4.140000000000001
-4.140000000000001
-8.14
-2.1400000000000006
5.859999999999999
-0.14000000000000057
-2.1400000000000006
145.86
-4.140000000000001
0.8599999999999994
60.86
-3.1400000000000006
-7.140000000000001
0.8599999999999994
2.8599999999999994
-0.14000000000000057
0.8599999999999994
-2.1400000000000006
-0.14000000000000057
2.8599999999999994
-13.14
-6.140000000000001
1.8599999999999994
9.86
0.8599999999999994
2.8599999999999994
25.86
-14.14
-4.140000000000001
-10.14
-2.1400000000000006
213.86
-2.1400000000000006
-10.14
6.859999999999999
-2.1400000000000006
-2.1400000000000006
-4.140000000000001
-4.140000000000001
3.8599999999999994
-2.1400000000000006
229.86
-0.14000000000000057
-13.14
-15.14
-2.1400000000000006
-10.14
-3.1400000000000006
-1.1400000000000006
0.8599999999999994
-5.140000000000001
0.8599999999999994
3.8599999999999994
-2.1400000000000006
59.86
-4.140000000000001
2.8599999999999994
-3.1400000000000006
-0.14000000000000057
96.86
1.8599999999999994
-11.14
-0.14000000000000057
-2.1400000000000006
-5.140000000000001
-6.140000000000001
1.8599999999999994
5.859999999999999
-3.1400000000000006
5.859999999999999
-1.1400000000000006
-2.1400000000000006
4.859999999999999
-2.1400000000000006
-6.140000000000001
0.8599999999999994
-4.140000000000001
0.8599999999999994
1.8599999999999994
129.86
3.8599999999999994
0.8599999999999994
5.859999999999999
-9.14
-4.140000000000001
-0.14000000000000057
-3.1400000000000006
-5.140000000000001
-8.14
1.8599999999999994
-6.140000000000001
6.859999999999999
-9.14
-3.1400000000000006
-7.140000000000001
-9.14
-3.1400000000000006
-5.140000000000001
3.8599999999999994
4.859999999999999
-0.14000000000000057
-2.1400000000000006
3.8599999999999994
4.859999999999999
-6.140000000000001
274.86
-7.140000000000001
-1.1400000000000006
3.8599999999999994
-0.14000000000000057
2.8599999999999994
-16.14
0.8599999999999994
1.8599999999999994
3.8599999999999994
-32.14
-3.1400000000000006
1.8599999999999994
-0.14000000000000057
-10.14
4.859999999999999
-7.140000000000001
3.8599999999999994
-1.1400000000000006
5.859999999999999
0.8599999999999994
0.8599999999999994
-0.14000000000000057
-4.140000000000001
63.86
-0.14000000000000057
0.8599999999999994
-4.140000000000001
1.8599999999999994
0.8599999999999994
311.86
-6.140000000000001
-5.140000000000001
-8.14
-6.140000000000001
0.8599999999999994
1.8599999999999994
5.859999999999999
-2.1400000000000006
-2.1400000000000006
-3.1400000000000006
-2.1400000000000006
84.86
-7.140000000000001
1.8599999999999994
256.86
-3.1400000000000006
-7.140000000000001
90.86
-3.1400000000000006
1.8599999999999994
1.8599999999999994
32.86
-7.140000000000001
-2.1400000000000006
-7.140000000000001
-6.140000000000001
-4.140000000000001
-3.1400000000000006
-7.140000000000001
-4.140000000000001
-13.14
-11.14
331.86
-2.1400000000000006
0.8599999999999994
-2.1400000000000006
-4.140000000000001
-19.14
-3.1400000000000006
-4.140000000000001
5.859999999999999
-6.140000000000001
-0.14000000000000057
3.8599999999999994
-6.140000000000001
-3.1400000000000006
-4.140000000000001
-10.14
-2.1400000000000006
5.859999999999999
1.8599999999999994
86.86
-0.14000000000000057
-16.14
-2.1400000000000006
1.8599999999999994
-2.1400000000000006
-0.14000000000000057
-2.1400000000000006
5.859999999999999
-0.14000000000000057
-2.1400000000000006
1.8599999999999994
-2.1400000000000006
1.8599999999999994
-6.140000000000001
0.8599999999999994
-8.14
223.86
-3.1400000000000006
5.859999999999999
3.8599999999999994
1.8599999999999994
-0.14000000000000057
6.859999999999999
-0.14000000000000057
-6.140000000000001
-9.14
-5.140000000000001
6.859999999999999
-0.14000000000000057
-6.140000000000001
-5.140000000000001
-5.140000000000001
2.8599999999999994
399.86
-6.140000000000001
0.8599999999999994
1.8599999999999994
-7.140000000000001
3.8599999999999994
-4.140000000000001
-7.140000000000001
-0.14000000000000057
-4.140000000000001
4.859999999999999
-3.1400000000000006
-1.1400000000000006
3.8599999999999994
-0.14000000000000057
76.86
-7.140000000000001
-3.1400000000000006
2.8599999999999994
5.859999999999999
-3.1400000000000006
-9.14
-2.1400000000000006
-3.1400000000000006
-6.140000000000001
-4.140000000000001
0.8599999999999994
-8.14
-2.1400000000000006
-0.14000000000000057
-10.14
-15.14
-7.140000000000001
3.8599999999999994
-4.140000000000001
2.8599999999999994
-11.14
367.86
-2.1400000000000006
-5.140000000000001
135.86
175.86
8.86
-10.14
1.8599999999999994
-4.140000000000001
-5.140000000000001
4.859999999999999
-0.14000000000000057
-0.14000000000000057
-4.140000000000001
-1.1400000000000006
-7.140000000000001
-3.1400000000000006
3.8599999999999994
-3.1400000000000006
58.86
-1.1400000000000006
-6.140000000000001
4.859999999999999
115.86
-2.1400000000000006
-3.1400000000000006
4.859999999999999
7.859999999999999
-0.14000000000000057
-7.140000000000001
0.8599999999999994
-6.140000000000001
-1.1400000000000006
35.86
4.859999999999999
-9.14
-6.140000000000001
4.859999999999999
7.859999999999999
-1.1400000000000006
-8.14
1.8599999999999994
-6.140000000000001
-34.14
40.86
-4.140000000000001
-14.14
0.8599999999999994
1.8599999999999994
-9.14
0.8599999999999994
-6.140000000000001
-2.1400000000000006
0.8599999999999994
-1.1400000000000006
1.8599999999999994
-3.1400000000000006
-3.1400000000000006
-7.140000000000001
-11.14
1.8599999999999994
7.859999999999999
-10.14
-2.1400000000000006
-0.14000000000000057
31.86
-5.140000000000001
-6.140000000000001
380.86
-2.1400000000000006
-11.14
-2.1400000000000006
-3.1400000000000006
27.86
-7.140000000000001
0.8599999999999994
1.8599999999999994
2.8599999999999994
3.8599999999999994
53.86
-3.1400000000000006
54.86
-1.1400000000000006
54.86
0.8599999999999994
-2.1400000000000006
-4.140000000000001
2.8599999999999994
-3.1400000000000006
-0.14000000000000057
-2.1400000000000006
-2.1400000000000006
3.8599999999999994
5.859999999999999
-1.1400000000000006
87.86
-7.140000000000001
-4.140000000000001
393.86
3.8599999999999994
-5.140000000000001
-1.1400000000000006
165.86
-3.1400000000000006
-8.14
255.86
-7.140000000000001
-0.14000000000000057
-2.1400000000000006
-3.1400000000000006
-4.140000000000001
0.8599999999999994
406.86
5.859999999999999
-0.14000000000000057
-0.14000000000000057
-6.140000000000001
-13.14
-6.140000000000001
0.8599999999999994
-9.14
1.8599999999999994
-8.14
7.859999999999999
3.8599999999999994
-0.14000000000000057
-3.1400000000000006
-8.14
0.8599999999999994
-1.1400000000000006
6.859999999999999
360.86
-5.140000000000001
0.8599999999999994
-5.140000000000001
-2.1400000000000006
-2.1400000000000006
-7.140000000000001
-3.1400000000000006
-7.140000000000001
1.8599999999999994
-6.140000000000001
-0.14000000000000057
4.859999999999999
-3.1400000000000006
-3.1400000000000006
-0.14000000000000057
-1.1400000000000006
-0.14000000000000057
-6.140000000000001
-1.1400000000000006
5.859999999999999
-3.1400000000000006
1.8599999999999994
-1.1400000000000006
-2.1400000000000006
-4.140000000000001
-4.140000000000001
-6.140000000000001
-0.14000000000000057
32.86
-4.140000000000001
-1.1400000000000006
-2.1400000000000006
53.86
6.859999999999999
-0.14000000000000057
3.8599999999999994
-7.140000000000001
-3.1400000000000006
4.859999999999999
92.86
-2.1400000000000006
0.8599999999999994
-5.140000000000001
-3.1400000000000006
-3.1400000000000006
-7.140000000000001
441.86
-3.1400000000000006
-5.140000000000001
3.8599999999999994
0.8599999999999994
-7.140000000000001
3.8599999999999994
7.859999999999999
-1.1400000000000006
191.86
275.86
-4.140000000000001
0.8599999999999994
-4.140000000000001
-2.1400000000000006
-0.14000000000000057
-0.14000000000000057
-4.140000000000001
-3.1400000000000006
-2.1400000000000006
-0.14000000000000057
-2.1400000000000006
0.8599999999999994
-5.140000000000001
-7.140000000000001
-4.140000000000001
-2.1400000000000006
-0.14000000000000057
-0.14000000000000057
124.86
-4.140000000000001
2.8599999999999994
-0.14000000000000057
-2.1400000000000006
0.8599999999999994
-2.1400000000000006
-9.14
1.8599999999999994
1.8599999999999994
-2.1400000000000006
53.86
-10.14
0.8599999999999994
-2.1400000000000006
-4.140000000000001
-2.1400000000000006
53.86
-3.1400000000000006
3.8599999999999994
-7.140000000000001
52.86
-3.1400000000000006
-7.140000000000001
1.8599999999999994
-4.140000000000001
5.859999999999999
-2.1400000000000006
-4.140000000000001
374.86
0.8599999999999994
-9.14
-10.14
-7.140000000000001
-2.1400000000000006
30.86
16.86
-9.14
-3.1400000000000006
-7.140000000000001
200.86
0.8599999999999994
2.8599999999999994
-4.140000000000001
4.859999999999999
-0.14000000000000057
101.86
0.8599999999999994
1.8599999999999994
1.8599999999999994
-1.1400000000000006
-0.14000000000000057
53.86
1.8599999999999994
5.859999999999999
-9.14
-2.1400000000000006
-4.140000000000001
-1.1400000000000006
-13.14
-31.14
32.86
-4.140000000000001
395.86
3.8599999999999994
-0.14000000000000057
-4.140000000000001
2.8599999999999994
-2.1400000000000006
-6.140000000000001
-4.140000000000001
49.86
-1.1400000000000006
198.86
-6.140000000000001
-1.1400000000000006
92.86
-5.140000000000001
-3.1400000000000006
1.8599999999999994
-18.14
3.8599999999999994
6.859999999999999
1.8599999999999994
2.8599999999999994
-3.1400000000000006
-0.14000000000000057
1.8599999999999994
-1.1400000000000006
-6.140000000000001
-3.1400000000000006
-0.14000000000000057
53.86
-2.1400000000000006
-26.14
4.859999999999999
-0.14000000000000057
0.8599999999999994
-1.1400000000000006
1.8599999999999994
482.86
-7.140000000000001
-2.1400000000000006
0.8599999999999994
-5.140000000000001
2.8599999999999994
1.8599999999999994
-4.140000000000001
-8.14
-6.140000000000001
2.8599999999999994
-0.14000000000000057
-4.140000000000001
-0.14000000000000057
-6.140000000000001
0.8599999999999994
-26.14
-0.14000000000000057
-6.140000000000001
-2.1400000000000006
0.8599999999999994
-3.1400000000000006
-7.140000000000001
-8.14
-6.140000000000001
-0.14000000000000057
-3.1400000000000006
3.8599999999999994
3.8599999999999994
-7.140000000000001
-7.140000000000001
-3.1400000000000006
0.8599999999999994
-8.14
-4.140000000000001
-4.140000000000001
-0.14000000000000057
-3.1400000000000006
0.8599999999999994
-1.1400000000000006
-2.1400000000000006
1.8599999999999994
1.8599999999999994
-2.1400000000000006
240.86
-4.140000000000001
161.86
-15.14
1.8599999999999994
-1.1400000000000006
-0.14000000000000057
51.86
-2.1400000000000006
0.8599999999999994
0.8599999999999994
-3.1400000000000006
-1.1400000000000006
-1.1400000000000006
-2.1400000000000006
349.86
-4.140000000000001
-0.14000000000000057
-8.14
-0.14000000000000057
95.86
0.8599999999999994
-3.1400000000000006
-7.140000000000001
5.859999999999999
0.8599999999999994
0.8599999999999994
4.859999999999999
0.8599999999999994
1.8599999999999994
-4.140000000000001
-1.1400000000000006
-6.140000000000001
-2.1400000000000006
-14.14
-2.1400000000000006
-3.1400000000000006
-2.1400000000000006
272.86
-2.1400000000000006
-2.1400000000000006
0.8599999999999994
-4.140000000000001
-7.140000000000001
0.8599999999999994
-2.1400000000000006
3.8599999999999994
1.8599999999999994
52.86
-8.14
-9.14
-2.1400000000000006
-2.1400000000000006
-1.1400000000000006
-2.1400000000000006
5.859999999999999
-4.140000000000001
2.8599999999999994
238.86
-10.14
146.86
-2.1400000000000006
-7.140000000000001
8.86
-6.140000000000001
-9.14
0.8599999999999994
-7.140000000000001
-4.140000000000001
-0.14000000000000057
-6.140000000000001
35.86
-19.14
77.86
-13.14
3.8599999999999994
-0.14000000000000057
-0.14000000000000057
-0.14000000000000057
0.8599999999999994
-3.1400000000000006
-2.1400000000000006
-2.1400000000000006
-3.1400000000000006
-3.1400000000000006
-0.14000000000000057
153.86
-3.1400000000000006
-2.1400000000000006
-1.1400000000000006
-10.14
-7.140000000000001
96.86
4.859999999999999
-5.140000000000001
4.859999999999999
3.8599999999999994
-3.1400000000000006
-1.1400000000000006
0.8599999999999994
-4.140000000000001
-9.14
-0.14000000000000057
-2.1400000000000006
-1.1400000000000006
-6.140000000000001
-1.1400000000000006
-11.14
-1.1400000000000006
365.86
-1.1400000000000006
134.86
-1.1400000000000006
112.86
0.8599999999999994
101.86
-1.1400000000000006
1.8599999999999994
-9.14
-2.1400000000000006
-5.140000000000001
1.8599999999999994
62.86
-8.14
-6.140000000000001
2.8599999999999994
-4.140000000000001
-4.140000000000001
-7.140000000000001
-6.140000000000001
0.8599999999999994
-0.14000000000000057
-2.1400000000000006
4.859999999999999
-6.140000000000001
-7.140000000000001
1.8599999999999994
-6.140000000000001
-5.140000000000001
-1.1400000000000006
0.8599999999999994
387.86
0.8599999999999994
0.8599999999999994
50.86
-2.1400000000000006
-1.1400000000000006
-2.1400000000000006
-10.14
1.8599999999999994
-7.140000000000001
-12.14
-0.14000000000000057
81.86
5.859999999999999
83.86
0.8599999999999994
-2.1400000000000006
-3.1400000000000006
3.8599999999999994
-2.1400000000000006
-2.1400000000000006
-9.14
0.8599999999999994
-13.14
30.86
-5.140000000000001
1.8599999999999994
392.86
-0.14000000000000057
-4.140000000000001
-0.14000000000000057
-10.14
0.8599999999999994
-3.1400000000000006
4.859999999999999
1.8599999999999994
-15.14
-3.1400000000000006
-2.1400000000000006
-0.14000000000000057
-5.140000000000001
-5.140000000000001
0.8599999999999994
-1.1400000000000006
-3.1400000000000006
-11.14
-8.14
3.8599999999999994
-1.1400000000000006
-1.1400000000000006
-0.14000000000000057
-1.1400000000000006
-4.140000000000001
-3.1400000000000006
2.8599999999999994
-7.140000000000001
-4.140000000000001
0.8599999999999994
-3.1400000000000006
0.8599999999999994
-0.14000000000000057
-12.14
443.86
-4.140000000000001
-2.1400000000000006
-5.140000000000001
-1.1400000000000006
-2.1400000000000006
0.8599999999999994
-4.140000000000001
0.8599999999999994
-8.14
4.859999999999999
6.859999999999999
-0.14000000000000057
-0.14000000000000057
-1.1400000000000006
-0.14000000000000057
-2.1400000000000006
0.8599999999999994
5.859999999999999
-7.140000000000001
-1.1400000000000006
93.86
5.859999999999999
-13.14
4.859999999999999
-5.140000000000001
-3.1400000000000006
-20.14
-3.1400000000000006
1.8599999999999994
-3.1400000000000006
286.86
-0.14000000000000057
-0.14000000000000057
-1.1400000000000006
7.859999999999999
-11.14
-8.14
4.859999999999999
264.86
2.8599999999999994
0.8599999999999994
1.8599999999999994
2.8599999999999994
-2.1400000000000006
-22.14
-3.1400000000000006
3.8599999999999994
-3.1400000000000006
-7.140000000000001
-5.140000000000001
-4.140000000000001
4.859999999999999
-7.140000000000001
-0.14000000000000057
-15.14
-4.140000000000001
-2.1400000000000006
-10.14
-8.14
131.86
-5.140000000000001
79.86
-10.14
-6.140000000000001
-7.140000000000001
-2.1400000000000006
-7.140000000000001
233.86
0.8599999999999994
-1.1400000000000006
406.86
-6.140000000000001
0.8599999999999994
-6.140000000000001
213.86
-0.14000000000000057
-8.14
-4.140000000000001
-1.1400000000000006
-2.1400000000000006
362.86
-3.1400000000000006
-15.14
-9.14
256.86
-15.14
-1.1400000000000006
-15.14
4.859999999999999
-1.1400000000000006
4.859999999999999
-4.140000000000001
-3.1400000000000006
54.86
0.8599999999999994
-2.1400000000000006
-4.140000000000001
4.859999999999999
-4.140000000000001
-2.1400000000000006
4.859999999999999
-2.1400000000000006
16.86
2.8599999999999994
-6.140000000000001
-11.14
8.86
-4.140000000000001
0.8599999999999994
-6.140000000000001
-0.14000000000000057
0.8599999999999994
0.8599999999999994
96.86
-2.1400000000000006
-0.14000000000000057
-2.1400000000000006
-8.14
-4.140000000000001
0.8599999999999994
1.8599999999999994
-1.1400000000000006
-1.1400000000000006
0.8599999999999994
-1.1400000000000006
376.86
116.86
52.86
-2.1400000000000006
126.86
54.86
-0.14000000000000057
-5.140000000000001
0.8599999999999994
-4.140000000000001
-3.1400000000000006
-1.1400000000000006
67.86
445.86
174.86
-0.14000000000000057
-6.140000000000001
3.8599999999999994
-3.1400000000000006
4.859999999999999
135.86
-6.140000000000001
-2.1400000000000006
