-0.37999999999999545
-5.3799999999999955
55.620000000000005
-4.3799999999999955
-1.3799999999999955
-5.3799999999999955
-7.3799999999999955
11.620000000000005
-1.3799999999999955
1.6200000000000045
54.620000000000005
-8.379999999999995
-7.3799999999999955
-6.3799999999999955
-7.3799999999999955
47.620000000000005
3.6200000000000045
-6.3799999999999955
-5.3799999999999955
41.620000000000005
-5.3799999999999955
2.6200000000000045
-11.379999999999995
46.620000000000005
-8.379999999999995
-8.379999999999995
75.62
-1.3799999999999955
-4.3799999999999955
-10.379999999999995
7.6200000000000045
6.6200000000000045
155.62
0.6200000000000045
-2.3799999999999955
0.6200000000000045
46.620000000000005
42.620000000000005
-1.3799999999999955
-6.3799999999999955
56.620000000000005
-5.3799999999999955
-2.3799999999999955
1.6200000000000045
-22.379999999999995
15.620000000000005
7.6200000000000045
-6.3799999999999955
466.62
-8.379999999999995
-2.3799999999999955
3.6200000000000045
4.6200000000000045
-5.3799999999999955
1.6200000000000045
-4.3799999999999955
47.620000000000005
1.6200000000000045
-7.3799999999999955
-4.3799999999999955
-2.3799999999999955
-14.379999999999995
3.6200000000000045
-10.379999999999995
-4.3799999999999955
-4.3799999999999955
-0.37999999999999545
-5.3799999999999955
5.6200000000000045
-8.379999999999995
2.6200000000000045
-9.379999999999995
477.62
-2.3799999999999955
-0.37999999999999545
-7.3799999999999955
-5.3799999999999955
-6.3799999999999955
-0.37999999999999545
51.620000000000005
46.620000000000005
-2.3799999999999955
-2.3799999999999955
449.62
-2.3799999999999955
-2.3799999999999955
4.6200000000000045
164.62
-5.3799999999999955
198.62
3.6200000000000045
-36.379999999999995
47.620000000000005
-4.3799999999999955
3.6200000000000045
151.62
19.620000000000005
-1.3799999999999955
79.62
-1.3799999999999955
-2.3799999999999955
2.6200000000000045
-5.3799999999999955
41.620000000000005
-2.3799999999999955
-1.3799999999999955
-7.3799999999999955
4.6200000000000045
-12.379999999999995
-4.3799999999999955
-7.3799999999999955
-11.379999999999995
-4.3799999999999955
-5.3799999999999955
56.620000000000005
-5.3799999999999955
-14.379999999999995
1.6200000000000045
62.620000000000005
-2.3799999999999955
-2.3799999999999955
-7.3799999999999955
38.620000000000005
2.6200000000000045
-2.3799999999999955
-8.379999999999995
1.6200000000000045
-5.3799999999999955
-17.379999999999995
-0.37999999999999545
-1.3799999999999955
-9.379999999999995
425.62
-6.3799999999999955
-2.3799999999999955
50.620000000000005
-1.3799999999999955
-4.3799999999999955
3.6200000000000045
1.6200000000000045
-2.3799999999999955
-6.3799999999999955
-5.3799999999999955
-2.3799999999999955
2.6200000000000045
49.620000000000005
47.620000000000005
-5.3799999999999955
-4.3799999999999955
-2.3799999999999955
-10.379999999999995
-9.379999999999995
-9.379999999999995
53.620000000000005
-0.37999999999999545
-5.3799999999999955
-4.3799999999999955
-2.3799999999999955
-2.3799999999999955
-2.3799999999999955
-2.3799999999999955
3.6200000000000045
-10.379999999999995
-5.3799999999999955
-0.37999999999999545
-9.379999999999995
-5.3799999999999955
76.62
-2.3799999999999955
-5.3799999999999955
47.620000000000005
-0.37999999999999545
2.6200000000000045
-2.3799999999999955
45.620000000000005
0.6200000000000045
-5.3799999999999955
-0.37999999999999545
-0.37999999999999545
55.620000000000005
2.6200000000000045
-4.3799999999999955
-13.379999999999995
-1.3799999999999955
3.6200000000000045
52.620000000000005
-10.379999999999995
2.6200000000000045
-17.379999999999995
-7.3799999999999955
2.6200000000000045
-4.3799999999999955
-2.3799999999999955
-2.3799999999999955
-5.3799999999999955
34.620000000000005
-4.3799999999999955
-5.3799999999999955
-2.3799999999999955
-10.379999999999995
48.620000000000005
-4.3799999999999955
-2.3799999999999955
66.62
-2.3799999999999955
-14.379999999999995
389.62
-0.37999999999999545
-4.3799999999999955
3.6200000000000045
-12.379999999999995
49.620000000000005
-5.3799999999999955
-2.3799999999999955
5.6200000000000045
54.620000000000005
37.620000000000005
-13.379999999999995
125.62
-0.37999999999999545
34.620000000000005
-8.379999999999995
42.620000000000005
-4.3799999999999955
123.62
-5.3799999999999955
1.6200000000000045
2.6200000000000045
1.6200000000000045
-2.3799999999999955
34.620000000000005
-11.379999999999995
-8.379999999999995
-4.3799999999999955
-9.379999999999995
53.620000000000005
-4.3799999999999955
2.6200000000000045
1.6200000000000045
-7.3799999999999955
-5.3799999999999955
57.620000000000005
7.6200000000000045
-1.3799999999999955
2.6200000000000045
8.620000000000005
99.62
41.620000000000005
-2.3799999999999955
5.6200000000000045
-13.379999999999995
97.62
-5.3799999999999955
-9.379999999999995
-1.3799999999999955
57.620000000000005
0.6200000000000045
35.620000000000005
5.6200000000000045
-17.379999999999995
-10.379999999999995
-0.37999999999999545
-0.37999999999999545
-1.3799999999999955
458.62
95.62
430.62
100.62
-7.3799999999999955
-5.3799999999999955
-11.379999999999995
45.620000000000005
-1.3799999999999955
69.62
-0.37999999999999545
51.620000000000005
-4.3799999999999955
-2.3799999999999955
7.6200000000000045
1.6200000000000045
274.62
-4.3799999999999955
-1.3799999999999955
323.62
-2.3799999999999955
4.6200000000000045
-2.3799999999999955
4.6200000000000045
-2.3799999999999955
225.62
-3.3799999999999955
1.6200000000000045
43.620000000000005
-11.379999999999995
-5.3799999999999955
-4.3799999999999955
-3.3799999999999955
-1.3799999999999955
7.6200000000000045
3.6200000000000045
-8.379999999999995
43.620000000000005
-6.3799999999999955
-5.3799999999999955
-6.3799999999999955
-10.379999999999995
111.62
-5.3799999999999955
-0.37999999999999545
-21.379999999999995
-2.3799999999999955
2.6200000000000045
48.620000000000005
3.6200000000000045
-1.3799999999999955
34.620000000000005
1.6200000000000045
3.6200000000000045
33.620000000000005
3.6200000000000045
-6.3799999999999955
-2.3799999999999955
-2.3799999999999955
-2.3799999999999955
-0.37999999999999545
-7.3799999999999955
184.62
-5.3799999999999955
-8.379999999999995
-10.379999999999995
-6.3799999999999955
47.620000000000005
62.620000000000005
33.620000000000005
-14.379999999999995
-4.3799999999999955
2.6200000000000045
-6.3799999999999955
-13.379999999999995
2.6200000000000045
-4.3799999999999955
3.6200000000000045
-2.3799999999999955
53.620000000000005
0.6200000000000045
-2.3799999999999955
-6.3799999999999955
-9.379999999999995
2.6200000000000045
418.62
33.620000000000005
-5.3799999999999955
-4.3799999999999955
-5.3799999999999955
136.62
47.620000000000005
-1.3799999999999955
-1.3799999999999955
-0.37999999999999545
-1.3799999999999955
51.620000000000005
-0.37999999999999545
5.6200000000000045
88.62
3.6200000000000045
2.6200000000000045
0.6200000000000045
-7.3799999999999955
2.6200000000000045
-2.3799999999999955
2.6200000000000045
-4.3799999999999955
52.620000000000005
-1.3799999999999955
579.62
-2.3799999999999955
-0.37999999999999545
6.6200000000000045
50.620000000000005
3.6200000000000045
58.620000000000005
2.6200000000000045
-4.3799999999999955
-0.37999999999999545
1.6200000000000045
8.620000000000005
-1.3799999999999955
-4.3799999999999955
-14.379999999999995
-7.3799999999999955
5.6200000000000045
35.620000000000005
-5.3799999999999955
-2.3799999999999955
1.6200000000000045
-5.3799999999999955
-8.379999999999995
-4.3799999999999955
47.620000000000005
-13.379999999999995
31.620000000000005
81.62
3.6200000000000045
45.620000000000005
2.6200000000000045
-9.379999999999995
-0.37999999999999545
-1.3799999999999955
173.62
113.62
-14.379999999999995
3.6200000000000045
47.620000000000005
0.6200000000000045
0.6200000000000045
-41.379999999999995
35.620000000000005
-0.37999999999999545
3.6200000000000045
265.62
-6.3799999999999955
516.62
-2.3799999999999955
0.6200000000000045
-0.37999999999999545
-0.37999999999999545
2.6200000000000045
-25.379999999999995
-1.3799999999999955
-0.37999999999999545
7.6200000000000045
37.620000000000005
-5.3799999999999955
122.62
-2.3799999999999955
-3.3799999999999955
-23.379999999999995
-5.3799999999999955
-4.3799999999999955
6.6200000000000045
-0.37999999999999545
-2.3799999999999955
-5.3799999999999955
54.620000000000005
-5.3799999999999955
-4.3799999999999955
-7.3799999999999955
-8.379999999999995
-1.3799999999999955
-4.3799999999999955
-17.379999999999995
-4.3799999999999955
4.6200000000000045
2.6200000000000045
1.6200000000000045
-0.37999999999999545
-8.379999999999995
-1.3799999999999955
-14.379999999999995
-10.379999999999995
-0.37999999999999545
-1.3799999999999955
-2.3799999999999955
74.62
4.6200000000000045
-0.37999999999999545
-1.3799999999999955
53.620000000000005
113.62
-2.3799999999999955
-4.3799999999999955
-1.3799999999999955
450.62
-2.3799999999999955
43.620000000000005
2.6200000000000045
40.620000000000005
-1.3799999999999955
-4.3799999999999955
53.620000000000005
-8.379999999999995
-2.3799999999999955
48.620000000000005
50.620000000000005
-2.3799999999999955
-6.3799999999999955
-0.37999999999999545
-8.379999999999995
2.6200000000000045
2.6200000000000045
-2.3799999999999955
1.6200000000000045
46.620000000000005
332.62
-5.3799999999999955
-4.3799999999999955
-0.37999999999999545
-2.3799999999999955
349.62
-6.3799999999999955
-1.3799999999999955
-2.3799999999999955
2.6200000000000045
-6.3799999999999955
-2.3799999999999955
7.6200000000000045
-8.379999999999995
42.620000000000005
2.6200000000000045
1.6200000000000045
-5.3799999999999955
1.6200000000000045
-5.3799999999999955
-0.37999999999999545
-1.3799999999999955
32.620000000000005
-4.3799999999999955
-4.3799999999999955
-0.37999999999999545
127.62
-5.3799999999999955
5.6200000000000045
-9.379999999999995
48.620000000000005
72.62
-1.3799999999999955
208.62
-1.3799999999999955
1.6200000000000045
-1.3799999999999955
-0.37999999999999545
-7.3799999999999955
-2.3799999999999955
2.6200000000000045
-1.3799999999999955
-7.3799999999999955
-3.3799999999999955
3.6200000000000045
354.62
-11.379999999999995
-0.37999999999999545
2.6200000000000045
-0.37999999999999545
-0.37999999999999545
3.6200000000000045
-1.3799999999999955
-8.379999999999995
-1.3799999999999955
3.6200000000000045
-11.379999999999995
-5.3799999999999955
6.6200000000000045
-2.3799999999999955
-4.3799999999999955
-4.3799999999999955
-7.3799999999999955
-17.379999999999995
418.62
7.6200000000000045
-0.37999999999999545
-2.3799999999999955
111.62
1.6200000000000045
36.620000000000005
3.6200000000000045
-13.379999999999995
261.62
-5.3799999999999955
1.6200000000000045
-0.37999999999999545
8.620000000000005
46.620000000000005
-2.3799999999999955
-4.3799999999999955
107.62
-0.37999999999999545
1.6200000000000045
7.6200000000000045
5.6200000000000045
-0.37999999999999545
298.62
-6.3799999999999955
2.6200000000000045
-5.3799999999999955
-7.3799999999999955
-2.3799999999999955
-1.3799999999999955
-8.379999999999995
-1.3799999999999955
-21.379999999999995
2.6200000000000045
76.62
-7.3799999999999955
-8.379999999999995
-5.3799999999999955
-32.379999999999995
-0.37999999999999545
1.6200000000000045
66.62
-8.379999999999995
-2.3799999999999955
-5.3799999999999955
-10.379999999999995
230.62
-4.3799999999999955
-2.3799999999999955
3.6200000000000045
-18.379999999999995
-4.3799999999999955
-5.3799999999999955
-12.379999999999995
-10.379999999999995
-2.3799999999999955
-5.3799999999999955
-0.37999999999999545
-0.37999999999999545
-5.3799999999999955
2.6200000000000045
-5.3799999999999955
-7.3799999999999955
-7.3799999999999955
-0.37999999999999545
42.620000000000005
-4.3799999999999955
34.620000000000005
1.6200000000000045
111.62
7.6200000000000045
-1.3799999999999955
33.620000000000005
-5.3799999999999955
-9.379999999999995
-1.3799999999999955
9.620000000000005
-6.3799999999999955
-0.37999999999999545
11.620000000000005
-14.379999999999995
-0.37999999999999545
37.620000000000005
-4.3799999999999955
-0.37999999999999545
-1.3799999999999955
3.6200000000000045
-20.379999999999995
-2.3799999999999955
-2.3799999999999955
-5.3799999999999955
0.6200000000000045
2.6200000000000045
-2.3799999999999955
-6.3799999999999955
38.620000000000005
-5.3799999999999955
-1.3799999999999955
34.620000000000005
66.62
47.620000000000005
46.620000000000005
-6.3799999999999955
-2.3799999999999955
50.620000000000005
4.6200000000000045
-6.3799999999999955
8.620000000000005
-4.3799999999999955
-10.379999999999995
-0.37999999999999545
2.6200000000000045
-0.37999999999999545
-8.379999999999995
3.6200000000000045
-1.3799999999999955
47.620000000000005
-6.3799999999999955
-10.379999999999995
1.6200000000000045
-5.3799999999999955
49.620000000000005
-5.3799999999999955
-4.3799999999999955
-5.3799999999999955
-8.379999999999995
-4.3799999999999955
-2.3799999999999955
-5.3799999999999955
423.62
0.6200000000000045
-5.3799999999999955
-4.3799999999999955
31.620000000000005
-1.3799999999999955
-2.3799999999999955
-2.3799999999999955
44.620000000000005
9.620000000000005
-1.3799999999999955
-0.37999999999999545
-5.3799999999999955
-8.379999999999995
5.6200000000000045
-10.379999999999995
189.62
2.6200000000000045
-0.37999999999999545
-0.37999999999999545
-5.3799999999999955
-2.3799999999999955
3.6200000000000045
-1.3799999999999955
48.620000000000005
-10.379999999999995
1.6200000000000045
288.62
-2.3799999999999955
-9.379999999999995
-5.3799999999999955
50.620000000000005
-2.3799999999999955
-2.3799999999999955
2.6200000000000045
230.62
-2.3799999999999955
-5.3799999999999955
-7.3799999999999955
-5.3799999999999955
-0.37999999999999545
53.620000000000005
-7.3799999999999955
54.620000000000005
-7.3799999999999955
7.6200000000000045
-2.3799999999999955
-0.37999999999999545
-4.3799999999999955
-1.3799999999999955
0.6200000000000045
2.6200000000000045
-2.3799999999999955
-5.3799999999999955
242.62
60.620000000000005
0.6200000000000045
5.6200000000000045
-4.3799999999999955
110.62
6.6200000000000045
-13.379999999999995
-5.3799999999999955
40.620000000000005
-0.37999999999999545
-0.37999999999999545
1.6200000000000045
33.620000000000005
-17.379999999999995
-6.3799999999999955
-10.379999999999995
-7.3799999999999955
-0.37999999999999545
-3.3799999999999955
-10.379999999999995
0.6200000000000045
-7.3799999999999955
-2.3799999999999955
-0.37999999999999545
-1.3799999999999955
2.6200000000000045
-4.3799999999999955
320.62
-7.3799999999999955
-16.379999999999995
402.62
1.6200000000000045
-5.3799999999999955
-5.3799999999999955
3.6200000000000045
1.6200000000000045
39.620000000000005
39.620000000000005
2.6200000000000045
5.6200000000000045
-4.3799999999999955
-5.3799999999999955
49.620000000000005
-0.37999999999999545
53.620000000000005
-5.3799999999999955
2.6200000000000045
-12.379999999999995
-2.3799999999999955
82.62
-2.3799999999999955
-1.3799999999999955
-0.37999999999999545
43.620000000000005
-2.3799999999999955
-0.37999999999999545
-4.3799999999999955
-10.379999999999995
36.620000000000005
-1.3799999999999955
-10.379999999999995
-3.3799999999999955
65.62
-3.3799999999999955
109.62
-0.37999999999999545
-0.37999999999999545
47.620000000000005
6.6200000000000045
-13.379999999999995
99.62
1.6200000000000045
-4.3799999999999955
-4.3799999999999955
41.620000000000005
6.6200000000000045
-8.379999999999995
-0.37999999999999545
210.62
-4.3799999999999955
-2.3799999999999955
-7.3799999999999955
-2.3799999999999955
-4.3799999999999955
54.620000000000005
-0.37999999999999545
65.62
61.620000000000005
2.6200000000000045
2.6200000000000045
-9.379999999999995
-2.3799999999999955
-4.3799999999999955
-4.3799999999999955
5.6200000000000045
50.620000000000005
-1.3799999999999955
-9.379999999999995
-0.37999999999999545
0.6200000000000045
2.6200000000000045
573.62
-1.3799999999999955
-0.37999999999999545
-2.3799999999999955
-8.379999999999995
5.6200000000000045
-5.3799999999999955
-0.37999999999999545
35.620000000000005
-0.37999999999999545
-4.3799999999999955
53.620000000000005
-1.3799999999999955
1.6200000000000045
-0.37999999999999545
51.620000000000005
-0.37999999999999545
382.62
119.62
1.6200000000000045
-6.3799999999999955
-13.379999999999995
37.620000000000005
46.620000000000005
-7.3799999999999955
81.62
-2.3799999999999955
-3.3799999999999955
-1.3799999999999955
48.620000000000005
-8.379999999999995
-2.3799999999999955
-0.37999999999999545
101.62
-0.37999999999999545
-4.3799999999999955
-5.3799999999999955
-8.379999999999995
-8.379999999999995
56.620000000000005
-0.37999999999999545
-5.3799999999999955
33.620000000000005
-2.3799999999999955
1.6200000000000045
2.6200000000000045
46.620000000000005
-8.379999999999995
-1.3799999999999955
2.6200000000000045
-3.3799999999999955
-10.379999999999995
-10.379999999999995
-2.3799999999999955
-8.379999999999995
54.620000000000005
395.62
-1.3799999999999955
-18.379999999999995
-2.3799999999999955
-2.3799999999999955
3.6200000000000045
-5.3799999999999955
-2.3799999999999955
43.620000000000005
46.620000000000005
-0.37999999999999545
89.62
-13.379999999999995
-2.3799999999999955
-1.3799999999999955
-1.3799999999999955
-4.3799999999999955
65.62
-16.379999999999995
-2.3799999999999955
2.6200000000000045
-0.37999999999999545
52.620000000000005
295.62
7.6200000000000045
-4.3799999999999955
-1.3799999999999955
-2.3799999999999955
-2.3799999999999955
0.6200000000000045
-6.3799999999999955
-2.3799999999999955
-8.379999999999995
-6.3799999999999955
144.62
-0.37999999999999545
-0.37999999999999545
49.620000000000005
-5.3799999999999955
1.6200000000000045
-5.3799999999999955
-1.3799999999999955
-17.379999999999995
-5.3799999999999955
7.6200000000000045
-7.3799999999999955
-0.37999999999999545
-6.3799999999999955
-2.3799999999999955
-0.37999999999999545
-16.379999999999995
-8.379999999999995
1.6200000000000045
-8.379999999999995
-6.3799999999999955
62.620000000000005
352.62
-9.379999999999995
-5.3799999999999955
-1.3799999999999955
0.6200000000000045
-4.3799999999999955
-5.3799999999999955
41.620000000000005
49.620000000000005
2.6200000000000045
465.62
1.6200000000000045
0.6200000000000045
-1.3799999999999955
-5.3799999999999955
439.62
-0.37999999999999545
52.620000000000005
-6.3799999999999955
-0.37999999999999545
-1.3799999999999955
138.62
-3.3799999999999955
-2.3799999999999955
-5.3799999999999955
-14.379999999999995
-5.3799999999999955
8.620000000000005
50.620000000000005
55.620000000000005
-12.379999999999995
0.6200000000000045
2.6200000000000045
-2.3799999999999955
-6.3799999999999955
-2.3799999999999955
5.6200000000000045
-10.379999999999995
224.62
45.620000000000005
-2.3799999999999955
9.620000000000005
-0.37999999999999545
-5.3799999999999955
-4.3799999999999955
0.6200000000000045
-0.37999999999999545
-4.3799999999999955
3.6200000000000045
-4.3799999999999955
-7.3799999999999955
1.6200000000000045
-4.3799999999999955
-2.3799999999999955
-2.3799999999999955
-2.3799999999999955
-1.3799999999999955
-0.37999999999999545
5.6200000000000045
-1.3799999999999955
-5.3799999999999955
-1.3799999999999955
47.620000000000005
-10.379999999999995
35.620000000000005
1.6200000000000045
-8.379999999999995
-1.3799999999999955
-1.3799999999999955
5.6200000000000045
53.620000000000005
-6.3799999999999955
-1.3799999999999955
-7.3799999999999955
-41.379999999999995
41.620000000000005
53.620000000000005
341.62
-1.3799999999999955
-1.3799999999999955
490.62
5.6200000000000045
-7.3799999999999955
2.6200000000000045
1.6200000000000045
51.620000000000005
-1.3799999999999955
-6.3799999999999955
-4.3799999999999955
-7.3799999999999955
-4.3799999999999955
58.620000000000005
83.62
-9.379999999999995
40.620000000000005
-2.3799999999999955
33.620000000000005
-0.37999999999999545
2.6200000000000045
-12.379999999999995
-4.3799999999999955
-16.379999999999995
-0.37999999999999545
-0.37999999999999545
58.620000000000005
209.62
0.6200000000000045
-1.3799999999999955
-0.37999999999999545
40.620000000000005
7.6200000000000045
-1.3799999999999955
0.6200000000000045
49.620000000000005
0.6200000000000045
35.620000000000005
-4.3799999999999955
91.62
-1.3799999999999955
39.620000000000005
-0.37999999999999545
-8.379999999999995
-4.3799999999999955
50.620000000000005
41.620000000000005
-2.3799999999999955
-5.3799999999999955
-8.379999999999995
1.6200000000000045
-4.3799999999999955
1.6200000000000045
-7.3799999999999955
1.6200000000000045
-2.3799999999999955
-4.3799999999999955
-8.379999999999995
2.6200000000000045
-4.3799999999999955
2.6200000000000045
-7.3799999999999955
54.620000000000005
-7.3799999999999955
2.6200000000000045
-9.379999999999995
6.6200000000000045
1.6200000000000045
-3.3799999999999955
-9.379999999999995
-8.379999999999995
-4.3799999999999955
5.6200000000000045
-5.3799999999999955
-0.37999999999999545
-11.379999999999995
2.6200000000000045
2.6200000000000045
34.620000000000005
-4.3799999999999955
-4.3799999999999955
-2.3799999999999955
-0.37999999999999545
8.620000000000005
-10.379999999999995
293.62
-1.3799999999999955
42.620000000000005
-7.3799999999999955
-2.3799999999999955
-0.37999999999999545
-2.3799999999999955
-1.3799999999999955
-2.3799999999999955
-5.3799999999999955
2.6200000000000045
2.6200000000000045
2.6200000000000045
1.6200000000000045
90.62
-0.37999999999999545
-1.3799999999999955
-12.379999999999995
-2.3799999999999955
1.6200000000000045
-2.3799999999999955
-4.3799999999999955
5.6200000000000045
3.6200000000000045
37.620000000000005
-1.3799999999999955
-2.3799999999999955
1.6200000000000045
33.620000000000005
51.620000000000005
-1.3799999999999955
-4.3799999999999955
-8.379999999999995
1.6200000000000045
1.6200000000000045
34.620000000000005
286.62
-2.3799999999999955
-0.37999999999999545
-0.37999999999999545
-5.3799999999999955
1.6200000000000045
-0.37999999999999545
-1.3799999999999955
-2.3799999999999955
-9.379999999999995
-13.379999999999995
47.620000000000005
-1.3799999999999955
5.6200000000000045
-1.3799999999999955
-7.3799999999999955
2.6200000000000045
3.6200000000000045
-1.3799999999999955
-1.3799999999999955
-2.3799999999999955
-2.3799999999999955
-3.3799999999999955
-5.3799999999999955
-5.3799999999999955
225.62
0.6200000000000045
164.62
-2.3799999999999955
-1.3799999999999955
-0.37999999999999545
-2.3799999999999955
-6.3799999999999955
-2.3799999999999955
-1.3799999999999955
-8.379999999999995
49.620000000000005
34.620000000000005
-2.3799999999999955
2.6200000000000045
-4.3799999999999955
-4.3799999999999955
-1.3799999999999955
-6.3799999999999955
4.6200000000000045
-1.3799999999999955
-7.3799999999999955
5.6200000000000045
3.6200000000000045
-1.3799999999999955
1.6200000000000045
-5.3799999999999955
-1.3799999999999955
0.6200000000000045
126.62
-2.3799999999999955
1.6200000000000045
49.620000000000005
-8.379999999999995
120.62
-0.37999999999999545
-2.3799999999999955
46.620000000000005
2.6200000000000045
-1.3799999999999955
2.6200000000000045
2.6200000000000045
362.62
-7.3799999999999955
50.620000000000005
-5.3799999999999955
-8.379999999999995
-8.379999999999995
-1.3799999999999955
33.620000000000005
1.6200000000000045
-5.3799999999999955
-5.3799999999999955
-3.3799999999999955
2.6200000000000045
2.6200000000000045
-1.3799999999999955
-4.3799999999999955
0.6200000000000045
-4.3799999999999955
2.6200000000000045
-0.37999999999999545
2.6200000000000045
2.6200000000000045
3.6200000000000045
-5.3799999999999955
1.6200000000000045
-0.37999999999999545
4.6200000000000045
-8.379999999999995
-5.3799999999999955
-0.37999999999999545
-4.3799999999999955
38.620000000000005
-33.379999999999995
36.620000000000005
-1.3799999999999955
-8.379999999999995
8.620000000000005
-1.3799999999999955
-5.3799999999999955
-8.379999999999995
-2.3799999999999955
354.62
-4.3799999999999955
-4.3799999999999955
-0.37999999999999545
2.6200000000000045
-8.379999999999995
-5.3799999999999955
4.6200000000000045
104.62
-2.3799999999999955
-5.3799999999999955
-18.379999999999995
3.6200000000000045
-4.3799999999999955
52.620000000000005
307.62
-2.3799999999999955
-1.3799999999999955
1.6200000000000045
-5.3799999999999955
49.620000000000005
-8.379999999999995
-5.3799999999999955
-0.37999999999999545
51.620000000000005
-29.379999999999995
1.6200000000000045
353.62
-0.37999999999999545
4.6200000000000045
2.6200000000000045
-13.379999999999995
-7.3799999999999955
-2.3799999999999955
116.62
-8.379999999999995
5.6200000000000045
-2.3799999999999955
82.62
-11.379999999999995
-0.37999999999999545
-1.3799999999999955
73.62
-2.3799999999999955
-1.3799999999999955
394.62
2.6200000000000045
593.62
5.6200000000000045
-7.3799999999999955
1.6200000000000045
3.6200000000000045
-1.3799999999999955
137.62
-6.3799999999999955
-1.3799999999999955
-0.37999999999999545
-7.3799999999999955
3.6200000000000045
-1.3799999999999955
-5.3799999999999955
1.6200000000000045
-2.3799999999999955
-2.3799999999999955
-18.379999999999995
-8.379999999999995
52.620000000000005
-1.3799999999999955
193.62
-5.3799999999999955
-1.3799999999999955
1.6200000000000045
50.620000000000005
-2.3799999999999955
-4.3799999999999955
3.6200000000000045
-7.3799999999999955
-2.3799999999999955
519.62
-5.3799999999999955
-0.37999999999999545
168.62
5.6200000000000045
-5.3799999999999955
-2.3799999999999955
1.6200000000000045
-8.379999999999995
-2.3799999999999955
-5.3799999999999955
-2.3799999999999955
-6.3799999999999955
-5.3799999999999955
3.6200000000000045
285.62
0.6200000000000045
5.6200000000000045
1.6200000000000045
-4.3799999999999955
-4.3799999999999955
54.620000000000005
-0.37999999999999545
2.6200000000000045
-0.37999999999999545
-0.37999999999999545
54.620000000000005
-4.3799999999999955
2.6200000000000045
-6.3799999999999955
-1.3799999999999955
369.62
-1.3799999999999955
-5.3799999999999955
73.62
-0.37999999999999545
-6.3799999999999955
-2.3799999999999955
-8.379999999999995
5.6200000000000045
-7.3799999999999955
1.6200000000000045
-0.37999999999999545
4.6200000000000045
0.6200000000000045
-5.3799999999999955
-7.3799999999999955
-8.379999999999995
-5.3799999999999955
-0.37999999999999545
1.6200000000000045
-4.3799999999999955
0.6200000000000045
-2.3799999999999955
6.6200000000000045
-5.3799999999999955
-7.3799999999999955
-2.3799999999999955
1.6200000000000045
-7.3799999999999955
50.620000000000005
-5.3799999999999955
-4.3799999999999955
3.6200000000000045
-8.379999999999995
1.6200000000000045
56.620000000000005
-8.379999999999995
32.620000000000005
-21.379999999999995
-2.3799999999999955
373.62
-1.3799999999999955
-0.37999999999999545
4.6200000000000045
-4.3799999999999955
-2.3799999999999955
-2.3799999999999955
-2.3799999999999955
-2.3799999999999955
453.62
-1.3799999999999955
-1.3799999999999955
2.6200000000000045
-2.3799999999999955
43.620000000000005
1.6200000000000045
-5.3799999999999955
-8.379999999999995
-4.3799999999999955
50.620000000000005
-4.3799999999999955
6.6200000000000045
133.62
-1.3799999999999955
-2.3799999999999955
-0.37999999999999545
-2.3799999999999955
-9.379999999999995
-2.3799999999999955
43.620000000000005
0.6200000000000045
-2.3799999999999955
-1.3799999999999955
-10.379999999999995
-0.37999999999999545
-1.3799999999999955
5.6200000000000045
-3.3799999999999955
-0.37999999999999545
3.6200000000000045
-0.37999999999999545
-0.37999999999999545
48.620000000000005
3.6200000000000045
383.62
2.6200000000000045
50.620000000000005
-2.3799999999999955
-10.379999999999995
-2.3799999999999955
-4.3799999999999955
5.6200000000000045
-6.3799999999999955
-2.3799999999999955
49.620000000000005
-5.3799999999999955
-1.3799999999999955
-2.3799999999999955
-1.3799999999999955
51.620000000000005
-4.3799999999999955
-4.3799999999999955
55.620000000000005
1.6200000000000045
-5.3799999999999955
-2.3799999999999955
6.6200000000000045
-16.379999999999995
-0.37999999999999545
-0.37999999999999545
-2.3799999999999955
-2.3799999999999955
-5.3799999999999955
-4.3799999999999955
2.6200000000000045
0.6200000000000045
-6.3799999999999955
482.62
-1.3799999999999955
-5.3799999999999955
5.6200000000000045
-1.3799999999999955
52.620000000000005
-2.3799999999999955
2.6200000000000045
1.6200000000000045
-2.3799999999999955
2.6200000000000045
-1.3799999999999955
1.6200000000000045
-16.379999999999995
31.620000000000005
-2.3799999999999955
0.6200000000000045
-8.379999999999995
-6.3799999999999955
-1.3799999999999955
3.6200000000000045
-12.379999999999995
-2.3799999999999955
1.6200000000000045
47.620000000000005
-0.37999999999999545
408.62
-8.379999999999995
-0.37999999999999545
-2.3799999999999955
-12.379999999999995
-0.37999999999999545
-4.3799999999999955
-0.37999999999999545
-5.3799999999999955
-11.379999999999995
-8.379999999999995
2.6200000000000045
62.620000000000005
231.62
-1.3799999999999955
-0.37999999999999545
1.6200000000000045
-1.3799999999999955
-0.37999999999999545
49.620000000000005
-6.3799999999999955
12.620000000000005
5.6200000000000045
-0.37999999999999545
-9.379999999999995
-8.379999999999995
-24.379999999999995
-6.3799999999999955
-6.3799999999999955
-5.3799999999999955
-6.3799999999999955
-2.3799999999999955
-1.3799999999999955
-2.3799999999999955
2.6200000000000045
-13.379999999999995
34.620000000000005
2.6200000000000045
-0.37999999999999545
-0.37999999999999545
4.6200000000000045
-3.3799999999999955
-1.3799999999999955
-3.3799999999999955
1.6200000000000045
-7.3799999999999955
2.6200000000000045
-2.3799999999999955
3.6200000000000045
-15.379999999999995
-6.3799999999999955
4.6200000000000045
-7.3799999999999955
-20.379999999999995
-4.3799999999999955
-1.3799999999999955
-11.379999999999995
-3.3799999999999955
-6.3799999999999955
-2.3799999999999955
-6.3799999999999955
54.620000000000005
-16.379999999999995
483.62
2.6200000000000045
-64.38
-5.3799999999999955
-6.3799999999999955
-4.3799999999999955
55.620000000000005
0.6200000000000045
-28.379999999999995
-8.379999999999995
3.6200000000000045
-11.379999999999995
-8.379999999999995
-5.3799999999999955
-2.3799999999999955
33.620000000000005
-8.379999999999995
1.6200000000000045
167.62
49.620000000000005
-2.3799999999999955
-5.3799999999999955
-9.379999999999995
7.6200000000000045
-2.3799999999999955
-2.3799999999999955
-7.3799999999999955
-8.379999999999995
-2.3799999999999955
1.6200000000000045
-5.3799999999999955
-8.379999999999995
93.62
2.6200000000000045
-8.379999999999995
-8.379999999999995
-0.37999999999999545
54.620000000000005
-1.3799999999999955
2.6200000000000045
-7.3799999999999955
-4.3799999999999955
265.62
-5.3799999999999955
-17.379999999999995
-0.37999999999999545
463.62
-2.3799999999999955
-1.3799999999999955
378.62
-4.3799999999999955
-14.379999999999995
90.62
-1.3799999999999955
-4.3799999999999955
-1.3799999999999955
-5.3799999999999955
5.6200000000000045
2.6200000000000045
-1.3799999999999955
-5.3799999999999955
41.620000000000005
-2.3799999999999955
-9.379999999999995
-4.3799999999999955
-6.3799999999999955
-0.37999999999999545
-0.37999999999999545
41.620000000000005
-9.379999999999995
55.620000000000005
-2.3799999999999955
50.620000000000005
51.620000000000005
-2.3799999999999955
56.620000000000005
1.6200000000000045
-6.3799999999999955
1.6200000000000045
-1.3799999999999955
1.6200000000000045
-6.3799999999999955
-4.3799999999999955
-0.37999999999999545
2.6200000000000045
1.6200000000000045
60.620000000000005
-2.3799999999999955
3.6200000000000045
-4.3799999999999955
-0.37999999999999545
0.6200000000000045
-0.37999999999999545
-1.3799999999999955
2.6200000000000045
-1.3799999999999955
-2.3799999999999955
49.620000000000005
50.620000000000005
-4.3799999999999955
-2.3799999999999955
-1.3799999999999955
-19.379999999999995
-0.37999999999999545
40.620000000000005
-6.3799999999999955
2.6200000000000045
-2.3799999999999955
2.6200000000000045
-0.37999999999999545
-8.379999999999995
1.6200000000000045
