0.29000000000000625
-3.7099999999999937
-1.7099999999999937
-5.709999999999994
1.2900000000000063
-3.7099999999999937
-1.7099999999999937
-3.7099999999999937
-3.7099999999999937
186.29000000000002
-0.7099999999999937
-6.709999999999994
-2.7099999999999937
1.2900000000000063
-5.709999999999994
0.29000000000000625
0.29000000000000625
-3.7099999999999937
-1.7099999999999937
-3.7099999999999937
-0.7099999999999937
-3.7099999999999937
-9.709999999999994
0.29000000000000625
0.29000000000000625
377.29
4.290000000000006
68.29
-2.7099999999999937
2.2900000000000063
-1.7099999999999937
-0.7099999999999937
-2.7099999999999937
-1.7099999999999937
-3.7099999999999937
-2.7099999999999937
-5.709999999999994
-1.7099999999999937
73.29
90.29
-1.7099999999999937
312.29
-3.7099999999999937
0.29000000000000625
-17.709999999999994
3.2900000000000063
1.2900000000000063
-1.7099999999999937
-9.709999999999994
-7.709999999999994
-2.7099999999999937
-3.7099999999999937
0.29000000000000625
-2.7099999999999937
-1.7099999999999937
-1.7099999999999937
-9.709999999999994
2.2900000000000063
0.29000000000000625
-1.7099999999999937
72.29
-10.709999999999994
-1.7099999999999937
-1.7099999999999937
-3.7099999999999937
-2.7099999999999937
92.29
-5.709999999999994
0.29000000000000625
-5.709999999999994
-2.7099999999999937
-1.7099999999999937
-10.709999999999994
-0.7099999999999937
-3.7099999999999937
82.29
-14.709999999999994
-1.7099999999999937
4.290000000000006
-3.7099999999999937
-3.7099999999999937
78.29
-6.709999999999994
-11.709999999999994
-2.7099999999999937
0.29000000000000625
71.29
0.29000000000000625
-2.7099999999999937
-1.7099999999999937
5.290000000000006
-26.709999999999994
9.290000000000006
221.29000000000002
1.2900000000000063
-8.709999999999994
0.29000000000000625
-1.7099999999999937
0.29000000000000625
-0.7099999999999937
-0.7099999999999937
4.290000000000006
-6.709999999999994
2.2900000000000063
0.29000000000000625
-1.7099999999999937
1.2900000000000063
1.2900000000000063
-8.709999999999994
-3.7099999999999937
89.29
-13.709999999999994
1.2900000000000063
0.29000000000000625
-0.7099999999999937
-2.7099999999999937
-6.709999999999994
0.29000000000000625
-6.709999999999994
5.290000000000006
1.2900000000000063
-3.7099999999999937
-2.7099999999999937
-2.7099999999999937
-4.709999999999994
-1.7099999999999937
-2.7099999999999937
-6.709999999999994
-17.709999999999994
0.29000000000000625
6.290000000000006
-8.709999999999994
-8.709999999999994
-1.7099999999999937
0.29000000000000625
-0.7099999999999937
2.2900000000000063
0.29000000000000625
-1.7099999999999937
4.290000000000006
4.290000000000006
-6.709999999999994
-1.7099999999999937
0.29000000000000625
0.29000000000000625
-2.7099999999999937
0.29000000000000625
1.2900000000000063
-0.7099999999999937
-6.709999999999994
-10.709999999999994
-10.709999999999994
-10.709999999999994
-0.7099999999999937
0.29000000000000625
-5.709999999999994
-1.7099999999999937
2.2900000000000063
-1.7099999999999937
2.2900000000000063
-1.7099999999999937
2.2900000000000063
-2.7099999999999937
0.29000000000000625
79.29
-5.709999999999994
-3.7099999999999937
1.2900000000000063
-1.7099999999999937
-2.7099999999999937
-4.709999999999994
-6.709999999999994
-2.7099999999999937
-1.7099999999999937
-2.7099999999999937
-3.7099999999999937
-6.709999999999994
2.2900000000000063
-1.7099999999999937
-0.7099999999999937
3.2900000000000063
-1.7099999999999937
-6.709999999999994
-6.709999999999994
-2.7099999999999937
-2.7099999999999937
-9.709999999999994
0.29000000000000625
-20.709999999999994
-0.7099999999999937
0.29000000000000625
-3.7099999999999937
-5.709999999999994
-0.7099999999999937
158.29000000000002
33.290000000000006
-1.7099999999999937
-3.7099999999999937
-5.709999999999994
-6.709999999999994
0.29000000000000625
-1.7099999999999937
-1.7099999999999937
2.2900000000000063
-3.7099999999999937
-10.709999999999994
-5.709999999999994
-3.7099999999999937
-3.7099999999999937
2.2900000000000063
-5.709999999999994
0.29000000000000625
-1.7099999999999937
294.29
2.2900000000000063
-2.7099999999999937
1.2900000000000063
-9.709999999999994
-1.7099999999999937
3.2900000000000063
32.290000000000006
-10.709999999999994
-1.7099999999999937
-1.7099999999999937
-0.7099999999999937
-5.709999999999994
0.29000000000000625
1.2900000000000063
-3.7099999999999937
-2.7099999999999937
32.290000000000006
-2.7099999999999937
-2.7099999999999937
81.29
-6.709999999999994
-1.7099999999999937
1.2900000000000063
-2.7099999999999937
215.29000000000002
0.29000000000000625
-0.7099999999999937
-1.7099999999999937
-0.7099999999999937
-2.7099999999999937
1.2900000000000063
-1.7099999999999937
-1.7099999999999937
-1.7099999999999937
0.29000000000000625
-1.7099999999999937
-10.709999999999994
3.2900000000000063
0.29000000000000625
-13.709999999999994
-1.7099999999999937
-3.7099999999999937
-3.7099999999999937
-0.7099999999999937
-1.7099999999999937
-12.709999999999994
-8.709999999999994
0.29000000000000625
-1.7099999999999937
-3.7099999999999937
-16.709999999999994
-3.7099999999999937
-12.709999999999994
-1.7099999999999937
-3.7099999999999937
-1.7099999999999937
-11.709999999999994
1.2900000000000063
-0.7099999999999937
1.2900000000000063
84.29
0.29000000000000625
-2.7099999999999937
156.29000000000002
-1.7099999999999937
2.2900000000000063
-2.7099999999999937
5.290000000000006
-1.7099999999999937
361.29
98.29
2.2900000000000063
98.29
2.2900000000000063
-2.7099999999999937
-13.709999999999994
-3.7099999999999937
-0.7099999999999937
-6.709999999999994
-3.7099999999999937
-0.7099999999999937
-2.7099999999999937
-1.7099999999999937
0.29000000000000625
-1.7099999999999937
-0.7099999999999937
-2.7099999999999937
0.29000000000000625
-6.709999999999994
70.29
-4.709999999999994
-10.709999999999994
0.29000000000000625
71.29
242.29000000000002
-15.709999999999994
1.2900000000000063
1.2900000000000063
1.2900000000000063
-1.7099999999999937
-4.709999999999994
30.290000000000006
3.2900000000000063
2.2900000000000063
28.290000000000006
-1.7099999999999937
409.29
-0.7099999999999937
-1.7099999999999937
-2.7099999999999937
-1.7099999999999937
-3.7099999999999937
-5.709999999999994
-1.7099999999999937
-3.7099999999999937
256.29
-2.7099999999999937
-1.7099999999999937
-3.7099999999999937
29.290000000000006
-12.709999999999994
-3.7099999999999937
1.2900000000000063
-7.709999999999994
-8.709999999999994
-1.7099999999999937
1.2900000000000063
4.290000000000006
-1.7099999999999937
-3.7099999999999937
389.29
179.29000000000002
-1.7099999999999937
-13.709999999999994
1.2900000000000063
-6.709999999999994
30.290000000000006
-2.7099999999999937
-3.7099999999999937
-2.7099999999999937
-3.7099999999999937
0.29000000000000625
-1.7099999999999937
-0.7099999999999937
-0.7099999999999937
0.29000000000000625
3.2900000000000063
74.29
0.29000000000000625
-3.7099999999999937
0.29000000000000625
1.2900000000000063
1.2900000000000063
1.2900000000000063
-0.7099999999999937
-1.7099999999999937
0.29000000000000625
-3.7099999999999937
-3.7099999999999937
-2.7099999999999937
-29.709999999999994
-6.709999999999994
0.29000000000000625
3.2900000000000063
-6.709999999999994
-1.7099999999999937
-1.7099999999999937
-1.7099999999999937
-3.7099999999999937
89.29
-1.7099999999999937
1.2900000000000063
4.290000000000006
-1.7099999999999937
-12.709999999999994
-1.7099999999999937
1.2900000000000063
-3.7099999999999937
-3.7099999999999937
-1.7099999999999937
1.2900000000000063
382.29
-5.709999999999994
-1.7099999999999937
-0.7099999999999937
-12.709999999999994
22.290000000000006
-3.7099999999999937
-3.7099999999999937
-1.7099999999999937
2.2900000000000063
-2.7099999999999937
1.2900000000000063
-4.709999999999994
-5.709999999999994
0.29000000000000625
-10.709999999999994
-2.7099999999999937
0.29000000000000625
1.2900000000000063
115.29
-37.709999999999994
44.290000000000006
3.2900000000000063
0.29000000000000625
-3.7099999999999937
1.2900000000000063
-20.709999999999994
-1.7099999999999937
2.2900000000000063
-4.709999999999994
0.29000000000000625
2.2900000000000063
-21.709999999999994
0.29000000000000625
4.290000000000006
1.2900000000000063
-0.7099999999999937
-5.709999999999994
2.2900000000000063
-2.7099999999999937
0.29000000000000625
-18.709999999999994
-6.709999999999994
1.2900000000000063
-1.7099999999999937
2.2900000000000063
-1.7099999999999937
-2.7099999999999937
-1.7099999999999937
1.2900000000000063
-4.709999999999994
-5.709999999999994
-3.7099999999999937
0.29000000000000625
-3.7099999999999937
-6.709999999999994
-2.7099999999999937
-2.7099999999999937
-1.7099999999999937
2.2900000000000063
-2.7099999999999937
-6.709999999999994
-7.709999999999994
-17.709999999999994
-3.7099999999999937
-2.7099999999999937
-1.7099999999999937
337.29
-2.7099999999999937
1.2900000000000063
-0.7099999999999937
-6.709999999999994
-2.7099999999999937
0.29000000000000625
-1.7099999999999937
-3.7099999999999937
-2.7099999999999937
-10.709999999999994
2.2900000000000063
-1.7099999999999937
4.290000000000006
-0.7099999999999937
-2.7099999999999937
-1.7099999999999937
1.2900000000000063
-3.7099999999999937
-3.7099999999999937
1.2900000000000063
0.29000000000000625
0.29000000000000625
-1.7099999999999937
-2.7099999999999937
70.29
-0.7099999999999937
0.29000000000000625
1.2900000000000063
188.29000000000002
0.29000000000000625
-5.709999999999994
-1.7099999999999937
-3.7099999999999937
3.2900000000000063
-1.7099999999999937
-5.709999999999994
116.29
-0.7099999999999937
-2.7099999999999937
-3.7099999999999937
-2.7099999999999937
0.29000000000000625
1.2900000000000063
-9.709999999999994
-5.709999999999994
-6.709999999999994
-1.7099999999999937
-6.709999999999994
-1.7099999999999937
-5.709999999999994
0.29000000000000625
1.2900000000000063
2.2900000000000063
-6.709999999999994
-1.7099999999999937
-2.7099999999999937
-2.7099999999999937
0.29000000000000625
2.2900000000000063
-5.709999999999994
-1.7099999999999937
1.2900000000000063
1.2900000000000063
0.29000000000000625
0.29000000000000625
1.2900000000000063
-4.709999999999994
-1.7099999999999937
-1.7099999999999937
-0.7099999999999937
2.2900000000000063
-3.7099999999999937
-1.7099999999999937
0.29000000000000625
-1.7099999999999937
-6.709999999999994
-9.709999999999994
0.29000000000000625
0.29000000000000625
-3.7099999999999937
-2.7099999999999937
0.29000000000000625
-2.7099999999999937
-8.709999999999994
-1.7099999999999937
3.2900000000000063
-3.7099999999999937
-2.7099999999999937
0.29000000000000625
2.2900000000000063
-6.709999999999994
-0.7099999999999937
-7.709999999999994
-15.709999999999994
-4.709999999999994
-0.7099999999999937
-1.7099999999999937
-1.7099999999999937
-3.7099999999999937
0.29000000000000625
30.290000000000006
3.2900000000000063
-13.709999999999994
-9.709999999999994
-6.709999999999994
3.2900000000000063
-2.7099999999999937
6.290000000000006
2.2900000000000063
-0.7099999999999937
-5.709999999999994
-6.709999999999994
87.29
1.2900000000000063
1.2900000000000063
134.29000000000002
0.29000000000000625
0.29000000000000625
-2.7099999999999937
0.29000000000000625
-6.709999999999994
5.290000000000006
-1.7099999999999937
-1.7099999999999937
0.29000000000000625
-2.7099999999999937
-14.709999999999994
2.2900000000000063
0.29000000000000625
129.29000000000002
-0.7099999999999937
-1.7099999999999937
-29.709999999999994
-1.7099999999999937
1.2900000000000063
-1.7099999999999937
-8.709999999999994
110.29
2.2900000000000063
-11.709999999999994
-7.709999999999994
-1.7099999999999937
4.290000000000006
-1.7099999999999937
-12.709999999999994
-1.7099999999999937
62.290000000000006
-19.709999999999994
-4.709999999999994
-2.7099999999999937
1.2900000000000063
-1.7099999999999937
119.29
-9.709999999999994
0.29000000000000625
-7.709999999999994
-5.709999999999994
-5.709999999999994
-3.7099999999999937
-0.7099999999999937
-3.7099999999999937
28.290000000000006
-1.7099999999999937
-3.7099999999999937
0.29000000000000625
0.29000000000000625
-1.7099999999999937
-0.7099999999999937
-5.709999999999994
1.2900000000000063
-4.709999999999994
-1.7099999999999937
-0.7099999999999937
-3.7099999999999937
-9.709999999999994
0.29000000000000625
1.2900000000000063
-8.709999999999994
0.29000000000000625
-2.7099999999999937
-0.7099999999999937
-21.709999999999994
0.29000000000000625
-2.7099999999999937
-2.7099999999999937
0.29000000000000625
-1.7099999999999937
-1.7099999999999937
-1.7099999999999937
4.290000000000006
-1.7099999999999937
68.29
26.290000000000006
-1.7099999999999937
1.2900000000000063
-2.7099999999999937
-9.709999999999994
0.29000000000000625
3.2900000000000063
-2.7099999999999937
-6.709999999999994
1.2900000000000063
-3.7099999999999937
-1.7099999999999937
-1.7099999999999937
1.2900000000000063
-0.7099999999999937
1.2900000000000063
1.2900000000000063
-6.709999999999994
1.2900000000000063
-1.7099999999999937
-7.709999999999994
1.2900000000000063
1.2900000000000063
-5.709999999999994
-9.709999999999994
-1.7099999999999937
185.29000000000002
-2.7099999999999937
-3.7099999999999937
-8.709999999999994
-6.709999999999994
-13.709999999999994
-6.709999999999994
0.29000000000000625
-5.709999999999994
31.290000000000006
1.2900000000000063
-5.709999999999994
1.2900000000000063
2.2900000000000063
3.2900000000000063
-5.709999999999994
0.29000000000000625
-2.7099999999999937
-2.7099999999999937
0.29000000000000625
-5.709999999999994
1.2900000000000063
1.2900000000000063
1.2900000000000063
2.2900000000000063
-2.7099999999999937
-2.7099999999999937
-5.709999999999994
-1.7099999999999937
-2.7099999999999937
-6.709999999999994
-0.7099999999999937
-0.7099999999999937
314.29
-1.7099999999999937
-5.709999999999994
-0.7099999999999937
-2.7099999999999937
-2.7099999999999937
0.29000000000000625
0.29000000000000625
0.29000000000000625
-3.7099999999999937
-8.709999999999994
1.2900000000000063
0.29000000000000625
1.2900000000000063
65.29
-4.709999999999994
-2.7099999999999937
2.2900000000000063
-1.7099999999999937
-1.7099999999999937
0.29000000000000625
1.2900000000000063
2.2900000000000063
0.29000000000000625
-2.7099999999999937
-2.7099999999999937
0.29000000000000625
0.29000000000000625
-5.709999999999994
166.29000000000002
1.2900000000000063
-1.7099999999999937
0.29000000000000625
-12.709999999999994
-1.7099999999999937
4.290000000000006
1.2900000000000063
1.2900000000000063
1.2900000000000063
25.290000000000006
106.29
-4.709999999999994
-4.709999999999994
-1.7099999999999937
-5.709999999999994
-0.7099999999999937
-13.709999999999994
3.2900000000000063
0.29000000000000625
-2.7099999999999937
-1.7099999999999937
0.29000000000000625
1.2900000000000063
258.29
-10.709999999999994
-2.7099999999999937
-9.709999999999994
-12.709999999999994
-3.7099999999999937
425.29
89.29
207.29000000000002
-0.7099999999999937
-4.709999999999994
1.2900000000000063
-2.7099999999999937
-0.7099999999999937
2.2900000000000063
153.29000000000002
-0.7099999999999937
0.29000000000000625
2.2900000000000063
-3.7099999999999937
-0.7099999999999937
-9.709999999999994
-11.709999999999994
-1.7099999999999937
-1.7099999999999937
-1.7099999999999937
-1.7099999999999937
-1.7099999999999937
-5.709999999999994
-0.7099999999999937
-2.7099999999999937
-1.7099999999999937
0.29000000000000625
0.29000000000000625
-17.709999999999994
-1.7099999999999937
-2.7099999999999937
193.29000000000002
-1.7099999999999937
-3.7099999999999937
-2.7099999999999937
0.29000000000000625
-1.7099999999999937
-8.709999999999994
-1.7099999999999937
65.29
-8.709999999999994
-3.7099999999999937
-1.7099999999999937
-1.7099999999999937
-1.7099999999999937
-3.7099999999999937
-2.7099999999999937
0.29000000000000625
0.29000000000000625
-5.709999999999994
-1.7099999999999937
-2.7099999999999937
0.29000000000000625
3.2900000000000063
-3.7099999999999937
5.290000000000006
6.290000000000006
0.29000000000000625
-7.709999999999994
-7.709999999999994
-5.709999999999994
-4.709999999999994
-1.7099999999999937
1.2900000000000063
0.29000000000000625
-7.709999999999994
1.2900000000000063
1.2900000000000063
103.29
-22.709999999999994
5.290000000000006
-2.7099999999999937
-2.7099999999999937
-4.709999999999994
-0.7099999999999937
-3.7099999999999937
-3.7099999999999937
-1.7099999999999937
2.2900000000000063
0.29000000000000625
-4.709999999999994
1.2900000000000063
0.29000000000000625
2.2900000000000063
-3.7099999999999937
-0.7099999999999937
170.29000000000002
0.29000000000000625
-5.709999999999994
-1.7099999999999937
-3.7099999999999937
-3.7099999999999937
-8.709999999999994
320.29
-4.709999999999994
-4.709999999999994
3.2900000000000063
-1.7099999999999937
-5.709999999999994
-5.709999999999994
0.29000000000000625
0.29000000000000625
1.2900000000000063
-3.7099999999999937
-3.7099999999999937
-5.709999999999994
0.29000000000000625
0.29000000000000625
-2.7099999999999937
-1.7099999999999937
-5.709999999999994
30.290000000000006
0.29000000000000625
2.2900000000000063
-1.7099999999999937
0.29000000000000625
-5.709999999999994
1.2900000000000063
1.2900000000000063
-9.709999999999994
-5.709999999999994
-9.709999999999994
-1.7099999999999937
-6.709999999999994
-2.7099999999999937
-8.709999999999994
-3.7099999999999937
-18.709999999999994
-1.7099999999999937
-1.7099999999999937
-1.7099999999999937
1.2900000000000063
2.2900000000000063
0.29000000000000625
0.29000000000000625
-3.7099999999999937
-2.7099999999999937
385.29
2.2900000000000063
-1.7099999999999937
-1.7099999999999937
-7.709999999999994
-5.709999999999994
-10.709999999999994
0.29000000000000625
-2.7099999999999937
0.29000000000000625
-1.7099999999999937
-3.7099999999999937
4.290000000000006
1.2900000000000063
-2.7099999999999937
0.29000000000000625
-2.7099999999999937
1.2900000000000063
-7.709999999999994
0.29000000000000625
-0.7099999999999937
-2.7099999999999937
-1.7099999999999937
1.2900000000000063
90.29
-1.7099999999999937
-2.7099999999999937
-1.7099999999999937
-0.7099999999999937
-2.7099999999999937
-15.709999999999994
0.29000000000000625
80.29
0.29000000000000625
-6.709999999999994
-2.7099999999999937
-1.7099999999999937
139.29000000000002
-12.709999999999994
-5.709999999999994
0.29000000000000625
1.2900000000000063
-6.709999999999994
4.290000000000006
-5.709999999999994
-7.709999999999994
0.29000000000000625
1.2900000000000063
-1.7099999999999937
-2.7099999999999937
0.29000000000000625
-2.7099999999999937
0.29000000000000625
-2.7099999999999937
-10.709999999999994
-1.7099999999999937
1.2900000000000063
1.2900000000000063
-9.709999999999994
-7.709999999999994
1.2900000000000063
0.29000000000000625
-3.7099999999999937
-1.7099999999999937
-1.7099999999999937
-3.7099999999999937
-3.7099999999999937
-7.709999999999994
-3.7099999999999937
-7.709999999999994
-4.709999999999994
2.2900000000000063
-3.7099999999999937
4.290000000000006
-8.709999999999994
-2.7099999999999937
-1.7099999999999937
106.29
4.290000000000006
-2.7099999999999937
-2.7099999999999937
-10.709999999999994
-0.7099999999999937
-3.7099999999999937
-0.7099999999999937
113.29
2.2900000000000063
-2.7099999999999937
-1.7099999999999937
3.2900000000000063
107.29
-3.7099999999999937
2.2900000000000063
-1.7099999999999937
0.29000000000000625
94.29
-6.709999999999994
258.29
-0.7099999999999937
-8.709999999999994
1.2900000000000063
100.29
1.2900000000000063
-1.7099999999999937
-5.709999999999994
-1.7099999999999937
-1.7099999999999937
-7.709999999999994
32.290000000000006
-0.7099999999999937
-9.709999999999994
-6.709999999999994
-5.709999999999994
5.290000000000006
-1.7099999999999937
405.29
-3.7099999999999937
-2.7099999999999937
-34.709999999999994
38.290000000000006
-2.7099999999999937
-4.709999999999994
-3.7099999999999937
1.2900000000000063
-14.709999999999994
-1.7099999999999937
-2.7099999999999937
-0.7099999999999937
3.2900000000000063
0.29000000000000625
-3.7099999999999937
-2.7099999999999937
-6.709999999999994
-3.7099999999999937
-6.709999999999994
-1.7099999999999937
-1.7099999999999937
-9.709999999999994
0.29000000000000625
-0.7099999999999937
31.290000000000006
-7.709999999999994
-4.709999999999994
-9.709999999999994
2.2900000000000063
-14.709999999999994
2.2900000000000063
-2.7099999999999937
4.290000000000006
-1.7099999999999937
-2.7099999999999937
5.290000000000006
-2.7099999999999937
0.29000000000000625
-2.7099999999999937
1.2900000000000063
3.2900000000000063
1.2900000000000063
0.29000000000000625
-1.7099999999999937
-1.7099999999999937
276.29
0.29000000000000625
-2.7099999999999937
2.2900000000000063
-1.7099999999999937
1.2900000000000063
3.2900000000000063
1.2900000000000063
-0.7099999999999937
-1.7099999999999937
-8.709999999999994
2.2900000000000063
-11.709999999999994
-1.7099999999999937
-1.7099999999999937
-1.7099999999999937
-3.7099999999999937
0.29000000000000625
-4.709999999999994
-1.7099999999999937
-5.709999999999994
-3.7099999999999937
-5.709999999999994
0.29000000000000625
-2.7099999999999937
2.2900000000000063
-10.709999999999994
4.290000000000006
-1.7099999999999937
-1.7099999999999937
-6.709999999999994
-5.709999999999994
-3.7099999999999937
2.2900000000000063
-3.7099999999999937
76.29
411.29
-1.7099999999999937
-2.7099999999999937
3.2900000000000063
1.2900000000000063
2.2900000000000063
0.29000000000000625
-0.7099999999999937
2.2900000000000063
-2.7099999999999937
-5.709999999999994
-2.7099999999999937
0.29000000000000625
324.29
-2.7099999999999937
0.29000000000000625
91.29
-2.7099999999999937
-1.7099999999999937
0.29000000000000625
-3.7099999999999937
3.2900000000000063
-0.7099999999999937
1.2900000000000063
-4.709999999999994
0.29000000000000625
0.29000000000000625
-2.7099999999999937
-4.709999999999994
2.2900000000000063
-2.7099999999999937
-1.7099999999999937
1.2900000000000063
-0.7099999999999937
1.2900000000000063
-6.709999999999994
-2.7099999999999937
0.29000000000000625
33.290000000000006
-1.7099999999999937
-1.7099999999999937
-1.7099999999999937
-3.7099999999999937
-1.7099999999999937
-3.7099999999999937
-4.709999999999994
-7.709999999999994
-0.7099999999999937
94.29
-1.7099999999999937
-2.7099999999999937
-2.7099999999999937
0.29000000000000625
0.29000000000000625
-1.7099999999999937
-1.7099999999999937
-9.709999999999994
-0.7099999999999937
0.29000000000000625
-3.7099999999999937
0.29000000000000625
-5.709999999999994
-2.7099999999999937
5.290000000000006
200.29000000000002
-1.7099999999999937
-1.7099999999999937
-1.7099999999999937
3.2900000000000063
0.29000000000000625
0.29000000000000625
-1.7099999999999937
117.29
-1.7099999999999937
-2.7099999999999937
-1.7099999999999937
-1.7099999999999937
1.2900000000000063
2.2900000000000063
172.29000000000002
1.2900000000000063
300.29
-0.7099999999999937
-1.7099999999999937
-0.7099999999999937
5.290000000000006
-3.7099999999999937
0.29000000000000625
-1.7099999999999937
-6.709999999999994
72.29
-2.7099999999999937
-7.709999999999994
5.290000000000006
-0.7099999999999937
-1.7099999999999937
2.2900000000000063
-1.7099999999999937
-2.7099999999999937
-1.7099999999999937
-2.7099999999999937
-1.7099999999999937
-1.7099999999999937
1.2900000000000063
81.29
-4.709999999999994
-2.7099999999999937
1.2900000000000063
-4.709999999999994
-1.7099999999999937
-1.7099999999999937
3.2900000000000063
-1.7099999999999937
-4.709999999999994
-8.709999999999994
-0.7099999999999937
-8.709999999999994
-6.709999999999994
0.29000000000000625
1.2900000000000063
29.290000000000006
6.290000000000006
-4.709999999999994
-2.7099999999999937
-3.7099999999999937
-0.7099999999999937
0.29000000000000625
1.2900000000000063
-5.709999999999994
0.29000000000000625
2.2900000000000063
1.2900000000000063
-1.7099999999999937
-0.7099999999999937
85.29
4.290000000000006
4.290000000000006
4.290000000000006
0.29000000000000625
-1.7099999999999937
-3.7099999999999937
-1.7099999999999937
-5.709999999999994
-1.7099999999999937
0.29000000000000625
-32.709999999999994
39.290000000000006
-2.7099999999999937
-5.709999999999994
-2.7099999999999937
0.29000000000000625
-0.7099999999999937
-1.7099999999999937
-3.7099999999999937
-5.709999999999994
224.29000000000002
-2.7099999999999937
2.2900000000000063
-1.7099999999999937
-5.709999999999994
242.29000000000002
-1.7099999999999937
-3.7099999999999937
-2.7099999999999937
1.2900000000000063
-20.709999999999994
0.29000000000000625
1.2900000000000063
-0.7099999999999937
-5.709999999999994
143.29000000000002
-3.7099999999999937
70.29
-0.7099999999999937
-3.7099999999999937
-7.709999999999994
0.29000000000000625
-0.7099999999999937
-1.7099999999999937
-26.709999999999994
-0.7099999999999937
-6.709999999999994
0.29000000000000625
1.2900000000000063
-2.7099999999999937
-14.709999999999994
0.29000000000000625
-3.7099999999999937
2.2900000000000063
-5.709999999999994
-0.7099999999999937
-1.7099999999999937
-1.7099999999999937
-9.709999999999994
-3.7099999999999937
1.2900000000000063
-3.7099999999999937
391.29
0.29000000000000625
-6.709999999999994
2.2900000000000063
-30.709999999999994
0.29000000000000625
-7.709999999999994
1.2900000000000063
0.29000000000000625
-3.7099999999999937
-2.7099999999999937
383.29
-2.7099999999999937
2.2900000000000063
-1.7099999999999937
-1.7099999999999937
-3.7099999999999937
-1.7099999999999937
-1.7099999999999937
1.2900000000000063
0.29000000000000625
-9.709999999999994
-1.7099999999999937
0.29000000000000625
-1.7099999999999937
0.29000000000000625
1.2900000000000063
-3.7099999999999937
-1.7099999999999937
1.2900000000000063
0.29000000000000625
-2.7099999999999937
1.2900000000000063
-3.7099999999999937
-1.7099999999999937
-17.709999999999994
-2.7099999999999937
-1.7099999999999937
-2.7099999999999937
-0.7099999999999937
-5.709999999999994
3.2900000000000063
3.2900000000000063
-0.7099999999999937
132.29000000000002
-3.7099999999999937
78.29
-10.709999999999994
-1.7099999999999937
106.29
-7.709999999999994
4.290000000000006
0.29000000000000625
2.2900000000000063
-4.709999999999994
81.29
0.29000000000000625
0.29000000000000625
1.2900000000000063
2.2900000000000063
1.2900000000000063
-2.7099999999999937
-0.7099999999999937
1.2900000000000063
1.2900000000000063
135.29000000000002
307.29
-6.709999999999994
-7.709999999999994
1.2900000000000063
-5.709999999999994
-0.7099999999999937
63.290000000000006
-0.7099999999999937
3.2900000000000063
-3.7099999999999937
0.29000000000000625
-1.7099999999999937
-1.7099999999999937
3.2900000000000063
3.2900000000000063
-3.7099999999999937
-2.7099999999999937
1.2900000000000063
134.29000000000002
0.29000000000000625
-0.7099999999999937
2.2900000000000063
-1.7099999999999937
1.2900000000000063
0.29000000000000625
317.29
0.29000000000000625
125.29
-2.7099999999999937
-3.7099999999999937
-5.709999999999994
-8.709999999999994
3.2900000000000063
-3.7099999999999937
0.29000000000000625
-3.7099999999999937
-1.7099999999999937
34.290000000000006
-24.709999999999994
-6.709999999999994
-6.709999999999994
128.29000000000002
-2.7099999999999937
-1.7099999999999937
-1.7099999999999937
-2.7099999999999937
-1.7099999999999937
90.29
0.29000000000000625
-9.709999999999994
-1.7099999999999937
-3.7099999999999937
4.290000000000006
-5.709999999999994
-0.7099999999999937
-1.7099999999999937
-6.709999999999994
-2.7099999999999937
-1.7099999999999937
0.29000000000000625
-1.7099999999999937
-0.7099999999999937
-2.7099999999999937
-2.7099999999999937
-2.7099999999999937
-3.7099999999999937
-2.7099999999999937
-8.709999999999994
-1.7099999999999937
3.2900000000000063
-1.7099999999999937
-4.709999999999994
-2.7099999999999937
-11.709999999999994
78.29
-11.709999999999994
-1.7099999999999937
-1.7099999999999937
65.29
-1.7099999999999937
0.29000000000000625
4.290000000000006
-2.7099999999999937
-6.709999999999994
-12.709999999999994
0.29000000000000625
-1.7099999999999937
162.29000000000002
-14.709999999999994
-4.709999999999994
0.29000000000000625
1.2900000000000063
132.29000000000002
-5.709999999999994
-3.7099999999999937
-12.709999999999994
-3.7099999999999937
1.2900000000000063
2.2900000000000063
-3.7099999999999937
-5.709999999999994
445.29
4.290000000000006
122.29
0.29000000000000625
178.29000000000002
78.29
-8.709999999999994
103.29
-3.7099999999999937
2.2900000000000063
162.29000000000002
-1.7099999999999937
4.290000000000006
130.29000000000002
-3.7099999999999937
-4.709999999999994
-14.709999999999994
1.2900000000000063
1.2900000000000063
-1.7099999999999937
-4.709999999999994
1.2900000000000063
121.29
0.29000000000000625
-1.7099999999999937
-2.7099999999999937
-2.7099999999999937
-1.7099999999999937
0.29000000000000625
-13.709999999999994
30.290000000000006
-2.7099999999999937
-1.7099999999999937
-13.709999999999994
-6.709999999999994
65.29
-2.7099999999999937
-12.709999999999994
0.29000000000000625
2.2900000000000063
1.2900000000000063
0.29000000000000625
-17.709999999999994
-6.709999999999994
1.2900000000000063
-3.7099999999999937
-6.709999999999994
0.29000000000000625
-3.7099999999999937
1.2900000000000063
0.29000000000000625
-14.709999999999994
-10.709999999999994
-1.7099999999999937
4.290000000000006
0.29000000000000625
1.2900000000000063
-6.709999999999994
-1.7099999999999937
74.29
-1.7099999999999937
0.29000000000000625
-6.709999999999994
68.29
1.2900000000000063
-3.7099999999999937
-2.7099999999999937
374.29
-11.709999999999994
-3.7099999999999937
-0.7099999999999937
-2.7099999999999937
0.29000000000000625
-3.7099999999999937
-1.7099999999999937
-2.7099999999999937
2.2900000000000063
-9.709999999999994
-3.7099999999999937
3.2900000000000063
-1.7099999999999937
0.29000000000000625
-0.7099999999999937
0.29000000000000625
-2.7099999999999937
-5.709999999999994
-1.7099999999999937
106.29
0.29000000000000625
-2.7099999999999937
0.29000000000000625
-8.709999999999994
0.29000000000000625
0.29000000000000625
-1.7099999999999937
-13.709999999999994
-1.7099999999999937
0.29000000000000625
-6.709999999999994
-1.7099999999999937
-2.7099999999999937
65.29
-2.7099999999999937
2.2900000000000063
-11.709999999999994
73.29
66.29
-5.709999999999994
118.29
-3.7099999999999937
-2.7099999999999937
4.290000000000006
85.29
-17.709999999999994
-3.7099999999999937
2.2900000000000063
-3.7099999999999937
-3.7099999999999937
-1.7099999999999937
-3.7099999999999937
-6.709999999999994
-2.7099999999999937
-2.7099999999999937
-9.709999999999994
1.2900000000000063
3.2900000000000063
-9.709999999999994
-9.709999999999994
0.29000000000000625
-2.7099999999999937
1.2900000000000063
99.29
-3.7099999999999937
-0.7099999999999937
1.2900000000000063
-0.7099999999999937
-2.7099999999999937
-0.7099999999999937
-3.7099999999999937
-9.709999999999994
153.29000000000002
89.29
1.2900000000000063
-4.709999999999994
152.29000000000002
420.29
64.29
0.29000000000000625
1.2900000000000063
-12.709999999999994
-3.7099999999999937
-11.709999999999994
82.29
-5.709999999999994
-9.709999999999994
0.29000000000000625
-10.709999999999994
-1.7099999999999937
-5.709999999999994
-1.7099999999999937
1.2900000000000063
-1.7099999999999937
1.2900000000000063
-0.7099999999999937
132.29000000000002
-2.7099999999999937
1.2900000000000063
1.2900000000000063
-4.709999999999994
0.29000000000000625
1.2900000000000063
-3.7099999999999937
-4.709999999999994
-2.7099999999999937
317.29
2.2900000000000063
-3.7099999999999937
0.29000000000000625
-3.7099999999999937
86.29
0.29000000000000625
257.29
-0.7099999999999937
-2.7099999999999937
-2.7099999999999937
-3.7099999999999937
-8.709999999999994
-6.709999999999994
-1.7099999999999937
3.2900000000000063
-1.7099999999999937
3.2900000000000063
250.29000000000002
82.29
-2.7099999999999937
-2.7099999999999937
0.29000000000000625
1.2900000000000063
-0.7099999999999937
-1.7099999999999937
-1.7099999999999937
-7.709999999999994
-1.7099999999999937
-2.7099999999999937
-2.7099999999999937
-6.709999999999994
-1.7099999999999937
-13.709999999999994
-4.709999999999994
-1.7099999999999937
-7.709999999999994
1.2900000000000063
-1.7099999999999937
-2.7099999999999937
-3.7099999999999937
-1.7099999999999937
-3.7099999999999937
