153.0
154.0
155.0
155.0
157.0
174.0
220.0
178.0
153.0
176.0
154.0
157.0
153.0
175.0
157.0
181.0
152.0
174.0
170.0
156.0
179.0
157.0
179.0
154.0
161.0
534.0
152.0
176.0
153.0
154.0
178.0
154.0
145.0
156.0
176.0
154.0
178.0
155.0
181.0
153.0
174.0
154.0
177.0
162.0
180.0
564.0
181.0
152.0
178.0
149.0
150.0
152.0
184.0
160.0
178.0
154.0
174.0
155.0
154.0
152.0
179.0
149.0
246.0
218.0
176.0
158.0
161.0
177.0
151.0
155.0
154.0
153.0
178.0
156.0
158.0
157.0
180.0
150.0
172.0
155.0
178.0
311.0
180.0
155.0
160.0
153.0
173.0
154.0
178.0
155.0
178.0
143.0
181.0
155.0
173.0
154.0
178.0
151.0
157.0
178.0
151.0
165.0
177.0
155.0
178.0
158.0
178.0
155.0
180.0
155.0
180.0
153.0
157.0
180.0
154.0
179.0
158.0
177.0
154.0
178.0
155.0
175.0
151.0
178.0
160.0
157.0
177.0
149.0
173.0
158.0
177.0
154.0
157.0
176.0
153.0
180.0
156.0
179.0
156.0
174.0
155.0
147.0
153.0
178.0
158.0
161.0
156.0
172.0
159.0
150.0
175.0
258.0
178.0
151.0
172.0
157.0
175.0
155.0
155.0
181.0
153.0
170.0
155.0
157.0
161.0
180.0
156.0
180.0
152.0
155.0
175.0
154.0
181.0
149.0
177.0
155.0
178.0
153.0
181.0
152.0
176.0
155.0
180.0
154.0
181.0
153.0
149.0
176.0
154.0
180.0
158.0
178.0
157.0
186.0
142.0
180.0
156.0
154.0
177.0
153.0
177.0
157.0
149.0
177.0
154.0
174.0
154.0
180.0
152.0
177.0
156.0
174.0
152.0
182.0
158.0
182.0
156.0
178.0
158.0
155.0
181.0
206.0
178.0
157.0
171.0
160.0
181.0
157.0
182.0
274.0
173.0
154.0
181.0
158.0
177.0
300.0
154.0
177.0
155.0
155.0
157.0
155.0
141.0
175.0
155.0
160.0
151.0
156.0
151.0
153.0
180.0
151.0
149.0
153.0
160.0
176.0
203.0
183.0
150.0
180.0
155.0
176.0
154.0
176.0
156.0
154.0
176.0
153.0
175.0
156.0
176.0
155.0
176.0
153.0
178.0
160.0
174.0
155.0
178.0
155.0
156.0
174.0
154.0
177.0
153.0
156.0
178.0
160.0
173.0
154.0
180.0
149.0
178.0
160.0
180.0
152.0
153.0
150.0
157.0
178.0
154.0
178.0
154.0
153.0
152.0
160.0
176.0
142.0
181.0
151.0
154.0
174.0
156.0
175.0
154.0
176.0
153.0
182.0
155.0
178.0
158.0
173.0
149.0
173.0
153.0
151.0
153.0
178.0
151.0
157.0
176.0
158.0
156.0
176.0
154.0
176.0
154.0
173.0
156.0
159.0
154.0
180.0
155.0
156.0
171.0
157.0
176.0
154.0
181.0
155.0
151.0
153.0
142.0
149.0
150.0
172.0
154.0
170.0
155.0
177.0
155.0
176.0
151.0
178.0
153.0
156.0
156.0
176.0
161.0
152.0
154.0
154.0
155.0
177.0
154.0
158.0
175.0
156.0
181.0
157.0
184.0
153.0
154.0
156.0
154.0
180.0
150.0
177.0
156.0
180.0
153.0
154.0
180.0
223.0
154.0
179.0
146.0
181.0
153.0
156.0
208.0
152.0
173.0
154.0
175.0
150.0
178.0
155.0
174.0
152.0
157.0
153.0
154.0
157.0
168.0
153.0
154.0
174.0
147.0
175.0
160.0
155.0
171.0
153.0
175.0
149.0
178.0
150.0
178.0
154.0
173.0
160.0
148.0
177.0
157.0
177.0
149.0
157.0
175.0
160.0
177.0
157.0
174.0
153.0
178.0
155.0
179.0
154.0
151.0
181.0
153.0
183.0
542.0
156.0
181.0
154.0
148.0
158.0
442.0
175.0
154.0
151.0
136.0
181.0
155.0
151.0
156.0
150.0
178.0
155.0
179.0
155.0
177.0
152.0
155.0
176.0
656.0
181.0
154.0
147.0
152.0
177.0
154.0
140.0
176.0
160.0
153.0
154.0
156.0
150.0
148.0
177.0
250.0
150.0
176.0
160.0
155.0
178.0
154.0
154.0
178.0
151.0
179.0
155.0
157.0
176.0
158.0
176.0
153.0
272.0
150.0
156.0
153.0
173.0
156.0
153.0
174.0
154.0
155.0
182.0
141.0
181.0
145.0
176.0
155.0
178.0
155.0
154.0
176.0
149.0
158.0
153.0
176.0
264.0
177.0
156.0
181.0
142.0
178.0
238.0
155.0
181.0
154.0
157.0
174.0
157.0
177.0
154.0
181.0
149.0
173.0
153.0
156.0
161.0
157.0
180.0
157.0
155.0
150.0
176.0
155.0
180.0
148.0
179.0
146.0
156.0
185.0
157.0
173.0
266.0
157.0
160.0
175.0
156.0
146.0
181.0
155.0
175.0
155.0
174.0
158.0
149.0
182.0
156.0
173.0
161.0
177.0
153.0
181.0
157.0
148.0
181.0
154.0
179.0
413.0
152.0
184.0
154.0
177.0
152.0
171.0
161.0
182.0
160.0
157.0
178.0
150.0
151.0
181.0
158.0
175.0
146.0
176.0
153.0
177.0
150.0
153.0
291.0
170.0
153.0
178.0
150.0
157.0
175.0
156.0
155.0
170.0
157.0
148.0
174.0
150.0
186.0
151.0
176.0
156.0
133.0
176.0
151.0
158.0
155.0
157.0
155.0
151.0
174.0
151.0
178.0
157.0
158.0
174.0
151.0
157.0
152.0
178.0
155.0
178.0
158.0
154.0
149.0
177.0
156.0
149.0
155.0
173.0
153.0
178.0
151.0
152.0
153.0
174.0
152.0
152.0
151.0
175.0
160.0
176.0
149.0
157.0
177.0
160.0
178.0
155.0
179.0
162.0
179.0
156.0
183.0
156.0
178.0
154.0
153.0
176.0
154.0
160.0
176.0
154.0
173.0
156.0
152.0
173.0
155.0
181.0
160.0
156.0
158.0
161.0
179.0
177.0
176.0
150.0
171.0
152.0
173.0
155.0
181.0
154.0
158.0
177.0
149.0
157.0
174.0
154.0
172.0
154.0
177.0
160.0
180.0
153.0
149.0
155.0
177.0
154.0
183.0
157.0
182.0
153.0
181.0
621.0
178.0
152.0
180.0
153.0
157.0
152.0
183.0
202.0
176.0
157.0
155.0
177.0
151.0
150.0
174.0
160.0
176.0
148.0
139.0
180.0
154.0
177.0
151.0
157.0
162.0
156.0
174.0
296.0
179.0
154.0
175.0
160.0
173.0
157.0
178.0
155.0
153.0
148.0
147.0
155.0
174.0
153.0
156.0
181.0
151.0
179.0
160.0
177.0
153.0
157.0
178.0
154.0
154.0
179.0
153.0
174.0
150.0
152.0
176.0
154.0
176.0
157.0
149.0
174.0
156.0
155.0
155.0
172.0
154.0
154.0
182.0
157.0
152.0
152.0
181.0
158.0
181.0
171.0
155.0
178.0
210.0
154.0
176.0
156.0
155.0
155.0
157.0
181.0
155.0
157.0
149.0
154.0
161.0
157.0
183.0
162.0
178.0
157.0
177.0
156.0
178.0
146.0
174.0
155.0
180.0
154.0
177.0
157.0
179.0
154.0
151.0
160.0
155.0
180.0
157.0
174.0
156.0
179.0
156.0
174.0
153.0
173.0
156.0
151.0
157.0
179.0
153.0
182.0
153.0
186.0
156.0
177.0
153.0
175.0
146.0
153.0
176.0
154.0
180.0
154.0
153.0
151.0
156.0
177.0
154.0
152.0
181.0
152.0
182.0
161.0
180.0
158.0
175.0
160.0
173.0
158.0
156.0
172.0
155.0
175.0
154.0
176.0
146.0
177.0
154.0
176.0
158.0
176.0
154.0
150.0
178.0
142.0
180.0
156.0
156.0
153.0
157.0
177.0
235.0
147.0
182.0
150.0
177.0
155.0
175.0
155.0
160.0
156.0
154.0
180.0
157.0
176.0
160.0
177.0
157.0
152.0
180.0
154.0
175.0
158.0
176.0
148.0
178.0
161.0
154.0
155.0
178.0
150.0
174.0
152.0
157.0
178.0
155.0
175.0
155.0
161.0
179.0
155.0
180.0
150.0
177.0
154.0
175.0
154.0
151.0
179.0
150.0
175.0
152.0
180.0
157.0
154.0
155.0
180.0
158.0
177.0
158.0
172.0
154.0
152.0
151.0
151.0
173.0
160.0
176.0
154.0
178.0
157.0
156.0
156.0
174.0
156.0
156.0
158.0
177.0
153.0
150.0
177.0
160.0
173.0
154.0
157.0
153.0
145.0
179.0
156.0
180.0
153.0
179.0
154.0
181.0
160.0
158.0
158.0
174.0
151.0
177.0
135.0
145.0
181.0
152.0
173.0
181.0
180.0
158.0
177.0
158.0
158.0
183.0
155.0
173.0
160.0
178.0
160.0
156.0
155.0
153.0
178.0
154.0
180.0
158.0
157.0
173.0
154.0
177.0
153.0
181.0
154.0
160.0
175.0
155.0
185.0
152.0
180.0
154.0
153.0
178.0
154.0
178.0
155.0
176.0
153.0
158.0
181.0
154.0
157.0
149.0
183.0
154.0
149.0
179.0
155.0
680.0
178.0
152.0
180.0
157.0
153.0
157.0
152.0
158.0
177.0
154.0
176.0
157.0
178.0
157.0
157.0
174.0
162.0
147.0
178.0
148.0
176.0
150.0
154.0
176.0
153.0
170.0
154.0
177.0
155.0
176.0
151.0
179.0
154.0
178.0
150.0
174.0
156.0
155.0
157.0
175.0
154.0
177.0
146.0
183.0
160.0
155.0
154.0
152.0
157.0
176.0
155.0
157.0
157.0
176.0
153.0
178.0
151.0
177.0
152.0
179.0
157.0
177.0
146.0
176.0
158.0
182.0
185.0
151.0
177.0
153.0
156.0
170.0
158.0
177.0
150.0
177.0
153.0
178.0
160.0
155.0
146.0
181.0
160.0
179.0
154.0
178.0
151.0
185.0
159.0
178.0
152.0
178.0
157.0
184.0
151.0
174.0
152.0
178.0
157.0
177.0
160.0
154.0
180.0
156.0
176.0
142.0
156.0
155.0
180.0
153.0
158.0
178.0
160.0
174.0
154.0
171.0
152.0
316.0
153.0
179.0
160.0
153.0
178.0
153.0
176.0
144.0
152.0
157.0
178.0
156.0
154.0
178.0
148.0
176.0
150.0
178.0
144.0
176.0
154.0
181.0
149.0
181.0
156.0
155.0
178.0
146.0
148.0
179.0
161.0
153.0
158.0
154.0
152.0
173.0
160.0
153.0
176.0
150.0
176.0
141.0
178.0
148.0
178.0
160.0
180.0
155.0
176.0
158.0
154.0
173.0
158.0
180.0
152.0
172.0
154.0
177.0
152.0
152.0
160.0
161.0
197.0
176.0
157.0
175.0
152.0
176.0
146.0
177.0
151.0
156.0
142.0
157.0
175.0
157.0
155.0
178.0
149.0
177.0
157.0
155.0
148.0
149.0
160.0
178.0
155.0
152.0
180.0
154.0
181.0
153.0
178.0
482.0
180.0
151.0
154.0
145.0
173.0
151.0
180.0
152.0
153.0
155.0
158.0
177.0
243.0
177.0
153.0
160.0
175.0
158.0
156.0
176.0
156.0
153.0
145.0
156.0
184.0
157.0
174.0
157.0
175.0
154.0
152.0
157.0
128.0
180.0
156.0
157.0
165.0
161.0
174.0
151.0
174.0
157.0
178.0
154.0
158.0
152.0
152.0
184.0
148.0
154.0
152.0
178.0
154.0
178.0
154.0
157.0
175.0
155.0
181.0
154.0
154.0
153.0
177.0
160.0
178.0
161.0
184.0
157.0
144.0
153.0
176.0
154.0
154.0
153.0
178.0
154.0
152.0
182.0
153.0
152.0
157.0
153.0
211.0
154.0
174.0
162.0
148.0
177.0
154.0
142.0
156.0
182.0
157.0
156.0
154.0
149.0
183.0
157.0
179.0
149.0
150.0
176.0
149.0
144.0
173.0
155.0
178.0
154.0
178.0
157.0
155.0
154.0
152.0
158.0
156.0
178.0
155.0
155.0
178.0
154.0
155.0
178.0
158.0
174.0
160.0
154.0
157.0
180.0
153.0
148.0
174.0
154.0
178.0
154.0
160.0
153.0
149.0
176.0
158.0
154.0
177.0
153.0
157.0
145.0
178.0
157.0
153.0
177.0
154.0
181.0
154.0
180.0
157.0
600.0
174.0
157.0
178.0
158.0
175.0
148.0
174.0
154.0
177.0
156.0
154.0
175.0
149.0
154.0
154.0
173.0
158.0
179.0
150.0
156.0
183.0
153.0
154.0
154.0
157.0
151.0
156.0
174.0
155.0
150.0
178.0
155.0
176.0
170.0
174.0
153.0
155.0
173.0
154.0
155.0
160.0
152.0
176.0
160.0
153.0
144.0
174.0
154.0
156.0
183.0
272.0
155.0
175.0
152.0
176.0
151.0
175.0
153.0
152.0
154.0
149.0
182.0
148.0
175.0
148.0
157.0
177.0
155.0
154.0
153.0
175.0
154.0
152.0
173.0
156.0
157.0
156.0
174.0
151.0
155.0
157.0
148.0
181.0
150.0
155.0
179.0
156.0
149.0
182.0
151.0
181.0
158.0
178.0
154.0
149.0
175.0
154.0
181.0
142.0
179.0
156.0
155.0
179.0
155.0
153.0
179.0
160.0
178.0
154.0
176.0
152.0
156.0
176.0
158.0
181.0
157.0
177.0
157.0
175.0
155.0
154.0
176.0
157.0
173.0
150.0
155.0
237.0
152.0
174.0
150.0
153.0
155.0
178.0
156.0
152.0
151.0
157.0
178.0
153.0
214.0
156.0
176.0
151.0
155.0
152.0
151.0
152.0
157.0
148.0
178.0
153.0
154.0
176.0
155.0
182.0
157.0
155.0
179.0
152.0
178.0
154.0
157.0
177.0
153.0
157.0
176.0
154.0
172.0
158.0
178.0
155.0
160.0
172.0
550.0
176.0
127.0
182.0
148.0
178.0
153.0
179.0
155.0
173.0
157.0
173.0
153.0
154.0
181.0
160.0
175.0
160.0
177.0
156.0
155.0
174.0
156.0
181.0
154.0
176.0
160.0
155.0
178.0
153.0
155.0
181.0
147.0
172.0
151.0
180.0
404.0
177.0
150.0
177.0
157.0
173.0
148.0
162.0
157.0
177.0
154.0
151.0
178.0
201.0
177.0
156.0
178.0
149.0
175.0
153.0
180.0
153.0
155.0
177.0
148.0
181.0
154.0
174.0
152.0
182.0
145.0
154.0
178.0
151.0
157.0
177.0
145.0
178.0
150.0
157.0
177.0
153.0
175.0
161.0
151.0
180.0
157.0
149.0
154.0
177.0
151.0
181.0
155.0
180.0
160.0
154.0
178.0
157.0
170.0
155.0
182.0
155.0
179.0
155.0
173.0
154.0
182.0
142.0
155.0
181.0
154.0
178.0
153.0
176.0
158.0
179.0
154.0
152.0
152.0
179.0
155.0
154.0
156.0
154.0
178.0
157.0
152.0
154.0
180.0
158.0
176.0
148.0
176.0
149.0
173.0
154.0
177.0
154.0
181.0
152.0
176.0
149.0
411.0
180.0
160.0
151.0
178.0
152.0
154.0
160.0
151.0
182.0
157.0
183.0
154.0
177.0
155.0
156.0
177.0
162.0
178.0
158.0
176.0
146.0
180.0
154.0
174.0
156.0
175.0
154.0
180.0
154.0
176.0
157.0
173.0
137.0
181.0
156.0
157.0
156.0
153.0
159.0
155.0
155.0
158.0
178.0
144.0
177.0
155.0
144.0
152.0
178.0
153.0
156.0
176.0
163.0
178.0
157.0
178.0
157.0
157.0
174.0
158.0
180.0
155.0
178.0
153.0
149.0
178.0
154.0
178.0
158.0
180.0
157.0
156.0
138.0
150.0
174.0
145.0
181.0
151.0
181.0
142.0
181.0
151.0
179.0
157.0
175.0
156.0
174.0
160.0
176.0
148.0
177.0
160.0
179.0
157.0
154.0
179.0
160.0
151.0
155.0
177.0
162.0
178.0
154.0
174.0
137.0
177.0
158.0
180.0
154.0
154.0
150.0
174.0
151.0
176.0
153.0
181.0
149.0
180.0
160.0
153.0
160.0
150.0
180.0
156.0
180.0
158.0
178.0
149.0
157.0
175.0
158.0
176.0
157.0
177.0
158.0
178.0
138.0
182.0
154.0
155.0
149.0
177.0
157.0
158.0
178.0
150.0
149.0
181.0
150.0
176.0
152.0
181.0
150.0
177.0
156.0
181.0
158.0
151.0
154.0
136.0
158.0
176.0
150.0
155.0
173.0
154.0
150.0
181.0
158.0
180.0
155.0
179.0
160.0
170.0
149.0
154.0
153.0
154.0
154.0
155.0
181.0
149.0
153.0
179.0
183.0
177.0
155.0
174.0
160.0
178.0
150.0
155.0
153.0
179.0
154.0
155.0
173.0
152.0
153.0
178.0
157.0
180.0
160.0
174.0
200.0
156.0
152.0
173.0
156.0
156.0
152.0
152.0
178.0
157.0
179.0
154.0
180.0
154.0
180.0
158.0
181.0
154.0
173.0
153.0
175.0
156.0
178.0
157.0
179.0
158.0
149.0
155.0
153.0
161.0
153.0
177.0
156.0
144.0
158.0
151.0
178.0
153.0
176.0
154.0
178.0
154.0
184.0
151.0
181.0
158.0
175.0
152.0
180.0
196.0
152.0
182.0
155.0
178.0
156.0
179.0
155.0
175.0
155.0
182.0
149.0
183.0
219.0
177.0
152.0
182.0
142.0
179.0
155.0
154.0
176.0
151.0
177.0
153.0
154.0
145.0
181.0
148.0
148.0
177.0
153.0
182.0
157.0
177.0
154.0
175.0
147.0
158.0
155.0
356.0
153.0
179.0
155.0
177.0
155.0
176.0
154.0
177.0
151.0
174.0
153.0
148.0
150.0
176.0
156.0
178.0
152.0
160.0
176.0
146.0
181.0
154.0
177.0
155.0
157.0
180.0
158.0
177.0
153.0
157.0
177.0
155.0
170.0
152.0
154.0
157.0
174.0
155.0
172.0
159.0
177.0
154.0
155.0
181.0
146.0
173.0
155.0
158.0
176.0
158.0
155.0
178.0
151.0
178.0
150.0
150.0
173.0
156.0
181.0
155.0
173.0
152.0
152.0
152.0
150.0
158.0
175.0
155.0
180.0
157.0
179.0
486.0
178.0
156.0
179.0
153.0
176.0
152.0
178.0
154.0
177.0
153.0
185.0
151.0
176.0
155.0
181.0
153.0
176.0
158.0
179.0
154.0
157.0
175.0
156.0
181.0
160.0
154.0
174.0
152.0
178.0
158.0
176.0
134.0
178.0
157.0
183.0
156.0
177.0
156.0
155.0
154.0
156.0
180.0
154.0
172.0
157.0
217.0
178.0
156.0
174.0
154.0
175.0
154.0
176.0
146.0
177.0
156.0
176.0
152.0
165.0
156.0
154.0
178.0
154.0
178.0
150.0
179.0
161.0
152.0
154.0
160.0
175.0
156.0
148.0
152.0
160.0
175.0
153.0
151.0
146.0
173.0
149.0
175.0
160.0
177.0
151.0
161.0
181.0
157.0
178.0
324.0
174.0
150.0
176.0
151.0
149.0
145.0
154.0
174.0
158.0
150.0
178.0
154.0
153.0
177.0
152.0
150.0
158.0
179.0
151.0
181.0
155.0
175.0
151.0
149.0
180.0
154.0
180.0
155.0
177.0
155.0
155.0
147.0
179.0
156.0
176.0
154.0
154.0
179.0
156.0
153.0
158.0
154.0
180.0
157.0
177.0
155.0
174.0
151.0
176.0
154.0
179.0
154.0
157.0
175.0
257.0
180.0
157.0
176.0
150.0
180.0
153.0
154.0
178.0
144.0
145.0
182.0
221.0
183.0
144.0
175.0
158.0
154.0
173.0
154.0
151.0
155.0
152.0
155.0
172.0
157.0
154.0
171.0
152.0
178.0
154.0
178.0
160.0
175.0
153.0
180.0
155.0
176.0
154.0
181.0
157.0
156.0
174.0
153.0
175.0
145.0
181.0
157.0
180.0
157.0
159.0
174.0
157.0
155.0
177.0
148.0
180.0
151.0
177.0
154.0
155.0
175.0
153.0
176.0
160.0
180.0
148.0
175.0
159.0
154.0
154.0
177.0
152.0
156.0
174.0
161.0
154.0
151.0
154.0
157.0
181.0
152.0
174.0
154.0
159.0
153.0
175.0
152.0
174.0
154.0
176.0
150.0
154.0
177.0
155.0
177.0
158.0
152.0
155.0
176.0
153.0
157.0
179.0
155.0
154.0
153.0
158.0
156.0
152.0
153.0
155.0
174.0
154.0
153.0
161.0
178.0
147.0
153.0
177.0
149.0
178.0
155.0
173.0
162.0
160.0
156.0
173.0
155.0
173.0
160.0
153.0
177.0
156.0
154.0
158.0
182.0
155.0
182.0
152.0
171.0
599.0
176.0
154.0
184.0
153.0
181.0
156.0
174.0
148.0
181.0
223.0
156.0
180.0
154.0
158.0
181.0
155.0
178.0
156.0
154.0
154.0
177.0
152.0
152.0
172.0
155.0
174.0
152.0
149.0
177.0
157.0
177.0
146.0
181.0
156.0
156.0
181.0
150.0
157.0
149.0
153.0
149.0
178.0
145.0
181.0
156.0
157.0
177.0
155.0
153.0
159.0
178.0
154.0
158.0
153.0
155.0
154.0
157.0
182.0
155.0
155.0
158.0
148.0
153.0
172.0
152.0
173.0
157.0
156.0
173.0
156.0
229.0
158.0
153.0
152.0
175.0
157.0
152.0
177.0
315.0
148.0
174.0
152.0
154.0
157.0
177.0
154.0
155.0
177.0
154.0
178.0
150.0
155.0
179.0
150.0
178.0
147.0
178.0
146.0
176.0
154.0
151.0
157.0
179.0
153.0
180.0
156.0
176.0
153.0
160.0
155.0
180.0
152.0
155.0
152.0
177.0
151.0
148.0
424.0
182.0
409.0
160.0
160.0
176.0
141.0
158.0
155.0
179.0
153.0
155.0
150.0
181.0
157.0
157.0
145.0
180.0
150.0
545.0
178.0
156.0
177.0
129.0
185.0
145.0
177.0
154.0
157.0
176.0
156.0
525.0
175.0
150.0
179.0
159.0
152.0
180.0
158.0
157.0
155.0
147.0
154.0
181.0
155.0
175.0
157.0
150.0
157.0
178.0
157.0
156.0
146.0
158.0
163.0
171.0
146.0
177.0
154.0
155.0
156.0
178.0
154.0
179.0
156.0
156.0
177.0
158.0
178.0
154.0
154.0
153.0
157.0
171.0
155.0
177.0
155.0
179.0
152.0
154.0
146.0
174.0
153.0
155.0
176.0
156.0
173.0
222.0
155.0
179.0
148.0
181.0
150.0
138.0
179.0
155.0
142.0
157.0
174.0
155.0
177.0
149.0
176.0
157.0
176.0
153.0
176.0
157.0
179.0
155.0
176.0
154.0
157.0
158.0
178.0
153.0
155.0
155.0
144.0
182.0
157.0
156.0
177.0
157.0
157.0
182.0
154.0
156.0
178.0
155.0
181.0
154.0
176.0
153.0
177.0
152.0
180.0
154.0
154.0
178.0
153.0
157.0
154.0
156.0
154.0
157.0
181.0
160.0
173.0
152.0
179.0
154.0
177.0
156.0
177.0
137.0
180.0
150.0
176.0
154.0
140.0
180.0
152.0
158.0
158.0
152.0
175.0
154.0
161.0
180.0
157.0
155.0
178.0
290.0
181.0
153.0
179.0
156.0
154.0
155.0
178.0
152.0
172.0
149.0
179.0
153.0
180.0
229.0
174.0
152.0
154.0
172.0
157.0
156.0
177.0
155.0
176.0
157.0
174.0
155.0
180.0
156.0
154.0
143.0
155.0
154.0
182.0
157.0
179.0
154.0
177.0
154.0
181.0
155.0
149.0
177.0
149.0
156.0
157.0
177.0
148.0
151.0
157.0
152.0
174.0
156.0
179.0
152.0
180.0
152.0
180.0
161.0
156.0
155.0
177.0
154.0
178.0
151.0
154.0
180.0
153.0
157.0
177.0
155.0
181.0
157.0
157.0
180.0
153.0
160.0
155.0
178.0
134.0
181.0
154.0
178.0
149.0
152.0
155.0
151.0
177.0
151.0
154.0
144.0
157.0
177.0
154.0
155.0
174.0
158.0
177.0
150.0
156.0
149.0
179.0
154.0
178.0
155.0
146.0
183.0
154.0
176.0
157.0
176.0
155.0
181.0
149.0
151.0
149.0
180.0
156.0
183.0
153.0
158.0
173.0
168.0
179.0
150.0
181.0
149.0
178.0
150.0
178.0
157.0
153.0
308.0
181.0
154.0
177.0
153.0
171.0
150.0
155.0
173.0
153.0
128.0
176.0
160.0
182.0
200.0
151.0
468.0
153.0
177.0
155.0
182.0
160.0
151.0
160.0
149.0
154.0
176.0
153.0
179.0
154.0
180.0
154.0
150.0
148.0
176.0
162.0
176.0
155.0
180.0
156.0
181.0
156.0
149.0
180.0
153.0
178.0
154.0
153.0
181.0
153.0
176.0
154.0
181.0
157.0
155.0
175.0
152.0
151.0
152.0
150.0
152.0
170.0
151.0
181.0
157.0
180.0
154.0
178.0
152.0
144.0
157.0
181.0
154.0
183.0
154.0
176.0
158.0
172.0
155.0
154.0
176.0
153.0
177.0
146.0
148.0
171.0
158.0
180.0
157.0
178.0
352.0
158.0
182.0
160.0
179.0
157.0
178.0
153.0
180.0
157.0
178.0
154.0
178.0
154.0
177.0
152.0
182.0
157.0
153.0
174.0
151.0
151.0
173.0
154.0
151.0
155.0
179.0
155.0
172.0
154.0
178.0
155.0
161.0
293.0
176.0
150.0
178.0
153.0
154.0
153.0
178.0
158.0
155.0
178.0
160.0
154.0
179.0
157.0
158.0
144.0
172.0
706.0
154.0
173.0
149.0
156.0
180.0
155.0
157.0
182.0
154.0
157.0
178.0
158.0
155.0
180.0
265.0
147.0
178.0
170.0
180.0
212.0
173.0
157.0
154.0
153.0
157.0
177.0
152.0
157.0
176.0
154.0
178.0
154.0
177.0
148.0
178.0
158.0
146.0
176.0
148.0
149.0
177.0
152.0
174.0
133.0
154.0
157.0
175.0
158.0
176.0
157.0
177.0
155.0
178.0
157.0
154.0
176.0
155.0
176.0
159.0
179.0
160.0
157.0
179.0
162.0
151.0
178.0
159.0
181.0
157.0
174.0
154.0
181.0
152.0
144.0
156.0
173.0
157.0
157.0
148.0
153.0
152.0
395.0
182.0
153.0
157.0
155.0
174.0
138.0
155.0
178.0
151.0
177.0
154.0
153.0
172.0
164.0
173.0
160.0
176.0
156.0
154.0
173.0
158.0
178.0
156.0
181.0
162.0
180.0
149.0
179.0
154.0
151.0
156.0
181.0
154.0
157.0
182.0
152.0
180.0
151.0
161.0
180.0
264.0
178.0
151.0
179.0
156.0
176.0
158.0
181.0
155.0
178.0
151.0
179.0
154.0
177.0
148.0
175.0
155.0
179.0
160.0
153.0
178.0
156.0
181.0
151.0
178.0
139.0
175.0
227.0
154.0
175.0
155.0
178.0
158.0
156.0
174.0
154.0
178.0
151.0
177.0
205.0
145.0
182.0
153.0
152.0
179.0
151.0
154.0
156.0
157.0
153.0
171.0
157.0
154.0
154.0
182.0
154.0
174.0
157.0
154.0
184.0
155.0
149.0
173.0
154.0
177.0
154.0
152.0
160.0
174.0
155.0
531.0
176.0
151.0
177.0
153.0
178.0
695.0
182.0
158.0
174.0
200.0
178.0
153.0
155.0
155.0
174.0
151.0
159.0
179.0
152.0
148.0
157.0
176.0
161.0
180.0
155.0
171.0
157.0
175.0
155.0
160.0
152.0
174.0
154.0
174.0
157.0
152.0
175.0
154.0
157.0
180.0
150.0
178.0
152.0
176.0
142.0
153.0
177.0
159.0
153.0
153.0
178.0
156.0
112.0
189.0
139.0
151.0
174.0
160.0
160.0
175.0
153.0
153.0
154.0
154.0
157.0
160.0
158.0
176.0
157.0
181.0
160.0
148.0
180.0
160.0
149.0
182.0
160.0
182.0
154.0
173.0
145.0
177.0
152.0
176.0
155.0
173.0
156.0
178.0
154.0
152.0
152.0
151.0
152.0
153.0
154.0
173.0
146.0
137.0
155.0
176.0
158.0
171.0
154.0
155.0
145.0
180.0
153.0
176.0
150.0
145.0
177.0
156.0
154.0
153.0
149.0
146.0
149.0
176.0
156.0
181.0
151.0
179.0
152.0
176.0
312.0
177.0
153.0
147.0
152.0
171.0
153.0
175.0
146.0
154.0
160.0
152.0
177.0
160.0
156.0
173.0
220.0
185.0
153.0
172.0
147.0
153.0
178.0
514.0
155.0
149.0
176.0
155.0
156.0
154.0
153.0
180.0
156.0
177.0
158.0
178.0
155.0
182.0
158.0
148.0
148.0
182.0
155.0
176.0
151.0
175.0
149.0
190.0
156.0
173.0
160.0
177.0
156.0
155.0
154.0
154.0
177.0
157.0
177.0
155.0
181.0
158.0
179.0
143.0
154.0
175.0
150.0
174.0
153.0
177.0
157.0
149.0
155.0
157.0
157.0
178.0
157.0
178.0
157.0
155.0
152.0
177.0
157.0
175.0
149.0
175.0
148.0
178.0
154.0
178.0
157.0
178.0
153.0
174.0
144.0
176.0
147.0
176.0
156.0
175.0
157.0
173.0
152.0
173.0
152.0
154.0
177.0
153.0
180.0
154.0
178.0
157.0
177.0
155.0
157.0
178.0
151.0
151.0
179.0
157.0
182.0
160.0
159.0
150.0
181.0
159.0
146.0
176.0
153.0
178.0
149.0
175.0
155.0
148.0
259.0
156.0
173.0
154.0
157.0
154.0
154.0
181.0
158.0
176.0
158.0
153.0
177.0
150.0
178.0
151.0
157.0
175.0
157.0
172.0
148.0
153.0
150.0
151.0
149.0
154.0
174.0
154.0
179.0
154.0
153.0
185.0
153.0
153.0
178.0
154.0
180.0
204.0
176.0
157.0
160.0
152.0
153.0
175.0
142.0
160.0
157.0
155.0
160.0
178.0
154.0
155.0
178.0
148.0
180.0
157.0
180.0
154.0
180.0
154.0
175.0
157.0
174.0
157.0
181.0
153.0
157.0
154.0
176.0
160.0
181.0
154.0
174.0
157.0
176.0
153.0
158.0
176.0
156.0
178.0
270.0
148.0
176.0
152.0
178.0
159.0
177.0
156.0
179.0
155.0
158.0
181.0
156.0
173.0
154.0
177.0
163.0
174.0
161.0
179.0
156.0
178.0
149.0
154.0
151.0
155.0
180.0
160.0
176.0
158.0
152.0
170.0
158.0
281.0
156.0
174.0
157.0
181.0
154.0
181.0
154.0
278.0
179.0
156.0
176.0
157.0
154.0
178.0
161.0
156.0
180.0
153.0
158.0
178.0
162.0
150.0
180.0
153.0
179.0
153.0
154.0
174.0
138.0
293.0
175.0
153.0
183.0
160.0
160.0
152.0
156.0
158.0
180.0
362.0
154.0
176.0
156.0
174.0
157.0
157.0
173.0
158.0
178.0
151.0
154.0
178.0
155.0
178.0
155.0
156.0
177.0
155.0
175.0
157.0
239.0
178.0
152.0
140.0
180.0
157.0
155.0
177.0
160.0
177.0
154.0
156.0
174.0
153.0
179.0
154.0
158.0
176.0
149.0
178.0
151.0
157.0
270.0
176.0
153.0
157.0
184.0
156.0
173.0
590.0
184.0
155.0
178.0
157.0
158.0
149.0
172.0
158.0
179.0
154.0
185.0
158.0
175.0
156.0
153.0
181.0
156.0
173.0
156.0
150.0
173.0
157.0
156.0
132.0
182.0
156.0
153.0
181.0
154.0
156.0
178.0
151.0
177.0
149.0
157.0
153.0
177.0
156.0
183.0
157.0
174.0
156.0
152.0
157.0
173.0
149.0
159.0
157.0
145.0
156.0
178.0
160.0
158.0
153.0
181.0
154.0
157.0
175.0
160.0
180.0
154.0
174.0
153.0
182.0
153.0
157.0
175.0
154.0
155.0
180.0
152.0
154.0
154.0
149.0
181.0
465.0
425.0
175.0
154.0
178.0
146.0
173.0
149.0
178.0
154.0
152.0
176.0
158.0
177.0
149.0
157.0
177.0
154.0
175.0
151.0
157.0
160.0
174.0
154.0
149.0
145.0
153.0
180.0
154.0
173.0
156.0
174.0
160.0
150.0
177.0
154.0
178.0
150.0
149.0
178.0
155.0
175.0
142.0
150.0
173.0
154.0
155.0
174.0
149.0
156.0
173.0
160.0
155.0
178.0
149.0
158.0
154.0
170.0
164.0
176.0
156.0
154.0
178.0
156.0
177.0
139.0
180.0
155.0
180.0
158.0
155.0
180.0
154.0
179.0
160.0
178.0
156.0
178.0
160.0
180.0
148.0
179.0
154.0
177.0
154.0
160.0
176.0
155.0
158.0
155.0
158.0
177.0
153.0
154.0
179.0
153.0
174.0
134.0
176.0
146.0
244.0
176.0
156.0
157.0
154.0
181.0
158.0
187.0
156.0
160.0
155.0
179.0
150.0
180.0
153.0
154.0
172.0
154.0
152.0
181.0
158.0
152.0
156.0
157.0
154.0
177.0
155.0
177.0
154.0
155.0
177.0
146.0
181.0
156.0
156.0
178.0
156.0
176.0
153.0
153.0
155.0
181.0
152.0
180.0
151.0
152.0
178.0
154.0
155.0
178.0
155.0
155.0
182.0
154.0
153.0
155.0
180.0
158.0
177.0
153.0
176.0
153.0
172.0
158.0
155.0
174.0
158.0
175.0
154.0
177.0
157.0
154.0
157.0
160.0
180.0
154.0
153.0
157.0
181.0
153.0
153.0
178.0
362.0
151.0
146.0
180.0
149.0
154.0
157.0
158.0
152.0
155.0
184.0
153.0
177.0
157.0
154.0
177.0
154.0
157.0
153.0
157.0
154.0
160.0
155.0
153.0
178.0
158.0
179.0
157.0
175.0
161.0
154.0
177.0
153.0
176.0
157.0
180.0
155.0
155.0
179.0
156.0
176.0
153.0
178.0
156.0
173.0
155.0
153.0
176.0
153.0
177.0
155.0
178.0
160.0
173.0
153.0
180.0
153.0
176.0
154.0
176.0
153.0
154.0
157.0
178.0
155.0
174.0
150.0
177.0
148.0
180.0
160.0
156.0
154.0
151.0
180.0
155.0
154.0
174.0
160.0
179.0
157.0
151.0
176.0
155.0
142.0
181.0
147.0
176.0
154.0
177.0
158.0
156.0
178.0
156.0
176.0
156.0
152.0
152.0
155.0
181.0
157.0
154.0
158.0
177.0
155.0
177.0
157.0
154.0
155.0
174.0
158.0
173.0
160.0
174.0
162.0
144.0
180.0
157.0
180.0
150.0
178.0
155.0
176.0
157.0
175.0
154.0
154.0
154.0
150.0
158.0
155.0
157.0
160.0
149.0
176.0
162.0
175.0
146.0
175.0
145.0
175.0
151.0
154.0
156.0
177.0
154.0
152.0
177.0
153.0
177.0
158.0
157.0
182.0
157.0
178.0
160.0
175.0
145.0
158.0
153.0
145.0
180.0
154.0
157.0
155.0
155.0
176.0
153.0
152.0
187.0
162.0
176.0
160.0
154.0
178.0
151.0
155.0
177.0
148.0
154.0
174.0
154.0
176.0
157.0
152.0
160.0
152.0
178.0
431.0
177.0
157.0
154.0
181.0
159.0
154.0
175.0
265.0
157.0
178.0
160.0
178.0
154.0
154.0
178.0
158.0
149.0
218.0
160.0
154.0
180.0
155.0
180.0
148.0
154.0
177.0
153.0
180.0
173.0
178.0
156.0
179.0
154.0
179.0
137.0
174.0
158.0
178.0
153.0
157.0
176.0
154.0
172.0
152.0
176.0
456.0
175.0
155.0
152.0
157.0
160.0
180.0
157.0
177.0
155.0
183.0
157.0
181.0
158.0
154.0
177.0
153.0
156.0
178.0
156.0
181.0
154.0
157.0
180.0
215.0
158.0
177.0
153.0
179.0
144.0
178.0
301.0
154.0
177.0
138.0
184.0
152.0
154.0
174.0
153.0
128.0
185.0
155.0
156.0
154.0
156.0
154.0
156.0
177.0
160.0
157.0
177.0
155.0
181.0
157.0
153.0
149.0
155.0
177.0
151.0
181.0
155.0
154.0
157.0
149.0
179.0
157.0
156.0
180.0
154.0
151.0
162.0
179.0
152.0
160.0
158.0
154.0
154.0
157.0
182.0
155.0
152.0
161.0
156.0
154.0
176.0
156.0
171.0
157.0
175.0
154.0
179.0
155.0
178.0
229.0
155.0
152.0
177.0
207.0
174.0
153.0
157.0
185.0
155.0
155.0
178.0
149.0
179.0
155.0
176.0
151.0
134.0
180.0
149.0
145.0
173.0
154.0
157.0
150.0
177.0
157.0
182.0
159.0
176.0
155.0
178.0
157.0
158.0
154.0
176.0
158.0
178.0
104.0
197.0
154.0
179.0
153.0
160.0
178.0
156.0
152.0
181.0
161.0
160.0
156.0
158.0
161.0
147.0
174.0
153.0
155.0
157.0
157.0
156.0
178.0
158.0
177.0
150.0
182.0
147.0
150.0
178.0
157.0
177.0
152.0
149.0
175.0
157.0
179.0
157.0
178.0
498.0
152.0
177.0
157.0
177.0
152.0
181.0
152.0
178.0
161.0
153.0
179.0
154.0
175.0
160.0
155.0
174.0
160.0
151.0
174.0
153.0
156.0
176.0
149.0
178.0
152.0
160.0
160.0
175.0
157.0
178.0
153.0
179.0
156.0
178.0
155.0
150.0
356.0
180.0
150.0
178.0
147.0
177.0
149.0
175.0
155.0
173.0
154.0
178.0
154.0
178.0
154.0
179.0
152.0
178.0
152.0
179.0
154.0
157.0
180.0
153.0
176.0
148.0
178.0
160.0
176.0
158.0
177.0
157.0
176.0
150.0
177.0
157.0
178.0
160.0
157.0
152.0
175.0
154.0
178.0
161.0
154.0
177.0
152.0
175.0
157.0
154.0
150.0
158.0
149.0
212.0
177.0
153.0
178.0
153.0
183.0
156.0
180.0
160.0
177.0
160.0
176.0
154.0
158.0
208.0
176.0
486.0
182.0
151.0
160.0
178.0
152.0
173.0
154.0
180.0
150.0
156.0
157.0
176.0
153.0
179.0
154.0
154.0
178.0
155.0
174.0
146.0
174.0
155.0
159.0
177.0
160.0
176.0
152.0
181.0
149.0
175.0
155.0
180.0
152.0
172.0
154.0
180.0
154.0
177.0
149.0
155.0
178.0
155.0
174.0
153.0
154.0
152.0
178.0
151.0
179.0
156.0
155.0
159.0
152.0
155.0
140.0
184.0
152.0
181.0
152.0
179.0
155.0
183.0
157.0
182.0
281.0
149.0
158.0
157.0
154.0
181.0
153.0
175.0
156.0
168.0
154.0
178.0
154.0
157.0
160.0
160.0
161.0
175.0
156.0
155.0
157.0
180.0
150.0
172.0
151.0
178.0
151.0
179.0
156.0
179.0
156.0
177.0
154.0
180.0
161.0
176.0
158.0
177.0
158.0
173.0
160.0
176.0
154.0
147.0
155.0
178.0
153.0
179.0
155.0
175.0
149.0
143.0
175.0
150.0
175.0
156.0
183.0
148.0
152.0
155.0
154.0
176.0
155.0
180.0
148.0
148.0
146.0
177.0
155.0
179.0
148.0
178.0
416.0
178.0
157.0
505.0
179.0
158.0
177.0
146.0
154.0
178.0
153.0
176.0
157.0
176.0
153.0
162.0
177.0
155.0
177.0
157.0
177.0
152.0
181.0
147.0
174.0
154.0
153.0
155.0
154.0
176.0
154.0
177.0
160.0
177.0
155.0
178.0
153.0
157.0
383.0
181.0
153.0
154.0
157.0
176.0
177.0
156.0
173.0
154.0
177.0
160.0
178.0
153.0
156.0
151.0
155.0
178.0
156.0
178.0
154.0
141.0
178.0
157.0
176.0
155.0
151.0
178.0
157.0
160.0
176.0
160.0
177.0
155.0
149.0
154.0
176.0
157.0
151.0
177.0
149.0
146.0
174.0
160.0
157.0
177.0
152.0
178.0
152.0
180.0
154.0
145.0
180.0
160.0
151.0
178.0
211.0
174.0
158.0
154.0
177.0
157.0
178.0
279.0
176.0
158.0
175.0
148.0
178.0
153.0
145.0
156.0
180.0
146.0
149.0
150.0
150.0
157.0
154.0
173.0
154.0
177.0
150.0
175.0
146.0
178.0
155.0
153.0
181.0
154.0
158.0
178.0
155.0
157.0
178.0
146.0
180.0
153.0
155.0
158.0
175.0
210.0
178.0
154.0
179.0
492.0
178.0
250.0
177.0
156.0
157.0
179.0
156.0
178.0
160.0
172.0
157.0
178.0
154.0
159.0
156.0
154.0
171.0
154.0
178.0
153.0
151.0
175.0
155.0
179.0
155.0
174.0
155.0
173.0
153.0
156.0
180.0
146.0
180.0
155.0
153.0
148.0
178.0
155.0
160.0
158.0
158.0
147.0
156.0
172.0
146.0
182.0
154.0
178.0
154.0
156.0
174.0
151.0
154.0
172.0
148.0
158.0
156.0
153.0
556.0
182.0
160.0
178.0
158.0
155.0
176.0
151.0
193.0
154.0
155.0
153.0
145.0
180.0
294.0
174.0
149.0
180.0
153.0
156.0
185.0
156.0
158.0
173.0
151.0
154.0
178.0
147.0
180.0
152.0
151.0
178.0
158.0
181.0
152.0
179.0
150.0
156.0
178.0
158.0
160.0
149.0
176.0
150.0
154.0
180.0
158.0
148.0
177.0
156.0
178.0
150.0
178.0
141.0
180.0
156.0
149.0
175.0
154.0
146.0
181.0
153.0
174.0
157.0
179.0
160.0
147.0
174.0
148.0
160.0
156.0
144.0
177.0
149.0
154.0
176.0
158.0
176.0
154.0
156.0
173.0
152.0
155.0
175.0
154.0
155.0
156.0
189.0
156.0
176.0
148.0
176.0
149.0
150.0
173.0
158.0
173.0
157.0
154.0
177.0
150.0
178.0
155.0
142.0
182.0
158.0
152.0
181.0
144.0
181.0
144.0
174.0
160.0
180.0
154.0
179.0
160.0
176.0
155.0
155.0
178.0
148.0
160.0
178.0
156.0
155.0
174.0
158.0
151.0
152.0
178.0
158.0
159.0
153.0
155.0
178.0
156.0
178.0
157.0
175.0
152.0
174.0
154.0
153.0
154.0
162.0
154.0
153.0
178.0
153.0
178.0
159.0
155.0
180.0
157.0
178.0
155.0
151.0
153.0
180.0
153.0
176.0
157.0
144.0
156.0
180.0
157.0
178.0
157.0
160.0
150.0
172.0
155.0
178.0
237.0
158.0
151.0
181.0
146.0
181.0
153.0
175.0
155.0
179.0
155.0
149.0
154.0
177.0
153.0
152.0
178.0
153.0
150.0
178.0
734.0
183.0
154.0
171.0
156.0
156.0
154.0
178.0
156.0
181.0
156.0
157.0
157.0
153.0
176.0
156.0
154.0
178.0
157.0
156.0
176.0
156.0
157.0
174.0
149.0
155.0
180.0
157.0
178.0
157.0
153.0
179.0
157.0
176.0
150.0
156.0
178.0
156.0
176.0
157.0
157.0
183.0
150.0
180.0
157.0
144.0
173.0
155.0
176.0
155.0
151.0
180.0
157.0
175.0
154.0
154.0
154.0
174.0
158.0
177.0
157.0
176.0
151.0
180.0
160.0
150.0
174.0
155.0
174.0
153.0
178.0
154.0
176.0
150.0
175.0
437.0
180.0
150.0
160.0
174.0
156.0
177.0
153.0
155.0
160.0
155.0
184.0
154.0
175.0
158.0
154.0
174.0
154.0
178.0
155.0
174.0
160.0
203.0
224.0
181.0
155.0
178.0
157.0
148.0
157.0
155.0
152.0
176.0
153.0
152.0
177.0
154.0
179.0
155.0
638.0
180.0
153.0
179.0
160.0
176.0
160.0
173.0
148.0
156.0
158.0
181.0
153.0
158.0
181.0
155.0
181.0
154.0
179.0
154.0
148.0
178.0
155.0
177.0
151.0
156.0
160.0
176.0
154.0
245.0
156.0
154.0
156.0
157.0
156.0
175.0
153.0
156.0
177.0
155.0
157.0
176.0
157.0
184.0
160.0
154.0
160.0
151.0
178.0
352.0
155.0
180.0
158.0
156.0
157.0
160.0
158.0
149.0
183.0
150.0
150.0
152.0
157.0
150.0
177.0
156.0
156.0
148.0
173.0
154.0
149.0
155.0
178.0
154.0
181.0
154.0
181.0
153.0
177.0
158.0
180.0
149.0
155.0
180.0
152.0
158.0
175.0
151.0
156.0
176.0
160.0
176.0
158.0
152.0
156.0
179.0
157.0
146.0
181.0
154.0
161.0
154.0
156.0
158.0
152.0
179.0
152.0
181.0
160.0
180.0
153.0
180.0
157.0
181.0
158.0
154.0
177.0
147.0
156.0
158.0
158.0
155.0
157.0
176.0
155.0
178.0
158.0
157.0
177.0
160.0
178.0
151.0
184.0
156.0
177.0
152.0
179.0
154.0
176.0
151.0
177.0
158.0
160.0
179.0
157.0
153.0
178.0
160.0
173.0
149.0
178.0
157.0
173.0
152.0
180.0
152.0
153.0
157.0
154.0
146.0
174.0
156.0
154.0
141.0
157.0
150.0
182.0
156.0
178.0
157.0
153.0
178.0
155.0
180.0
154.0
175.0
157.0
269.0
158.0
173.0
158.0
173.0
157.0
156.0
158.0
177.0
156.0
158.0
180.0
149.0
174.0
154.0
179.0
149.0
154.0
153.0
179.0
154.0
180.0
144.0
175.0
145.0
154.0
158.0
181.0
441.0
175.0
158.0
176.0
157.0
177.0
158.0
145.0
155.0
182.0
154.0
163.0
153.0
155.0
174.0
415.0
151.0
181.0
146.0
174.0
134.0
182.0
154.0
157.0
461.0
177.0
148.0
179.0
539.0
156.0
176.0
160.0
178.0
151.0
175.0
152.0
174.0
156.0
154.0
176.0
152.0
157.0
178.0
160.0
178.0
151.0
178.0
149.0
178.0
157.0
156.0
180.0
155.0
183.0
154.0
157.0
178.0
157.0
183.0
157.0
157.0
153.0
155.0
151.0
153.0
181.0
156.0
154.0
175.0
159.0
176.0
154.0
158.0
176.0
154.0
177.0
153.0
173.0
154.0
152.0
158.0
183.0
152.0
180.0
160.0
179.0
152.0
175.0
152.0
181.0
151.0
159.0
158.0
180.0
151.0
150.0
178.0
159.0
177.0
155.0
174.0
155.0
438.0
152.0
160.0
158.0
145.0
178.0
156.0
146.0
180.0
159.0
182.0
155.0
177.0
157.0
181.0
296.0
157.0
154.0
151.0
176.0
155.0
180.0
158.0
152.0
173.0
178.0
155.0
155.0
158.0
158.0
178.0
155.0
154.0
176.0
157.0
179.0
158.0
157.0
173.0
158.0
144.0
181.0
148.0
157.0
155.0
160.0
181.0
154.0
170.0
346.0
154.0
157.0
173.0
160.0
173.0
155.0
157.0
175.0
154.0
177.0
155.0
158.0
182.0
159.0
177.0
157.0
159.0
177.0
151.0
176.0
153.0
155.0
152.0
182.0
145.0
157.0
173.0
148.0
145.0
157.0
177.0
157.0
154.0
155.0
160.0
154.0
178.0
156.0
179.0
155.0
174.0
158.0
176.0
160.0
155.0
153.0
156.0
156.0
157.0
161.0
156.0
157.0
157.0
182.0
155.0
157.0
155.0
157.0
180.0
149.0
246.0
177.0
156.0
196.0
181.0
180.0
154.0
154.0
157.0
158.0
160.0
180.0
164.0
157.0
176.0
150.0
178.0
154.0
153.0
177.0
160.0
157.0
157.0
181.0
157.0
181.0
123.0
181.0
156.0
154.0
153.0
172.0
157.0
180.0
160.0
148.0
177.0
162.0
154.0
182.0
157.0
155.0
157.0
157.0
182.0
151.0
157.0
160.0
163.0
605.0
181.0
157.0
155.0
179.0
144.0
154.0
157.0
158.0
181.0
151.0
157.0
611.0
182.0
157.0
146.0
152.0
155.0
160.0
180.0
153.0
177.0
150.0
152.0
174.0
153.0
178.0
149.0
283.0
178.0
157.0
156.0
172.0
158.0
178.0
160.0
158.0
151.0
181.0
160.0
177.0
158.0
157.0
152.0
178.0
156.0
178.0
152.0
173.0
161.0
149.0
178.0
150.0
178.0
149.0
154.0
176.0
154.0
175.0
351.0
154.0
180.0
158.0
162.0
179.0
154.0
181.0
157.0
173.0
160.0
158.0
155.0
175.0
155.0
181.0
157.0
162.0
154.0
178.0
153.0
155.0
153.0
153.0
155.0
160.0
139.0
176.0
155.0
157.0
178.0
151.0
154.0
182.0
158.0
134.0
178.0
157.0
152.0
158.0
172.0
153.0
177.0
156.0
158.0
153.0
154.0
162.0
178.0
155.0
181.0
153.0
176.0
160.0
179.0
262.0
177.0
155.0
154.0
154.0
177.0
160.0
155.0
155.0
181.0
161.0
184.0
156.0
156.0
155.0
156.0
180.0
152.0
175.0
155.0
181.0
157.0
177.0
158.0
144.0
130.0
182.0
154.0
153.0
157.0
177.0
158.0
180.0
156.0
177.0
156.0
176.0
155.0
154.0
149.0
158.0
155.0
181.0
157.0
157.0
156.0
180.0
154.0
177.0
153.0
177.0
158.0
179.0
155.0
156.0
172.0
154.0
178.0
156.0
178.0
155.0
175.0
158.0
157.0
175.0
160.0
178.0
151.0
179.0
142.0
181.0
153.0
149.0
149.0
178.0
150.0
156.0
154.0
181.0
156.0
183.0
157.0
155.0
152.0
156.0
151.0
174.0
233.0
150.0
155.0
181.0
155.0
157.0
179.0
152.0
176.0
157.0
156.0
155.0
157.0
181.0
158.0
155.0
154.0
178.0
148.0
371.0
157.0
182.0
144.0
158.0
160.0
178.0
154.0
177.0
152.0
157.0
157.0
177.0
158.0
151.0
157.0
158.0
154.0
274.0
158.0
178.0
149.0
182.0
155.0
152.0
178.0
212.0
156.0
154.0
176.0
154.0
174.0
154.0
173.0
205.0
156.0
154.0
177.0
253.0
148.0
178.0
153.0
154.0
176.0
158.0
155.0
174.0
157.0
153.0
181.0
155.0
160.0
146.0
178.0
154.0
180.0
154.0
174.0
152.0
174.0
153.0
174.0
155.0
183.0
154.0
154.0
178.0
155.0
153.0
158.0
153.0
154.0
178.0
153.0
160.0
157.0
158.0
154.0
177.0
152.0
150.0
179.0
154.0
154.0
157.0
180.0
155.0
180.0
158.0
173.0
154.0
157.0
181.0
154.0
181.0
160.0
160.0
156.0
356.0
150.0
179.0
157.0
180.0
163.0
174.0
156.0
178.0
155.0
183.0
146.0
150.0
182.0
571.0
178.0
154.0
152.0
157.0
156.0
155.0
159.0
160.0
149.0
155.0
178.0
155.0
165.0
176.0
148.0
183.0
153.0
155.0
182.0
157.0
155.0
177.0
281.0
156.0
156.0
154.0
150.0
180.0
155.0
161.0
151.0
158.0
157.0
180.0
155.0
180.0
155.0
178.0
156.0
178.0
152.0
183.0
154.0
173.0
274.0
180.0
147.0
153.0
155.0
160.0
144.0
185.0
153.0
183.0
162.0
157.0
562.0
176.0
156.0
156.0
151.0
153.0
155.0
178.0
158.0
155.0
158.0
173.0
152.0
157.0
176.0
152.0
179.0
157.0
160.0
154.0
178.0
142.0
181.0
156.0
177.0
153.0
182.0
155.0
158.0
179.0
156.0
154.0
183.0
154.0
177.0
153.0
177.0
156.0
156.0
138.0
155.0
186.0
154.0
125.0
183.0
158.0
157.0
176.0
160.0
158.0
184.0
156.0
180.0
160.0
174.0
154.0
174.0
152.0
153.0
156.0
179.0
147.0
160.0
157.0
159.0
152.0
156.0
180.0
154.0
434.0
178.0
154.0
160.0
158.0
631.0
150.0
173.0
149.0
178.0
150.0
180.0
155.0
160.0
178.0
158.0
153.0
155.0
157.0
180.0
158.0
157.0
178.0
154.0
180.0
155.0
161.0
154.0
164.0
181.0
158.0
155.0
176.0
155.0
177.0
155.0
157.0
159.0
158.0
158.0
153.0
178.0
158.0
175.0
153.0
150.0
178.0
156.0
181.0
157.0
160.0
154.0
179.0
153.0
173.0
150.0
162.0
174.0
157.0
178.0
154.0
151.0
158.0
173.0
144.0
177.0
214.0
178.0
151.0
178.0
155.0
179.0
145.0
177.0
145.0
181.0
144.0
182.0
155.0
176.0
158.0
159.0
181.0
153.0
154.0
157.0
155.0
174.0
156.0
172.0
157.0
156.0
158.0
154.0
173.0
152.0
156.0
158.0
178.0
154.0
158.0
178.0
152.0
176.0
154.0
175.0
154.0
146.0
178.0
158.0
180.0
154.0
178.0
152.0
154.0
143.0
157.0
176.0
151.0
158.0
148.0
154.0
154.0
158.0
177.0
152.0
158.0
153.0
154.0
177.0
155.0
155.0
157.0
152.0
155.0
177.0
154.0
178.0
155.0
153.0
176.0
151.0
176.0
157.0
152.0
171.0
151.0
149.0
178.0
155.0
173.0
156.0
178.0
154.0
174.0
161.0
142.0
156.0
154.0
177.0
150.0
178.0
157.0
157.0
153.0
152.0
177.0
156.0
178.0
158.0
176.0
154.0
180.0
154.0
154.0
180.0
151.0
178.0
160.0
183.0
155.0
157.0
151.0
160.0
177.0
157.0
134.0
153.0
178.0
155.0
178.0
155.0
176.0
153.0
178.0
158.0
177.0
154.0
176.0
157.0
154.0
171.0
154.0
178.0
436.0
177.0
152.0
156.0
179.0
154.0
154.0
156.0
155.0
177.0
155.0
181.0
157.0
180.0
160.0
176.0
150.0
174.0
149.0
620.0
178.0
156.0
180.0
156.0
174.0
154.0
176.0
156.0
155.0
180.0
153.0
176.0
154.0
154.0
181.0
149.0
175.0
160.0
157.0
153.0
174.0
160.0
155.0
175.0
158.0
176.0
157.0
173.0
150.0
179.0
154.0
198.0
157.0
157.0
178.0
156.0
178.0
156.0
158.0
180.0
149.0
151.0
174.0
161.0
149.0
174.0
152.0
185.0
149.0
179.0
158.0
181.0
157.0
176.0
148.0
180.0
156.0
177.0
156.0
178.0
156.0
157.0
178.0
157.0
150.0
175.0
154.0
146.0
175.0
162.0
179.0
160.0
177.0
157.0
175.0
154.0
146.0
154.0
176.0
159.0
174.0
157.0
154.0
176.0
148.0
155.0
153.0
154.0
176.0
154.0
177.0
155.0
175.0
141.0
182.0
315.0
155.0
153.0
155.0
150.0
152.0
162.0
180.0
158.0
153.0
155.0
178.0
153.0
176.0
155.0
157.0
155.0
183.0
151.0
151.0
174.0
631.0
178.0
153.0
154.0
160.0
175.0
156.0
184.0
156.0
158.0
148.0
180.0
160.0
153.0
151.0
152.0
157.0
181.0
154.0
179.0
152.0
178.0
151.0
156.0
180.0
152.0
158.0
179.0
160.0
180.0
161.0
213.0
160.0
177.0
157.0
150.0
157.0
156.0
179.0
161.0
178.0
158.0
174.0
154.0
156.0
178.0
151.0
151.0
140.0
177.0
213.0
177.0
157.0
178.0
153.0
171.0
154.0
161.0
152.0
157.0
183.0
152.0
182.0
154.0
446.0
178.0
155.0
172.0
154.0
180.0
161.0
175.0
154.0
151.0
155.0
197.0
157.0
177.0
622.0
175.0
153.0
154.0
151.0
158.0
178.0
151.0
154.0
176.0
154.0
178.0
151.0
178.0
160.0
158.0
161.0
156.0
176.0
155.0
157.0
162.0
174.0
157.0
152.0
173.0
153.0
154.0
212.0
180.0
156.0
174.0
154.0
157.0
155.0
178.0
159.0
158.0
174.0
158.0
176.0
158.0
177.0
152.0
153.0
177.0
153.0
182.0
150.0
176.0
156.0
156.0
178.0
158.0
177.0
155.0
179.0
152.0
175.0
153.0
175.0
155.0
181.0
147.0
173.0
154.0
180.0
154.0
177.0
139.0
179.0
158.0
156.0
174.0
157.0
153.0
182.0
156.0
177.0
152.0
137.0
156.0
175.0
152.0
158.0
158.0
154.0
179.0
160.0
155.0
181.0
154.0
177.0
154.0
173.0
156.0
176.0
151.0
177.0
157.0
178.0
152.0
150.0
178.0
146.0
160.0
160.0
224.0
155.0
178.0
197.0
180.0
149.0
178.0
154.0
152.0
178.0
158.0
153.0
158.0
154.0
151.0
152.0
154.0
154.0
181.0
158.0
175.0
154.0
154.0
176.0
152.0
178.0
157.0
175.0
157.0
173.0
162.0
176.0
155.0
179.0
161.0
516.0
154.0
182.0
138.0
181.0
155.0
154.0
181.0
155.0
179.0
152.0
179.0
155.0
181.0
157.0
155.0
149.0
178.0
158.0
181.0
157.0
178.0
150.0
184.0
154.0
181.0
157.0
178.0
154.0
176.0
148.0
181.0
155.0
155.0
151.0
181.0
162.0
178.0
146.0
180.0
160.0
149.0
180.0
153.0
153.0
180.0
156.0
153.0
180.0
156.0
176.0
153.0
177.0
146.0
158.0
175.0
155.0
148.0
156.0
174.0
341.0
153.0
176.0
156.0
157.0
156.0
178.0
156.0
160.0
155.0
153.0
