158.0
154.0
155.0
154.0
162.0
195.0
152.0
196.0
153.0
197.0
150.0
154.0
155.0
194.0
151.0
196.0
156.0
194.0
193.0
156.0
197.0
156.0
197.0
157.0
152.0
152.0
152.0
194.0
152.0
152.0
196.0
149.0
143.0
151.0
201.0
155.0
196.0
157.0
197.0
157.0
196.0
154.0
194.0
160.0
197.0
148.0
198.0
156.0
198.0
149.0
148.0
153.0
198.0
154.0
199.0
153.0
192.0
154.0
154.0
148.0
195.0
151.0
152.0
160.0
196.0
154.0
159.0
192.0
152.0
157.0
152.0
154.0
195.0
154.0
149.0
157.0
194.0
158.0
194.0
152.0
198.0
154.0
197.0
160.0
155.0
153.0
194.0
154.0
197.0
154.0
194.0
582.0
197.0
149.0
194.0
157.0
196.0
148.0
153.0
197.0
151.0
155.0
196.0
147.0
196.0
161.0
194.0
156.0
199.0
207.0
197.0
154.0
153.0
196.0
149.0
197.0
149.0
194.0
157.0
199.0
159.0
193.0
156.0
194.0
154.0
154.0
195.0
582.0
198.0
153.0
198.0
154.0
152.0
195.0
146.0
202.0
154.0
194.0
158.0
197.0
152.0
152.0
148.0
198.0
154.0
155.0
148.0
189.0
158.0
149.0
194.0
155.0
191.0
154.0
193.0
160.0
193.0
253.0
153.0
195.0
148.0
193.0
157.0
153.0
155.0
193.0
161.0
197.0
149.0
148.0
197.0
150.0
198.0
153.0
191.0
156.0
197.0
148.0
199.0
152.0
200.0
157.0
200.0
153.0
192.0
153.0
153.0
195.0
149.0
200.0
158.0
195.0
155.0
195.0
143.0
195.0
151.0
154.0
195.0
150.0
193.0
154.0
152.0
196.0
150.0
193.0
154.0
197.0
154.0
197.0
151.0
200.0
159.0
204.0
153.0
200.0
151.0
196.0
155.0
155.0
197.0
149.0
196.0
202.0
195.0
154.0
194.0
160.0
196.0
156.0
196.0
153.0
201.0
152.0
196.0
147.0
155.0
194.0
158.0
154.0
154.0
163.0
134.0
197.0
150.0
153.0
154.0
153.0
157.0
151.0
195.0
154.0
148.0
199.0
153.0
198.0
150.0
194.0
145.0
197.0
155.0
193.0
155.0
194.0
152.0
151.0
196.0
153.0
194.0
148.0
194.0
149.0
194.0
158.0
195.0
160.0
189.0
155.0
197.0
157.0
155.0
193.0
151.0
197.0
144.0
156.0
197.0
158.0
197.0
151.0
196.0
149.0
194.0
157.0
195.0
145.0
153.0
153.0
154.0
191.0
156.0
193.0
152.0
154.0
155.0
153.0
201.0
144.0
197.0
153.0
151.0
196.0
152.0
197.0
148.0
194.0
146.0
194.0
149.0
198.0
152.0
193.0
156.0
194.0
146.0
157.0
151.0
198.0
151.0
160.0
197.0
160.0
155.0
198.0
152.0
195.0
154.0
195.0
152.0
156.0
157.0
196.0
153.0
153.0
197.0
152.0
193.0
156.0
196.0
154.0
148.0
155.0
140.0
157.0
151.0
193.0
158.0
194.0
154.0
193.0
155.0
191.0
282.0
199.0
150.0
154.0
155.0
198.0
153.0
152.0
151.0
153.0
152.0
197.0
159.0
160.0
194.0
154.0
201.0
158.0
197.0
155.0
153.0
155.0
149.0
197.0
154.0
193.0
156.0
201.0
151.0
151.0
200.0
152.0
154.0
196.0
141.0
194.0
153.0
157.0
155.0
150.0
194.0
151.0
196.0
153.0
196.0
157.0
198.0
153.0
152.0
153.0
154.0
157.0
187.0
420.0
146.0
193.0
578.0
196.0
151.0
157.0
194.0
151.0
191.0
152.0
193.0
152.0
197.0
155.0
189.0
155.0
149.0
194.0
154.0
195.0
143.0
153.0
194.0
150.0
191.0
155.0
194.0
150.0
195.0
149.0
198.0
154.0
518.0
200.0
149.0
194.0
144.0
154.0
194.0
154.0
145.0
153.0
148.0
199.0
159.0
155.0
135.0
197.0
154.0
146.0
150.0
154.0
194.0
151.0
199.0
157.0
194.0
155.0
153.0
197.0
142.0
194.0
152.0
152.0
154.0
193.0
154.0
141.0
194.0
155.0
148.0
151.0
157.0
365.0
146.0
194.0
152.0
158.0
194.0
157.0
157.0
197.0
155.0
150.0
196.0
150.0
196.0
154.0
154.0
187.0
149.0
196.0
390.0
148.0
516.0
157.0
152.0
196.0
153.0
154.0
194.0
154.0
153.0
196.0
137.0
199.0
142.0
190.0
151.0
196.0
155.0
150.0
194.0
150.0
154.0
155.0
197.0
155.0
194.0
162.0
197.0
133.0
197.0
154.0
155.0
196.0
154.0
153.0
197.0
160.0
193.0
157.0
197.0
148.0
193.0
155.0
154.0
151.0
154.0
194.0
156.0
152.0
149.0
196.0
156.0
192.0
147.0
194.0
140.0
152.0
198.0
152.0
196.0
147.0
150.0
153.0
201.0
160.0
155.0
197.0
155.0
193.0
154.0
195.0
157.0
146.0
195.0
152.0
193.0
160.0
197.0
154.0
196.0
151.0
200.0
195.0
156.0
197.0
152.0
152.0
196.0
153.0
194.0
149.0
192.0
154.0
193.0
272.0
149.0
197.0
150.0
158.0
195.0
149.0
194.0
151.0
197.0
149.0
196.0
153.0
151.0
151.0
194.0
154.0
198.0
151.0
152.0
194.0
152.0
152.0
190.0
155.0
146.0
194.0
148.0
197.0
154.0
201.0
150.0
129.0
197.0
378.0
154.0
157.0
155.0
154.0
148.0
189.0
153.0
194.0
161.0
157.0
193.0
157.0
155.0
151.0
197.0
153.0
196.0
152.0
154.0
151.0
197.0
151.0
221.0
156.0
193.0
155.0
197.0
149.0
149.0
153.0
189.0
153.0
151.0
147.0
194.0
151.0
193.0
149.0
156.0
197.0
158.0
190.0
158.0
198.0
161.0
197.0
158.0
194.0
154.0
194.0
149.0
237.0
195.0
157.0
154.0
197.0
210.0
193.0
155.0
154.0
197.0
149.0
192.0
156.0
156.0
158.0
162.0
193.0
160.0
195.0
150.0
192.0
152.0
196.0
154.0
201.0
154.0
157.0
197.0
153.0
154.0
192.0
153.0
196.0
153.0
197.0
157.0
198.0
152.0
151.0
153.0
200.0
152.0
198.0
150.0
202.0
153.0
198.0
144.0
197.0
149.0
196.0
153.0
153.0
154.0
196.0
156.0
196.0
154.0
157.0
197.0
153.0
151.0
192.0
157.0
195.0
145.0
136.0
200.0
157.0
194.0
155.0
157.0
151.0
153.0
194.0
148.0
197.0
149.0
192.0
151.0
196.0
154.0
196.0
156.0
158.0
151.0
141.0
157.0
196.0
155.0
155.0
200.0
160.0
196.0
150.0
195.0
153.0
155.0
194.0
154.0
153.0
194.0
155.0
190.0
154.0
153.0
196.0
150.0
193.0
155.0
145.0
197.0
152.0
150.0
152.0
196.0
146.0
152.0
195.0
152.0
153.0
151.0
200.0
154.0
197.0
184.0
155.0
195.0
153.0
154.0
198.0
155.0
152.0
150.0
155.0
194.0
157.0
154.0
152.0
152.0
161.0
154.0
195.0
155.0
194.0
157.0
201.0
156.0
192.0
144.0
196.0
153.0
198.0
153.0
196.0
152.0
197.0
158.0
146.0
148.0
154.0
197.0
158.0
197.0
151.0
194.0
158.0
190.0
155.0
194.0
160.0
158.0
156.0
197.0
155.0
200.0
153.0
200.0
149.0
189.0
158.0
198.0
147.0
151.0
195.0
152.0
197.0
151.0
157.0
158.0
157.0
196.0
157.0
152.0
200.0
153.0
200.0
156.0
193.0
153.0
194.0
160.0
197.0
154.0
383.0
193.0
154.0
193.0
153.0
199.0
146.0
199.0
149.0
196.0
156.0
196.0
150.0
142.0
196.0
326.0
196.0
154.0
155.0
153.0
164.0
197.0
151.0
148.0
197.0
146.0
194.0
154.0
194.0
157.0
153.0
321.0
158.0
193.0
157.0
196.0
158.0
196.0
154.0
149.0
193.0
150.0
198.0
153.0
190.0
146.0
195.0
155.0
152.0
158.0
198.0
155.0
194.0
150.0
152.0
194.0
152.0
198.0
149.0
155.0
200.0
156.0
199.0
150.0
196.0
156.0
194.0
155.0
150.0
194.0
151.0
194.0
154.0
198.0
210.0
153.0
154.0
195.0
157.0
196.0
152.0
197.0
147.0
150.0
149.0
152.0
194.0
155.0
197.0
154.0
197.0
150.0
156.0
153.0
195.0
156.0
154.0
153.0
196.0
152.0
155.0
201.0
157.0
191.0
160.0
154.0
156.0
148.0
199.0
155.0
200.0
155.0
196.0
155.0
199.0
158.0
157.0
153.0
193.0
157.0
194.0
134.0
146.0
199.0
159.0
203.0
154.0
194.0
160.0
196.0
154.0
153.0
201.0
147.0
195.0
154.0
196.0
157.0
161.0
151.0
145.0
196.0
247.0
196.0
154.0
154.0
196.0
158.0
197.0
152.0
194.0
157.0
160.0
197.0
154.0
196.0
156.0
200.0
146.0
155.0
196.0
142.0
194.0
162.0
192.0
150.0
151.0
197.0
151.0
154.0
147.0
202.0
153.0
529.0
194.0
155.0
137.0
197.0
150.0
191.0
153.0
158.0
157.0
157.0
154.0
194.0
239.0
195.0
158.0
196.0
156.0
154.0
193.0
157.0
150.0
193.0
144.0
194.0
148.0
154.0
194.0
154.0
196.0
152.0
190.0
153.0
193.0
154.0
197.0
153.0
198.0
153.0
191.0
153.0
149.0
151.0
194.0
147.0
200.0
146.0
199.0
162.0
158.0
156.0
155.0
161.0
194.0
150.0
157.0
158.0
198.0
154.0
199.0
151.0
194.0
157.0
196.0
152.0
193.0
144.0
197.0
154.0
193.0
153.0
149.0
203.0
156.0
217.0
196.0
157.0
195.0
152.0
193.0
154.0
193.0
152.0
157.0
146.0
200.0
152.0
196.0
154.0
194.0
147.0
196.0
152.0
193.0
154.0
194.0
154.0
194.0
149.0
195.0
152.0
196.0
157.0
198.0
157.0
156.0
197.0
153.0
193.0
644.0
150.0
156.0
198.0
160.0
158.0
191.0
150.0
195.0
157.0
194.0
148.0
154.0
154.0
197.0
154.0
149.0
194.0
150.0
192.0
146.0
154.0
156.0
200.0
153.0
156.0
196.0
153.0
192.0
152.0
196.0
139.0
201.0
154.0
199.0
153.0
204.0
152.0
159.0
193.0
148.0
141.0
196.0
150.0
157.0
156.0
155.0
154.0
194.0
154.0
152.0
196.0
155.0
193.0
142.0
197.0
146.0
194.0
153.0
194.0
386.0
196.0
156.0
155.0
194.0
154.0
195.0
151.0
195.0
154.0
194.0
158.0
160.0
156.0
155.0
149.0
194.0
152.0
194.0
154.0
196.0
149.0
197.0
154.0
157.0
138.0
152.0
202.0
150.0
155.0
197.0
150.0
195.0
157.0
149.0
368.0
155.0
155.0
195.0
153.0
147.0
197.0
151.0
189.0
146.0
197.0
149.0
197.0
154.0
157.0
143.0
197.0
152.0
196.0
203.0
152.0
155.0
155.0
202.0
160.0
196.0
153.0
155.0
194.0
157.0
157.0
199.0
151.0
196.0
150.0
152.0
196.0
151.0
194.0
151.0
197.0
157.0
244.0
155.0
124.0
194.0
153.0
156.0
157.0
157.0
194.0
147.0
196.0
156.0
198.0
154.0
154.0
153.0
150.0
211.0
205.0
157.0
154.0
193.0
153.0
193.0
146.0
150.0
192.0
153.0
203.0
154.0
154.0
154.0
197.0
155.0
197.0
150.0
201.0
153.0
140.0
158.0
192.0
159.0
153.0
157.0
195.0
150.0
149.0
198.0
155.0
238.0
154.0
153.0
158.0
155.0
194.0
153.0
145.0
196.0
155.0
149.0
154.0
195.0
153.0
160.0
154.0
154.0
197.0
154.0
195.0
144.0
151.0
197.0
149.0
141.0
193.0
155.0
196.0
150.0
196.0
158.0
156.0
154.0
161.0
153.0
153.0
194.0
158.0
154.0
195.0
153.0
156.0
196.0
146.0
194.0
150.0
149.0
157.0
195.0
161.0
147.0
197.0
153.0
200.0
148.0
156.0
157.0
154.0
192.0
155.0
148.0
195.0
152.0
154.0
139.0
192.0
160.0
151.0
198.0
155.0
202.0
155.0
197.0
160.0
144.0
197.0
160.0
195.0
151.0
197.0
151.0
196.0
155.0
194.0
154.0
155.0
194.0
151.0
153.0
153.0
195.0
161.0
195.0
152.0
157.0
203.0
160.0
154.0
148.0
152.0
149.0
160.0
190.0
153.0
153.0
197.0
156.0
194.0
160.0
196.0
152.0
154.0
194.0
154.0
155.0
155.0
153.0
194.0
157.0
150.0
136.0
197.0
152.0
153.0
193.0
155.0
157.0
196.0
151.0
195.0
149.0
196.0
150.0
144.0
146.0
150.0
200.0
154.0
197.0
146.0
157.0
193.0
152.0
149.0
152.0
194.0
157.0
151.0
196.0
152.0
154.0
160.0
191.0
151.0
151.0
156.0
149.0
198.0
150.0
154.0
194.0
155.0
149.0
196.0
149.0
198.0
152.0
197.0
160.0
147.0
197.0
151.0
196.0
145.0
196.0
150.0
155.0
194.0
157.0
156.0
197.0
154.0
194.0
152.0
197.0
151.0
155.0
197.0
157.0
197.0
154.0
198.0
154.0
200.0
156.0
153.0
193.0
150.0
194.0
217.0
151.0
154.0
151.0
195.0
150.0
157.0
162.0
190.0
155.0
150.0
149.0
154.0
197.0
151.0
156.0
156.0
191.0
150.0
152.0
155.0
149.0
216.0
156.0
152.0
193.0
157.0
153.0
197.0
153.0
198.0
154.0
150.0
197.0
147.0
196.0
151.0
154.0
198.0
153.0
152.0
197.0
152.0
195.0
149.0
196.0
155.0
156.0
199.0
148.0
193.0
130.0
203.0
306.0
192.0
155.0
198.0
154.0
194.0
153.0
195.0
389.0
150.0
197.0
155.0
194.0
153.0
193.0
151.0
156.0
196.0
154.0
194.0
160.0
197.0
150.0
154.0
195.0
153.0
154.0
202.0
151.0
194.0
146.0
197.0
148.0
197.0
142.0
197.0
151.0
195.0
153.0
155.0
159.0
198.0
154.0
152.0
196.0
155.0
194.0
150.0
196.0
148.0
194.0
154.0
193.0
150.0
201.0
194.0
147.0
195.0
153.0
193.0
144.0
195.0
142.0
155.0
194.0
155.0
152.0
192.0
145.0
197.0
328.0
155.0
194.0
152.0
197.0
157.0
154.0
197.0
156.0
145.0
153.0
197.0
151.0
194.0
154.0
197.0
153.0
160.0
198.0
152.0
189.0
152.0
202.0
157.0
194.0
146.0
197.0
154.0
200.0
149.0
153.0
197.0
155.0
196.0
153.0
196.0
152.0
193.0
154.0
152.0
156.0
194.0
155.0
155.0
151.0
152.0
194.0
154.0
150.0
160.0
194.0
156.0
197.0
379.0
196.0
150.0
196.0
154.0
198.0
153.0
193.0
152.0
197.0
149.0
154.0
195.0
155.0
149.0
194.0
154.0
152.0
154.0
149.0
198.0
160.0
195.0
157.0
192.0
153.0
162.0
197.0
153.0
194.0
153.0
193.0
570.0
197.0
152.0
198.0
150.0
197.0
155.0
197.0
152.0
196.0
154.0
198.0
138.0
200.0
155.0
158.0
157.0
157.0
155.0
156.0
151.0
156.0
196.0
143.0
198.0
158.0
144.0
156.0
197.0
151.0
151.0
197.0
154.0
192.0
155.0
196.0
150.0
157.0
194.0
151.0
194.0
153.0
196.0
153.0
154.0
200.0
150.0
196.0
157.0
196.0
155.0
156.0
138.0
151.0
193.0
147.0
196.0
145.0
198.0
594.0
196.0
151.0
199.0
153.0
195.0
216.0
196.0
152.0
195.0
152.0
200.0
155.0
196.0
153.0
155.0
197.0
160.0
154.0
155.0
196.0
154.0
199.0
154.0
191.0
137.0
196.0
153.0
194.0
154.0
151.0
151.0
189.0
153.0
196.0
156.0
202.0
148.0
194.0
151.0
147.0
154.0
154.0
190.0
156.0
198.0
153.0
198.0
146.0
150.0
196.0
157.0
196.0
157.0
193.0
154.0
190.0
138.0
196.0
153.0
153.0
154.0
198.0
159.0
158.0
198.0
157.0
153.0
198.0
153.0
195.0
158.0
202.0
152.0
195.0
154.0
197.0
152.0
150.0
157.0
672.0
157.0
196.0
151.0
153.0
197.0
155.0
155.0
197.0
156.0
197.0
151.0
196.0
157.0
196.0
156.0
335.0
225.0
152.0
152.0
160.0
197.0
156.0
155.0
199.0
154.0
197.0
154.0
189.0
154.0
194.0
150.0
156.0
149.0
196.0
153.0
150.0
200.0
148.0
208.0
191.0
156.0
196.0
153.0
193.0
153.0
153.0
152.0
194.0
154.0
178.0
154.0
154.0
197.0
162.0
197.0
153.0
190.0
157.0
196.0
150.0
194.0
156.0
194.0
152.0
198.0
154.0
201.0
151.0
197.0
157.0
153.0
158.0
150.0
157.0
155.0
197.0
155.0
558.0
154.0
148.0
198.0
150.0
193.0
152.0
193.0
153.0
203.0
149.0
203.0
154.0
200.0
153.0
194.0
224.0
153.0
201.0
157.0
197.0
154.0
192.0
152.0
195.0
154.0
194.0
150.0
194.0
150.0
197.0
153.0
197.0
144.0
194.0
150.0
153.0
200.0
152.0
191.0
154.0
149.0
141.0
201.0
146.0
415.0
190.0
148.0
201.0
154.0
194.0
158.0
193.0
146.0
151.0
155.0
156.0
155.0
197.0
154.0
196.0
154.0
191.0
150.0
190.0
153.0
193.0
153.0
149.0
146.0
194.0
156.0
196.0
155.0
155.0
198.0
441.0
197.0
149.0
194.0
154.0
156.0
200.0
153.0
200.0
154.0
157.0
194.0
154.0
170.0
149.0
153.0
156.0
189.0
151.0
190.0
154.0
199.0
151.0
150.0
196.0
141.0
196.0
153.0
150.0
197.0
155.0
152.0
200.0
156.0
197.0
149.0
151.0
191.0
156.0
197.0
155.0
201.0
154.0
156.0
153.0
149.0
355.0
195.0
154.0
196.0
150.0
197.0
147.0
197.0
154.0
198.0
152.0
192.0
146.0
196.0
156.0
195.0
152.0
198.0
151.0
197.0
155.0
195.0
153.0
196.0
153.0
197.0
150.0
152.0
195.0
154.0
199.0
151.0
155.0
194.0
149.0
194.0
154.0
195.0
133.0
195.0
148.0
194.0
153.0
197.0
154.0
147.0
150.0
154.0
196.0
155.0
188.0
157.0
155.0
196.0
162.0
189.0
147.0
196.0
153.0
193.0
148.0
195.0
153.0
196.0
157.0
160.0
151.0
154.0
197.0
154.0
198.0
148.0
196.0
154.0
149.0
158.0
155.0
192.0
152.0
151.0
150.0
157.0
194.0
153.0
156.0
155.0
191.0
525.0
190.0
153.0
194.0
145.0
156.0
193.0
152.0
198.0
149.0
193.0
157.0
198.0
158.0
150.0
144.0
154.0
197.0
152.0
149.0
196.0
155.0
198.0
197.0
151.0
154.0
156.0
195.0
154.0
194.0
160.0
197.0
474.0
153.0
197.0
154.0
194.0
157.0
195.0
150.0
157.0
148.0
200.0
155.0
194.0
155.0
160.0
196.0
158.0
156.0
160.0
152.0
197.0
151.0
197.0
153.0
197.0
152.0
193.0
153.0
196.0
153.0
155.0
196.0
148.0
193.0
157.0
198.0
155.0
194.0
155.0
152.0
194.0
144.0
139.0
200.0
153.0
195.0
146.0
197.0
155.0
154.0
195.0
157.0
146.0
157.0
149.0
150.0
190.0
160.0
153.0
197.0
150.0
194.0
154.0
197.0
159.0
197.0
151.0
200.0
232.0
193.0
150.0
198.0
153.0
150.0
193.0
151.0
198.0
146.0
193.0
157.0
198.0
152.0
154.0
196.0
154.0
156.0
198.0
151.0
194.0
149.0
195.0
153.0
154.0
197.0
153.0
193.0
154.0
196.0
146.0
202.0
154.0
153.0
149.0
197.0
150.0
154.0
199.0
154.0
154.0
150.0
241.0
156.0
194.0
154.0
196.0
150.0
152.0
157.0
191.0
154.0
190.0
149.0
194.0
155.0
154.0
194.0
158.0
197.0
158.0
253.0
157.0
196.0
154.0
156.0
197.0
148.0
154.0
158.0
154.0
237.0
150.0
149.0
149.0
191.0
154.0
147.0
155.0
193.0
146.0
153.0
191.0
140.0
193.0
150.0
194.0
153.0
154.0
154.0
197.0
151.0
196.0
158.0
153.0
195.0
149.0
153.0
156.0
195.0
158.0
194.0
154.0
202.0
146.0
197.0
154.0
198.0
150.0
194.0
148.0
198.0
153.0
197.0
251.0
149.0
196.0
203.0
156.0
191.0
149.0
192.0
160.0
153.0
154.0
198.0
152.0
148.0
194.0
160.0
196.0
153.0
522.0
198.0
153.0
195.0
141.0
196.0
158.0
155.0
196.0
151.0
161.0
154.0
154.0
154.0
191.0
145.0
195.0
150.0
235.0
194.0
153.0
162.0
152.0
194.0
153.0
157.0
152.0
155.0
144.0
155.0
195.0
157.0
154.0
150.0
145.0
202.0
189.0
148.0
197.0
156.0
151.0
195.0
152.0
157.0
154.0
151.0
153.0
198.0
156.0
147.0
191.0
157.0
149.0
196.0
154.0
155.0
149.0
196.0
156.0
152.0
193.0
149.0
195.0
149.0
152.0
194.0
577.0
200.0
390.0
196.0
144.0
191.0
154.0
157.0
154.0
198.0
153.0
197.0
153.0
195.0
149.0
154.0
154.0
194.0
156.0
148.0
148.0
195.0
152.0
146.0
153.0
201.0
151.0
151.0
157.0
195.0
143.0
157.0
158.0
194.0
155.0
152.0
329.0
191.0
154.0
154.0
145.0
198.0
152.0
148.0
192.0
154.0
196.0
122.0
197.0
149.0
195.0
164.0
152.0
199.0
155.0
149.0
201.0
153.0
197.0
154.0
156.0
202.0
158.0
154.0
154.0
142.0
158.0
194.0
155.0
199.0
153.0
152.0
155.0
192.0
265.0
149.0
147.0
155.0
155.0
190.0
144.0
194.0
154.0
157.0
157.0
192.0
154.0
194.0
154.0
157.0
196.0
153.0
196.0
154.0
157.0
149.0
153.0
198.0
153.0
192.0
160.0
191.0
153.0
160.0
142.0
196.0
152.0
151.0
195.0
152.0
190.0
161.0
154.0
196.0
142.0
199.0
149.0
138.0
197.0
154.0
145.0
157.0
198.0
154.0
199.0
146.0
197.0
155.0
201.0
153.0
197.0
158.0
194.0
151.0
194.0
152.0
153.0
153.0
199.0
153.0
153.0
153.0
140.0
197.0
156.0
160.0
193.0
154.0
160.0
196.0
156.0
154.0
191.0
149.0
197.0
154.0
193.0
154.0
194.0
146.0
197.0
155.0
153.0
197.0
156.0
150.0
151.0
154.0
152.0
158.0
193.0
153.0
197.0
149.0
192.0
151.0
192.0
153.0
198.0
135.0
198.0
343.0
195.0
144.0
138.0
200.0
156.0
152.0
157.0
154.0
192.0
156.0
153.0
197.0
158.0
156.0
196.0
156.0
192.0
153.0
195.0
150.0
158.0
155.0
193.0
341.0
198.0
144.0
193.0
152.0
197.0
160.0
193.0
153.0
152.0
194.0
160.0
154.0
191.0
153.0
190.0
156.0
194.0
153.0
200.0
152.0
157.0
142.0
154.0
158.0
197.0
157.0
194.0
158.0
198.0
149.0
200.0
150.0
149.0
197.0
154.0
156.0
202.0
197.0
141.0
149.0
154.0
218.0
195.0
158.0
198.0
151.0
197.0
154.0
194.0
154.0
147.0
153.0
195.0
151.0
189.0
155.0
155.0
192.0
153.0
155.0
194.0
154.0
198.0
155.0
154.0
197.0
150.0
199.0
154.0
196.0
131.0
195.0
156.0
196.0
154.0
148.0
153.0
150.0
194.0
154.0
156.0
144.0
334.0
196.0
153.0
154.0
194.0
156.0
196.0
158.0
154.0
152.0
195.0
152.0
200.0
434.0
142.0
199.0
153.0
197.0
157.0
197.0
160.0
197.0
150.0
397.0
144.0
192.0
157.0
199.0
151.0
153.0
191.0
158.0
196.0
150.0
198.0
560.0
193.0
157.0
198.0
150.0
149.0
154.0
194.0
156.0
194.0
152.0
196.0
444.0
149.0
194.0
153.0
127.0
201.0
150.0
196.0
155.0
208.0
152.0
153.0
197.0
152.0
198.0
152.0
154.0
153.0
150.0
150.0
197.0
157.0
198.0
157.0
199.0
155.0
155.0
149.0
196.0
151.0
195.0
150.0
198.0
151.0
196.0
157.0
151.0
200.0
159.0
194.0
153.0
153.0
196.0
149.0
194.0
151.0
196.0
149.0
156.0
202.0
150.0
151.0
152.0
150.0
151.0
191.0
152.0
197.0
155.0
200.0
151.0
194.0
146.0
144.0
151.0
199.0
152.0
197.0
149.0
196.0
151.0
194.0
153.0
157.0
189.0
150.0
195.0
146.0
146.0
196.0
154.0
192.0
154.0
198.0
149.0
157.0
194.0
162.0
193.0
154.0
196.0
148.0
201.0
153.0
201.0
157.0
195.0
156.0
194.0
155.0
197.0
157.0
154.0
193.0
156.0
153.0
194.0
150.0
150.0
160.0
196.0
149.0
194.0
155.0
195.0
154.0
155.0
150.0
196.0
152.0
198.0
148.0
156.0
148.0
194.0
156.0
155.0
195.0
155.0
152.0
202.0
157.0
152.0
140.0
193.0
134.0
149.0
191.0
151.0
157.0
196.0
153.0
150.0
192.0
154.0
323.0
198.0
152.0
155.0
196.0
154.0
149.0
190.0
154.0
192.0
152.0
195.0
157.0
216.0
156.0
153.0
198.0
157.0
152.0
198.0
153.0
198.0
155.0
189.0
557.0
197.0
149.0
145.0
197.0
154.0
146.0
194.0
148.0
193.0
132.0
153.0
154.0
198.0
150.0
198.0
153.0
197.0
154.0
200.0
154.0
154.0
196.0
157.0
195.0
159.0
198.0
158.0
156.0
195.0
158.0
152.0
198.0
153.0
197.0
158.0
195.0
152.0
198.0
151.0
146.0
154.0
195.0
156.0
155.0
532.0
148.0
150.0
153.0
196.0
149.0
156.0
155.0
196.0
134.0
149.0
197.0
141.0
198.0
154.0
148.0
192.0
151.0
194.0
157.0
190.0
154.0
155.0
194.0
353.0
196.0
154.0
198.0
220.0
196.0
150.0
194.0
152.0
153.0
153.0
196.0
154.0
156.0
196.0
146.0
194.0
151.0
160.0
194.0
155.0
194.0
153.0
200.0
154.0
198.0
154.0
198.0
154.0
198.0
156.0
197.0
148.0
196.0
152.0
191.0
151.0
196.0
155.0
252.0
194.0
150.0
195.0
149.0
193.0
129.0
197.0
154.0
153.0
188.0
160.0
202.0
200.0
156.0
191.0
153.0
197.0
151.0
197.0
157.0
139.0
196.0
148.0
154.0
196.0
150.0
157.0
156.0
152.0
150.0
193.0
157.0
154.0
157.0
201.0
157.0
198.0
153.0
154.0
201.0
155.0
364.0
191.0
157.0
187.0
150.0
154.0
158.0
194.0
153.0
146.0
198.0
153.0
194.0
153.0
196.0
134.0
197.0
161.0
194.0
153.0
197.0
155.0
157.0
153.0
196.0
145.0
152.0
203.0
149.0
142.0
157.0
198.0
155.0
196.0
155.0
196.0
149.0
193.0
156.0
161.0
154.0
200.0
149.0
194.0
153.0
151.0
196.0
149.0
155.0
200.0
143.0
200.0
154.0
196.0
145.0
153.0
193.0
157.0
153.0
155.0
193.0
154.0
103.0
205.0
133.0
159.0
197.0
157.0
161.0
193.0
206.0
150.0
152.0
154.0
211.0
154.0
155.0
193.0
160.0
195.0
155.0
144.0
196.0
154.0
157.0
195.0
157.0
197.0
155.0
194.0
154.0
198.0
152.0
197.0
148.0
194.0
151.0
195.0
152.0
152.0
151.0
199.0
157.0
158.0
154.0
194.0
545.0
141.0
155.0
198.0
154.0
194.0
150.0
152.0
143.0
195.0
153.0
196.0
152.0
149.0
203.0
151.0
151.0
160.0
146.0
505.0
148.0
198.0
153.0
196.0
155.0
193.0
151.0
197.0
158.0
196.0
152.0
513.0
158.0
190.0
154.0
198.0
135.0
155.0
151.0
154.0
190.0
158.0
149.0
193.0
155.0
197.0
155.0
194.0
149.0
152.0
193.0
149.0
155.0
241.0
196.0
147.0
154.0
154.0
150.0
195.0
154.0
198.0
154.0
195.0
153.0
192.0
156.0
144.0
150.0
198.0
155.0
193.0
533.0
193.0
152.0
210.0
153.0
191.0
157.0
194.0
150.0
156.0
151.0
149.0
197.0
155.0
197.0
150.0
197.0
160.0
196.0
149.0
154.0
196.0
155.0
197.0
150.0
194.0
160.0
154.0
154.0
156.0
158.0
193.0
155.0
194.0
156.0
153.0
154.0
194.0
151.0
195.0
154.0
193.0
152.0
201.0
151.0
195.0
157.0
194.0
154.0
200.0
142.0
197.0
142.0
194.0
160.0
194.0
154.0
195.0
157.0
198.0
154.0
148.0
193.0
150.0
203.0
152.0
197.0
157.0
193.0
231.0
157.0
195.0
440.0
155.0
198.0
154.0
196.0
161.0
151.0
150.0
198.0
157.0
146.0
201.0
456.0
197.0
150.0
201.0
156.0
146.0
148.0
157.0
197.0
149.0
155.0
154.0
150.0
197.0
157.0
192.0
156.0
150.0
194.0
149.0
194.0
149.0
146.0
197.0
154.0
196.0
150.0
150.0
149.0
156.0
151.0
156.0
192.0
151.0
196.0
153.0
154.0
197.0
158.0
157.0
195.0
154.0
193.0
160.0
197.0
151.0
155.0
153.0
154.0
194.0
139.0
158.0
154.0
157.0
152.0
193.0
155.0
155.0
193.0
141.0
197.0
150.0
197.0
153.0
194.0
153.0
197.0
153.0
197.0
156.0
200.0
158.0
158.0
152.0
190.0
150.0
198.0
148.0
197.0
160.0
194.0
149.0
154.0
197.0
152.0
200.0
152.0
149.0
201.0
160.0
191.0
153.0
194.0
154.0
195.0
160.0
154.0
198.0
151.0
194.0
157.0
189.0
154.0
196.0
151.0
201.0
305.0
197.0
151.0
153.0
148.0
152.0
197.0
158.0
189.0
153.0
149.0
194.0
153.0
153.0
154.0
195.0
154.0
193.0
150.0
198.0
156.0
146.0
196.0
155.0
194.0
154.0
153.0
200.0
158.0
156.0
200.0
154.0
158.0
194.0
156.0
150.0
197.0
154.0
199.0
155.0
156.0
195.0
137.0
146.0
194.0
151.0
201.0
161.0
154.0
156.0
153.0
160.0
197.0
145.0
150.0
196.0
157.0
194.0
156.0
151.0
191.0
156.0
196.0
151.0
154.0
193.0
153.0
198.0
154.0
148.0
195.0
154.0
195.0
151.0
155.0
197.0
153.0
141.0
197.0
162.0
152.0
196.0
152.0
194.0
154.0
153.0
197.0
154.0
198.0
160.0
160.0
196.0
543.0
195.0
150.0
156.0
152.0
193.0
149.0
160.0
197.0
154.0
196.0
144.0
200.0
154.0
195.0
148.0
154.0
148.0
197.0
157.0
196.0
149.0
205.0
152.0
194.0
154.0
152.0
200.0
150.0
190.0
154.0
152.0
197.0
153.0
152.0
129.0
203.0
150.0
153.0
194.0
151.0
157.0
198.0
144.0
195.0
149.0
156.0
149.0
189.0
151.0
200.0
159.0
196.0
157.0
150.0
148.0
196.0
146.0
159.0
156.0
141.0
151.0
197.0
157.0
156.0
154.0
194.0
153.0
154.0
197.0
153.0
198.0
149.0
193.0
153.0
201.0
151.0
155.0
195.0
155.0
153.0
194.0
152.0
154.0
154.0
152.0
200.0
145.0
157.0
191.0
154.0
196.0
148.0
197.0
146.0
193.0
157.0
147.0
199.0
155.0
195.0
153.0
157.0
195.0
201.0
202.0
150.0
155.0
156.0
193.0
151.0
153.0
149.0
147.0
194.0
146.0
190.0
154.0
197.0
157.0
146.0
197.0
157.0
198.0
154.0
145.0
197.0
152.0
194.0
141.0
150.0
195.0
148.0
152.0
194.0
149.0
154.0
194.0
152.0
152.0
193.0
153.0
150.0
155.0
194.0
154.0
199.0
157.0
151.0
193.0
150.0
198.0
660.0
194.0
148.0
196.0
155.0
150.0
192.0
154.0
197.0
157.0
194.0
157.0
195.0
153.0
195.0
150.0
192.0
152.0
198.0
154.0
154.0
194.0
154.0
154.0
153.0
155.0
196.0
152.0
157.0
196.0
154.0
201.0
136.0
201.0
149.0
148.0
198.0
156.0
149.0
152.0
198.0
150.0
210.0
154.0
156.0
154.0
196.0
153.0
194.0
155.0
156.0
197.0
157.0
149.0
197.0
156.0
155.0
157.0
153.0
155.0
194.0
157.0
194.0
151.0
154.0
194.0
601.0
200.0
320.0
153.0
190.0
152.0
195.0
152.0
151.0
157.0
195.0
155.0
194.0
156.0
153.0
200.0
150.0
152.0
194.0
153.0
153.0
200.0
152.0
156.0
158.0
196.0
154.0
198.0
154.0
189.0
154.0
189.0
154.0
156.0
197.0
161.0
197.0
150.0
196.0
153.0
155.0
156.0
157.0
198.0
156.0
206.0
155.0
199.0
152.0
149.0
196.0
155.0
153.0
64.0
197.0
146.0
155.0
153.0
154.0
152.0
156.0
193.0
154.0
193.0
152.0
153.0
197.0
158.0
157.0
154.0
155.0
152.0
160.0
157.0
153.0
198.0
154.0
194.0
157.0
196.0
151.0
154.0
196.0
154.0
191.0
154.0
199.0
154.0
160.0
196.0
152.0
192.0
153.0
198.0
156.0
192.0
152.0
154.0
192.0
157.0
191.0
154.0
192.0
150.0
196.0
158.0
195.0
153.0
195.0
146.0
193.0
151.0
155.0
152.0
194.0
153.0
197.0
145.0
196.0
144.0
193.0
154.0
157.0
150.0
144.0
191.0
155.0
154.0
199.0
154.0
195.0
160.0
146.0
199.0
157.0
144.0
195.0
142.0
195.0
153.0
195.0
159.0
154.0
198.0
156.0
194.0
155.0
154.0
147.0
155.0
198.0
152.0
148.0
154.0
197.0
157.0
196.0
148.0
154.0
157.0
197.0
157.0
198.0
153.0
194.0
156.0
145.0
197.0
153.0
197.0
145.0
197.0
156.0
195.0
156.0
195.0
150.0
153.0
161.0
150.0
206.0
158.0
155.0
152.0
148.0
196.0
154.0
191.0
142.0
193.0
146.0
195.0
153.0
154.0
154.0
197.0
150.0
150.0
193.0
153.0
198.0
155.0
158.0
199.0
157.0
193.0
149.0
194.0
145.0
156.0
149.0
149.0
193.0
150.0
157.0
157.0
150.0
196.0
153.0
149.0
208.0
153.0
195.0
157.0
152.0
194.0
155.0
153.0
196.0
146.0
151.0
193.0
153.0
189.0
155.0
152.0
156.0
148.0
198.0
151.0
197.0
152.0
150.0
199.0
160.0
154.0
196.0
149.0
154.0
194.0
153.0
200.0
152.0
156.0
197.0
153.0
149.0
162.0
153.0
150.0
197.0
154.0
201.0
155.0
151.0
192.0
154.0
197.0
158.0
195.0
160.0
197.0
155.0
193.0
138.0
194.0
150.0
192.0
150.0
151.0
196.0
147.0
190.0
151.0
196.0
151.0
196.0
151.0
152.0
154.0
156.0
197.0
156.0
192.0
155.0
199.0
155.0
198.0
155.0
150.0
197.0
153.0
150.0
194.0
158.0
197.0
157.0
151.0
197.0
153.0
157.0
194.0
150.0
194.0
148.0
196.0
144.0
158.0
194.0
133.0
199.0
155.0
154.0
193.0
157.0
122.0
204.0
151.0
153.0
150.0
151.0
152.0
160.0
194.0
156.0
156.0
193.0
154.0
196.0
155.0
156.0
150.0
156.0
193.0
146.0
200.0
160.0
147.0
157.0
146.0
193.0
157.0
154.0
193.0
153.0
154.0
157.0
200.0
154.0
159.0
152.0
153.0
155.0
152.0
197.0
296.0
141.0
161.0
155.0
144.0
194.0
160.0
195.0
152.0
193.0
151.0
193.0
154.0
194.0
157.0
151.0
152.0
197.0
154.0
197.0
154.0
153.0
201.0
154.0
156.0
195.0
155.0
197.0
157.0
192.0
152.0
129.0
198.0
150.0
145.0
194.0
152.0
160.0
149.0
197.0
156.0
200.0
154.0
197.0
153.0
193.0
155.0
160.0
155.0
195.0
160.0
194.0
93.0
226.0
395.0
198.0
154.0
157.0
192.0
156.0
156.0
200.0
155.0
156.0
154.0
153.0
158.0
148.0
194.0
153.0
159.0
155.0
152.0
155.0
197.0
151.0
193.0
154.0
197.0
149.0
152.0
194.0
149.0
201.0
304.0
153.0
193.0
157.0
200.0
162.0
194.0
148.0
157.0
198.0
152.0
196.0
149.0
197.0
151.0
200.0
157.0
154.0
197.0
149.0
194.0
155.0
157.0
196.0
154.0
154.0
194.0
152.0
157.0
195.0
146.0
191.0
154.0
155.0
155.0
193.0
155.0
198.0
155.0
197.0
154.0
198.0
154.0
152.0
148.0
200.0
149.0
194.0
150.0
197.0
148.0
197.0
152.0
194.0
150.0
196.0
151.0
198.0
151.0
194.0
157.0
193.0
157.0
195.0
161.0
154.0
198.0
151.0
194.0
146.0
197.0
154.0
192.0
157.0
197.0
153.0
193.0
149.0
190.0
156.0
200.0
158.0
153.0
152.0
195.0
155.0
195.0
157.0
156.0
196.0
150.0
191.0
156.0
155.0
148.0
155.0
138.0
158.0
193.0
148.0
201.0
149.0
198.0
157.0
196.0
151.0
198.0
157.0
185.0
157.0
156.0
156.0
196.0
147.0
197.0
149.0
156.0
197.0
149.0
193.0
157.0
198.0
145.0
157.0
153.0
190.0
158.0
201.0
522.0
154.0
194.0
157.0
195.0
138.0
194.0
153.0
150.0
192.0
152.0
194.0
141.0
197.0
160.0
194.0
154.0
200.0
157.0
194.0
153.0
192.0
156.0
194.0
149.0
151.0
198.0
149.0
194.0
154.0
152.0
146.0
192.0
148.0
202.0
157.0
150.0
154.0
151.0
218.0
140.0
198.0
155.0
196.0
158.0
192.0
157.0
200.0
153.0
195.0
152.0
150.0
152.0
155.0
151.0
195.0
155.0
197.0
150.0
194.0
155.0
193.0
154.0
146.0
157.0
157.0
157.0
195.0
149.0
154.0
154.0
195.0
149.0
194.0
155.0
196.0
144.0
200.0
153.0
194.0
151.0
196.0
154.0
196.0
156.0
194.0
158.0
198.0
153.0
194.0
157.0
195.0
157.0
146.0
157.0
194.0
150.0
195.0
153.0
194.0
149.0
137.0
194.0
150.0
197.0
157.0
193.0
136.0
144.0
157.0
151.0
197.0
150.0
200.0
152.0
144.0
645.0
193.0
161.0
198.0
149.0
193.0
154.0
189.0
153.0
150.0
196.0
153.0
198.0
147.0
152.0
196.0
155.0
193.0
158.0
194.0
153.0
264.0
196.0
157.0
197.0
157.0
201.0
162.0
197.0
146.0
196.0
150.0
156.0
160.0
152.0
204.0
154.0
193.0
157.0
192.0
153.0
194.0
285.0
155.0
149.0
201.0
152.0
156.0
157.0
193.0
151.0
151.0
197.0
153.0
193.0
160.0
198.0
154.0
155.0
154.0
161.0
195.0
158.0
196.0
149.0
140.0
197.0
154.0
199.0
151.0
150.0
198.0
157.0
157.0
193.0
154.0
194.0
161.0
154.0
152.0
199.0
157.0
153.0
194.0
153.0
146.0
200.0
153.0
158.0
194.0
151.0
194.0
153.0
193.0
160.0
146.0
194.0
163.0
154.0
202.0
164.0
189.0
154.0
154.0
189.0
205.0
197.0
151.0
197.0
152.0
199.0
145.0
194.0
149.0
149.0
154.0
196.0
151.0
141.0
157.0
162.0
154.0
152.0
196.0
156.0
197.0
154.0
194.0
146.0
195.0
154.0
154.0
195.0
160.0
153.0
198.0
150.0
157.0
190.0
147.0
197.0
156.0
154.0
157.0
196.0
157.0
197.0
152.0
194.0
141.0
194.0
150.0
196.0
158.0
154.0
195.0
152.0
198.0
154.0
197.0
160.0
197.0
153.0
158.0
157.0
154.0
194.0
148.0
196.0
153.0
155.0
196.0
153.0
203.0
155.0
200.0
153.0
195.0
154.0
373.0
195.0
147.0
194.0
154.0
157.0
149.0
197.0
160.0
160.0
155.0
200.0
150.0
152.0
194.0
142.0
197.0
150.0
194.0
158.0
157.0
198.0
152.0
154.0
194.0
148.0
149.0
153.0
157.0
144.0
195.0
153.0
196.0
155.0
155.0
193.0
152.0
159.0
153.0
155.0
154.0
143.0
196.0
150.0
197.0
154.0
196.0
149.0
155.0
196.0
154.0
151.0
193.0
154.0
153.0
194.0
148.0
199.0
154.0
152.0
197.0
155.0
193.0
146.0
194.0
153.0
155.0
198.0
160.0
148.0
149.0
195.0
151.0
152.0
192.0
154.0
153.0
196.0
154.0
197.0
149.0
197.0
132.0
197.0
161.0
151.0
198.0
156.0
141.0
201.0
154.0
193.0
157.0
194.0
153.0
495.0
196.0
148.0
154.0
148.0
142.0
200.0
149.0
157.0
194.0
150.0
196.0
151.0
158.0
197.0
152.0
142.0
194.0
151.0
150.0
148.0
202.0
155.0
197.0
144.0
197.0
151.0
153.0
194.0
160.0
197.0
153.0
157.0
194.0
152.0
197.0
152.0
141.0
200.0
150.0
151.0
199.0
137.0
198.0
149.0
196.0
156.0
196.0
151.0
197.0
159.0
197.0
150.0
154.0
194.0
140.0
154.0
194.0
153.0
150.0
194.0
155.0
153.0
153.0
199.0
151.0
152.0
152.0
154.0
194.0
155.0
198.0
159.0
194.0
149.0
194.0
158.0
162.0
153.0
150.0
156.0
154.0
194.0
155.0
198.0
155.0
155.0
196.0
157.0
195.0
154.0
151.0
149.0
198.0
154.0
194.0
152.0
146.0
160.0
194.0
155.0
194.0
154.0
252.0
149.0
196.0
155.0
197.0
152.0
157.0
153.0
198.0
148.0
198.0
150.0
198.0
153.0
195.0
158.0
146.0
149.0
196.0
154.0
158.0
193.0
155.0
157.0
200.0
132.0
202.0
154.0
196.0
154.0
151.0
148.0
200.0
154.0
200.0
158.0
157.0
152.0
157.0
196.0
151.0
153.0
192.0
154.0
153.0
198.0
156.0
153.0
196.0
150.0
153.0
194.0
154.0
194.0
154.0
157.0
193.0
154.0
196.0
545.0
157.0
201.0
154.0
196.0
148.0
154.0
194.0
153.0
198.0
158.0
143.0
196.0
150.0
198.0
153.0
151.0
196.0
152.0
197.0
150.0
149.0
150.0
198.0
157.0
194.0
160.0
194.0
154.0
197.0
288.0
151.0
196.0
152.0
194.0
152.0
202.0
157.0
196.0
589.0
196.0
149.0
197.0
149.0
150.0
200.0
157.0
200.0
156.0
156.0
154.0
155.0
196.0
154.0
194.0
156.0
152.0
193.0
153.0
196.0
156.0
194.0
157.0
154.0
152.0
194.0
153.0
191.0
155.0
149.0
158.0
156.0
152.0
198.0
154.0
141.0
190.0
154.0
196.0
146.0
140.0
196.0
150.0
197.0
161.0
197.0
154.0
192.0
157.0
156.0
151.0
198.0
148.0
156.0
197.0
157.0
198.0
152.0
201.0
157.0
146.0
198.0
151.0
194.0
147.0
154.0
154.0
194.0
149.0
149.0
152.0
155.0
155.0
148.0
154.0
194.0
153.0
154.0
195.0
154.0
156.0
194.0
155.0
198.0
157.0
156.0
156.0
151.0
196.0
153.0
149.0
193.0
158.0
157.0
158.0
154.0
155.0
149.0
194.0
153.0
151.0
229.0
157.0
144.0
196.0
155.0
162.0
148.0
196.0
155.0
266.0
156.0
194.0
155.0
195.0
154.0
196.0
157.0
198.0
232.0
198.0
149.0
154.0
201.0
204.0
157.0
193.0
154.0
155.0
198.0
155.0
195.0
155.0
149.0
151.0
196.0
158.0
146.0
195.0
155.0
158.0
152.0
160.0
154.0
151.0
198.0
147.0
196.0
157.0
199.0
152.0
194.0
153.0
194.0
150.0
154.0
191.0
146.0
155.0
154.0
155.0
148.0
156.0
197.0
152.0
193.0
153.0
163.0
193.0
154.0
198.0
151.0
194.0
152.0
197.0
152.0
190.0
154.0
195.0
150.0
197.0
155.0
157.0
200.0
157.0
341.0
189.0
154.0
195.0
155.0
192.0
159.0
194.0
153.0
194.0
150.0
155.0
155.0
155.0
147.0
194.0
156.0
153.0
142.0
157.0
157.0
196.0
156.0
195.0
149.0
156.0
202.0
149.0
198.0
157.0
196.0
154.0
159.0
157.0
190.0
158.0
190.0
401.0
153.0
154.0
194.0
151.0
153.0
201.0
149.0
198.0
153.0
196.0
151.0
153.0
149.0
195.0
153.0
196.0
146.0
197.0
192.0
154.0
157.0
194.0
150.0
197.0
155.0
193.0
156.0
194.0
160.0
142.0
154.0
201.0
153.0
156.0
153.0
146.0
199.0
148.0
151.0
194.0
141.0
194.0
136.0
198.0
154.0
158.0
151.0
191.0
148.0
197.0
151.0
153.0
193.0
156.0
198.0
150.0
196.0
151.0
197.0
154.0
153.0
193.0
156.0
275.0
193.0
154.0
197.0
154.0
200.0
148.0
197.0
157.0
270.0
201.0
156.0
202.0
154.0
157.0
194.0
152.0
196.0
154.0
153.0
154.0
157.0
158.0
155.0
194.0
151.0
150.0
192.0
157.0
194.0
156.0
154.0
194.0
153.0
191.0
154.0
195.0
153.0
151.0
155.0
195.0
151.0
196.0
154.0
192.0
155.0
194.0
143.0
198.0
155.0
152.0
152.0
196.0
146.0
149.0
201.0
160.0
197.0
150.0
194.0
156.0
150.0
153.0
153.0
149.0
140.0
195.0
158.0
145.0
197.0
153.0
154.0
157.0
201.0
157.0
194.0
152.0
155.0
152.0
151.0
196.0
153.0
197.0
161.0
149.0
158.0
197.0
154.0
155.0
153.0
155.0
192.0
156.0
148.0
194.0
151.0
202.0
152.0
153.0
193.0
157.0
148.0
193.0
142.0
156.0
150.0
150.0
193.0
154.0
193.0
151.0
152.0
154.0
194.0
153.0
197.0
153.0
153.0
199.0
156.0
196.0
153.0
154.0
197.0
162.0
194.0
157.0
154.0
195.0
149.0
195.0
158.0
154.0
149.0
196.0
148.0
154.0
190.0
141.0
153.0
148.0
199.0
156.0
154.0
154.0
158.0
154.0
201.0
151.0
195.0
154.0
196.0
153.0
194.0
154.0
158.0
153.0
153.0
158.0
150.0
159.0
152.0
156.0
157.0
198.0
158.0
150.0
156.0
156.0
200.0
144.0
157.0
196.0
156.0
152.0
157.0
194.0
155.0
149.0
160.0
158.0
158.0
202.0
153.0
156.0
196.0
156.0
197.0
155.0
149.0
193.0
152.0
157.0
154.0
197.0
155.0
195.0
122.0
203.0
152.0
154.0
157.0
190.0
153.0
195.0
151.0
138.0
196.0
149.0
156.0
197.0
149.0
157.0
155.0
148.0
200.0
151.0
155.0
156.0
159.0
145.0
197.0
157.0
154.0
198.0
143.0
152.0
156.0
157.0
195.0
150.0
154.0
140.0
196.0
155.0
148.0
149.0
363.0
153.0
200.0
155.0
200.0
147.0
155.0
197.0
157.0
198.0
148.0
154.0
194.0
149.0
150.0
192.0
156.0
195.0
155.0
157.0
151.0
193.0
154.0
197.0
155.0
153.0
153.0
194.0
150.0
200.0
156.0
195.0
160.0
150.0
194.0
157.0
197.0
152.0
154.0
198.0
151.0
190.0
151.0
152.0
196.0
199.0
154.0
198.0
149.0
197.0
154.0
196.0
154.0
156.0
154.0
199.0
153.0
200.0
153.0
159.0
153.0
198.0
149.0
157.0
155.0
153.0
155.0
158.0
142.0
198.0
157.0
157.0
195.0
152.0
153.0
197.0
157.0
630.0
196.0
160.0
149.0
156.0
189.0
151.0
198.0
149.0
152.0
157.0
157.0
157.0
197.0
154.0
196.0
154.0
194.0
154.0
195.0
153.0
200.0
153.0
148.0
156.0
196.0
155.0
152.0
197.0
198.0
155.0
197.0
157.0
157.0
151.0
154.0
197.0
155.0
193.0
148.0
197.0
153.0
192.0
157.0
494.0
128.0
194.0
151.0
152.0
155.0
196.0
155.0
197.0
154.0
196.0
150.0
198.0
155.0
150.0
149.0
152.0
148.0
194.0
149.0
154.0
152.0
197.0
152.0
194.0
153.0
199.0
212.0
196.0
155.0
158.0
194.0
152.0
194.0
158.0
197.0
206.0
190.0
158.0
156.0
194.0
154.0
198.0
153.0
194.0
149.0
197.0
151.0
149.0
150.0
198.0
566.0
154.0
155.0
200.0
160.0
197.0
155.0
153.0
153.0
153.0
154.0
199.0
254.0
153.0
150.0
196.0
156.0
160.0
197.0
393.0
196.0
152.0
157.0
173.0
154.0
196.0
154.0
148.0
152.0
192.0
149.0
151.0
157.0
200.0
152.0
157.0
154.0
201.0
155.0
197.0
149.0
158.0
161.0
195.0
155.0
154.0
162.0
153.0
152.0
154.0
158.0
197.0
163.0
198.0
156.0
150.0
196.0
151.0
154.0
157.0
191.0
152.0
190.0
153.0
196.0
158.0
154.0
154.0
195.0
150.0
145.0
196.0
151.0
150.0
196.0
313.0
150.0
196.0
154.0
155.0
198.0
154.0
200.0
147.0
196.0
154.0
199.0
158.0
194.0
156.0
196.0
152.0
197.0
157.0
197.0
155.0
155.0
193.0
149.0
154.0
150.0
154.0
154.0
200.0
153.0
155.0
156.0
154.0
157.0
196.0
152.0
155.0
194.0
155.0
157.0
155.0
197.0
154.0
197.0
159.0
191.0
150.0
152.0
195.0
156.0
202.0
157.0
154.0
156.0
405.0
150.0
193.0
154.0
195.0
157.0
194.0
154.0
196.0
152.0
200.0
142.0
155.0
196.0
144.0
198.0
154.0
154.0
150.0
154.0
150.0
151.0
159.0
153.0
153.0
191.0
156.0
154.0
196.0
150.0
198.0
158.0
153.0
197.0
298.0
152.0
196.0
151.0
152.0
158.0
154.0
150.0
196.0
152.0
159.0
153.0
155.0
160.0
194.0
153.0
192.0
158.0
198.0
157.0
197.0
152.0
202.0
149.0
197.0
151.0
197.0
142.0
154.0
155.0
154.0
137.0
194.0
153.0
203.0
155.0
156.0
150.0
195.0
155.0
151.0
146.0
153.0
155.0
197.0
156.0
154.0
154.0
188.0
151.0
160.0
194.0
152.0
196.0
151.0
168.0
150.0
194.0
139.0
197.0
157.0
194.0
155.0
194.0
151.0
163.0
196.0
154.0
154.0
198.0
156.0
199.0
150.0
195.0
151.0
157.0
136.0
156.0
200.0
151.0
125.0
200.0
158.0
160.0
196.0
154.0
155.0
195.0
155.0
197.0
154.0
195.0
149.0
197.0
339.0
147.0
151.0
193.0
146.0
160.0
150.0
160.0
157.0
158.0
198.0
156.0
157.0
199.0
155.0
154.0
156.0
148.0
155.0
198.0
156.0
197.0
151.0
201.0
161.0
160.0
196.0
154.0
150.0
152.0
154.0
196.0
158.0
153.0
192.0
163.0
197.0
153.0
156.0
152.0
157.0
197.0
161.0
158.0
193.0
152.0
192.0
152.0
153.0
157.0
161.0
152.0
155.0
197.0
160.0
194.0
156.0
145.0
200.0
151.0
197.0
258.0
157.0
155.0
198.0
154.0
193.0
144.0
160.0
192.0
151.0
197.0
155.0
150.0
155.0
192.0
142.0
194.0
157.0
197.0
144.0
195.0
157.0
198.0
626.0
200.0
145.0
202.0
145.0
197.0
146.0
197.0
150.0
156.0
193.0
148.0
154.0
155.0
151.0
191.0
155.0
193.0
156.0
155.0
154.0
155.0
195.0
147.0
155.0
158.0
195.0
155.0
151.0
198.0
157.0
195.0
148.0
189.0
153.0
141.0
200.0
154.0
197.0
152.0
194.0
150.0
152.0
143.0
157.0
197.0
147.0
157.0
150.0
154.0
197.0
150.0
196.0
150.0
153.0
150.0
157.0
197.0
153.0
266.0
150.0
150.0
155.0
197.0
154.0
196.0
154.0
143.0
194.0
150.0
197.0
156.0
155.0
194.0
157.0
146.0
190.0
152.0
193.0
154.0
195.0
155.0
188.0
152.0
145.0
158.0
150.0
195.0
155.0
194.0
150.0
151.0
157.0
152.0
195.0
152.0
199.0
153.0
196.0
155.0
200.0
153.0
156.0
197.0
153.0
194.0
160.0
203.0
156.0
155.0
152.0
156.0
196.0
153.0
135.0
157.0
198.0
155.0
197.0
153.0
201.0
155.0
200.0
153.0
193.0
151.0
199.0
156.0
160.0
198.0
154.0
194.0
150.0
194.0
150.0
156.0
196.0
151.0
154.0
157.0
154.0
196.0
154.0
194.0
154.0
197.0
160.0
194.0
151.0
192.0
148.0
140.0
196.0
154.0
196.0
152.0
192.0
149.0
190.0
154.0
146.0
199.0
150.0
196.0
157.0
155.0
193.0
149.0
189.0
152.0
155.0
149.0
194.0
155.0
157.0
194.0
152.0
196.0
150.0
192.0
146.0
197.0
155.0
222.0
153.0
153.0
200.0
152.0
200.0
159.0
152.0
197.0
146.0
152.0
192.0
149.0
150.0
193.0
152.0
205.0
153.0
200.0
154.0
193.0
159.0
195.0
140.0
197.0
151.0
195.0
153.0
196.0
150.0
157.0
198.0
161.0
154.0
200.0
152.0
145.0
204.0
160.0
198.0
154.0
194.0
155.0
198.0
153.0
143.0
153.0
191.0
154.0
190.0
156.0
156.0
196.0
146.0
155.0
148.0
152.0
194.0
156.0
193.0
160.0
194.0
132.0
189.0
153.0
158.0
155.0
151.0
143.0
154.0
157.0
194.0
155.0
153.0
153.0
197.0
157.0
197.0
152.0
156.0
157.0
194.0
147.0
150.0
194.0
146.0
198.0
152.0
154.0
151.0
193.0
154.0
198.0
156.0
162.0
147.0
196.0
148.0
154.0
150.0
151.0
160.0
195.0
152.0
190.0
153.0
191.0
364.0
154.0
198.0
154.0
154.0
201.0
155.0
194.0
155.0
154.0
160.0
195.0
150.0
149.0
155.0
155.0
197.0
158.0
194.0
162.0
195.0
156.0
153.0
195.0
151.0
151.0
139.0
197.0
154.0
191.0
157.0
195.0
155.0
197.0
152.0
151.0
149.0
154.0
190.0
154.0
197.0
152.0
156.0
190.0
151.0
197.0
153.0
197.0
154.0
196.0
154.0
154.0
153.0
155.0
152.0
193.0
142.0
196.0
153.0
151.0
155.0
158.0
194.0
157.0
155.0
194.0
154.0
196.0
154.0
195.0
155.0
158.0
156.0
156.0
193.0
157.0
153.0
155.0
193.0
157.0
157.0
191.0
154.0
151.0
155.0
195.0
154.0
200.0
156.0
156.0
149.0
196.0
157.0
154.0
194.0
148.0
192.0
155.0
196.0
151.0
154.0
198.0
144.0
198.0
145.0
197.0
155.0
150.0
193.0
150.0
199.0
157.0
200.0
147.0
197.0
149.0
195.0
154.0
198.0
258.0
191.0
151.0
194.0
152.0
197.0
144.0
196.0
157.0
154.0
197.0
153.0
157.0
191.0
157.0
197.0
146.0
141.0
199.0
197.0
152.0
151.0
158.0
149.0
197.0
154.0
152.0
198.0
153.0
199.0
149.0
193.0
443.0
193.0
153.0
190.0
148.0
196.0
154.0
152.0
197.0
137.0
154.0
157.0
153.0
151.0
195.0
153.0
196.0
153.0
201.0
152.0
158.0
194.0
156.0
158.0
150.0
157.0
152.0
153.0
153.0
157.0
195.0
149.0
195.0
157.0
154.0
197.0
152.0
198.0
160.0
195.0
153.0
197.0
158.0
197.0
150.0
193.0
154.0
150.0
152.0
197.0
688.0
192.0
158.0
152.0
197.0
152.0
198.0
148.0
198.0
153.0
196.0
158.0
154.0
152.0
198.0
154.0
196.0
153.0
200.0
147.0
190.0
156.0
196.0
154.0
198.0
151.0
197.0
140.0
203.0
150.0
153.0
149.0
196.0
149.0
189.0
144.0
196.0
157.0
148.0
192.0
157.0
153.0
191.0
153.0
153.0
201.0
151.0
197.0
150.0
195.0
146.0
160.0
190.0
154.0
146.0
150.0
193.0
152.0
153.0
199.0
158.0
156.0
155.0
197.0
157.0
156.0
150.0
160.0
