124.0
115.0
118.0
118.0
119.0
156.0
115.0
157.0
112.0
159.0
116.0
118.0
118.0
158.0
117.0
163.0
117.0
155.0
148.0
119.0
158.0
123.0
161.0
117.0
117.0
112.0
112.0
156.0
117.0
117.0
160.0
113.0
105.0
114.0
159.0
119.0
161.0
117.0
160.0
116.0
157.0
114.0
160.0
116.0
160.0
109.0
160.0
117.0
154.0
113.0
110.0
117.0
166.0
117.0
164.0
116.0
155.0
119.0
117.0
114.0
157.0
114.0
116.0
118.0
157.0
118.0
119.0
160.0
119.0
119.0
113.0
117.0
162.0
117.0
113.0
179.0
159.0
116.0
155.0
117.0
159.0
115.0
161.0
122.0
121.0
112.0
160.0
117.0
156.0
118.0
160.0
107.0
160.0
111.0
160.0
121.0
156.0
110.0
119.0
161.0
116.0
122.0
158.0
116.0
157.0
121.0
163.0
116.0
162.0
117.0
154.0
121.0
120.0
160.0
113.0
156.0
119.0
155.0
113.0
160.0
117.0
160.0
121.0
165.0
115.0
117.0
160.0
119.0
157.0
115.0
161.0
122.0
118.0
156.0
107.0
157.0
117.0
162.0
121.0
160.0
115.0
116.0
116.0
162.0
114.0
116.0
116.0
153.0
118.0
111.0
157.0
121.0
154.0
118.0
161.0
121.0
154.0
113.0
117.0
161.0
111.0
154.0
118.0
114.0
332.0
160.0
122.0
160.0
116.0
116.0
158.0
117.0
162.0
530.0
157.0
121.0
157.0
115.0
161.0
119.0
154.0
118.0
158.0
117.0
162.0
117.0
120.0
160.0
117.0
160.0
118.0
158.0
117.0
163.0
101.0
158.0
118.0
116.0
159.0
111.0
156.0
117.0
116.0
156.0
113.0
157.0
116.0
159.0
116.0
157.0
119.0
160.0
117.0
166.0
116.0
168.0
120.0
158.0
118.0
116.0
155.0
110.0
157.0
121.0
157.0
117.0
158.0
120.0
160.0
123.0
160.0
118.0
163.0
116.0
161.0
116.0
122.0
154.0
120.0
120.0
116.0
124.0
106.0
161.0
117.0
118.0
119.0
112.0
381.0
115.0
160.0
407.0
109.0
116.0
114.0
162.0
116.0
162.0
111.0
161.0
116.0
160.0
116.0
163.0
114.0
116.0
161.0
117.0
157.0
114.0
160.0
114.0
158.0
117.0
161.0
171.0
157.0
121.0
160.0
117.0
119.0
157.0
116.0
161.0
110.0
115.0
156.0
122.0
161.0
117.0
162.0
116.0
157.0
114.0
158.0
107.0
493.0
119.0
117.0
157.0
120.0
158.0
117.0
118.0
374.0
119.0
157.0
109.0
164.0
112.0
117.0
157.0
116.0
160.0
118.0
157.0
111.0
160.0
116.0
156.0
119.0
162.0
122.0
158.0
111.0
115.0
112.0
163.0
118.0
113.0
160.0
124.0
112.0
157.0
117.0
161.0
124.0
157.0
117.0
116.0
114.0
158.0
114.0
114.0
157.0
116.0
157.0
117.0
157.0
117.0
421.0
111.0
104.0
118.0
115.0
160.0
113.0
157.0
121.0
160.0
119.0
158.0
109.0
157.0
118.0
119.0
112.0
165.0
118.0
114.0
115.0
115.0
116.0
158.0
121.0
195.0
157.0
121.0
155.0
119.0
160.0
121.0
114.0
118.0
115.0
166.0
119.0
161.0
117.0
165.0
114.0
122.0
158.0
115.0
111.0
157.0
109.0
157.0
117.0
118.0
118.0
112.0
154.0
117.0
155.0
116.0
160.0
118.0
160.0
118.0
118.0
117.0
115.0
113.0
157.0
118.0
117.0
157.0
109.0
158.0
117.0
119.0
156.0
115.0
158.0
120.0
157.0
113.0
161.0
113.0
157.0
120.0
112.0
160.0
117.0
162.0
113.0
118.0
157.0
118.0
153.0
118.0
155.0
112.0
160.0
118.0
163.0
117.0
118.0
157.0
115.0
161.0
108.0
119.0
157.0
114.0
106.0
113.0
114.0
156.0
118.0
117.0
461.0
165.0
117.0
106.0
114.0
116.0
158.0
117.0
158.0
247.0
162.0
114.0
116.0
161.0
99.0
162.0
117.0
116.0
117.0
156.0
116.0
102.0
162.0
114.0
116.0
117.0
117.0
116.0
109.0
158.0
118.0
119.0
159.0
116.0
117.0
162.0
121.0
120.0
160.0
112.0
156.0
116.0
116.0
154.0
117.0
160.0
121.0
114.0
112.0
120.0
121.0
157.0
115.0
118.0
160.0
118.0
117.0
154.0
99.0
161.0
109.0
157.0
116.0
162.0
117.0
114.0
158.0
120.0
117.0
118.0
161.0
118.0
163.0
120.0
157.0
97.0
163.0
113.0
118.0
160.0
117.0
121.0
158.0
178.0
161.0
118.0
159.0
111.0
155.0
121.0
121.0
117.0
114.0
164.0
121.0
116.0
113.0
161.0
120.0
157.0
110.0
158.0
111.0
116.0
162.0
114.0
156.0
114.0
113.0
117.0
158.0
116.0
112.0
158.0
121.0
156.0
121.0
160.0
188.0
114.0
162.0
117.0
161.0
119.0
160.0
114.0
160.0
115.0
114.0
164.0
117.0
164.0
114.0
109.0
160.0
119.0
160.0
116.0
156.0
122.0
154.0
121.0
118.0
155.0
115.0
118.0
160.0
117.0
161.0
112.0
155.0
114.0
159.0
352.0
114.0
116.0
160.0
116.0
164.0
110.0
117.0
163.0
118.0
116.0
157.0
120.0
108.0
158.0
114.0
164.0
116.0
165.0
114.0
90.0
160.0
116.0
121.0
118.0
118.0
116.0
110.0
158.0
114.0
154.0
121.0
117.0
160.0
117.0
116.0
117.0
157.0
121.0
162.0
114.0
119.0
111.0
157.0
116.0
113.0
122.0
157.0
119.0
160.0
114.0
116.0
116.0
155.0
119.0
120.0
111.0
161.0
121.0
159.0
113.0
120.0
158.0
118.0
156.0
118.0
160.0
118.0
160.0
119.0
160.0
116.0
157.0
109.0
116.0
160.0
117.0
121.0
163.0
120.0
158.0
117.0
119.0
162.0
118.0
158.0
119.0
120.0
124.0
124.0
156.0
120.0
160.0
113.0
155.0
115.0
155.0
118.0
164.0
121.0
123.0
162.0
116.0
121.0
157.0
114.0
164.0
122.0
160.0
120.0
161.0
114.0
109.0
121.0
162.0
113.0
160.0
116.0
159.0
113.0
164.0
109.0
162.0
115.0
160.0
117.0
117.0
119.0
160.0
117.0
161.0
117.0
119.0
158.0
119.0
114.0
155.0
118.0
161.0
112.0
104.0
163.0
116.0
154.0
119.0
118.0
113.0
113.0
157.0
112.0
157.0
114.0
160.0
114.0
160.0
121.0
159.0
119.0
118.0
114.0
104.0
118.0
157.0
122.0
117.0
161.0
118.0
157.0
118.0
161.0
116.0
123.0
156.0
117.0
116.0
160.0
115.0
158.0
116.0
276.0
157.0
114.0
158.0
120.0
114.0
161.0
121.0
114.0
114.0
157.0
118.0
114.0
162.0
120.0
115.0
118.0
162.0
116.0
160.0
150.0
116.0
157.0
117.0
113.0
160.0
122.0
270.0
114.0
122.0
161.0
119.0
116.0
117.0
119.0
123.0
118.0
160.0
118.0
163.0
119.0
159.0
121.0
158.0
105.0
158.0
115.0
158.0
117.0
160.0
114.0
162.0
118.0
113.0
119.0
117.0
162.0
117.0
163.0
121.0
157.0
123.0
152.0
120.0
157.0
122.0
120.0
177.0
158.0
120.0
163.0
118.0
166.0
117.0
155.0
122.0
160.0
109.0
120.0
160.0
112.0
158.0
114.0
121.0
118.0
121.0
157.0
115.0
114.0
156.0
114.0
162.0
116.0
155.0
118.0
157.0
122.0
158.0
119.0
116.0
161.0
113.0
157.0
117.0
161.0
112.0
156.0
116.0
156.0
120.0
155.0
114.0
106.0
158.0
574.0
162.0
116.0
117.0
118.0
117.0
160.0
113.0
107.0
161.0
108.0
160.0
116.0
160.0
118.0
116.0
117.0
121.0
162.0
119.0
155.0
124.0
155.0
116.0
110.0
162.0
112.0
160.0
119.0
159.0
109.0
156.0
122.0
114.0
122.0
160.0
121.0
156.0
118.0
117.0
158.0
120.0
157.0
114.0
121.0
161.0
119.0
162.0
116.0
155.0
114.0
157.0
120.0
115.0
158.0
116.0
153.0
116.0
160.0
123.0
115.0
115.0
161.0
117.0
162.0
109.0
155.0
115.0
117.0
117.0
117.0
156.0
120.0
155.0
119.0
162.0
114.0
118.0
114.0
160.0
114.0
114.0
117.0
158.0
121.0
118.0
155.0
117.0
160.0
117.0
114.0
117.0
109.0
158.0
116.0
162.0
117.0
159.0
122.0
163.0
122.0
117.0
125.0
155.0
119.0
162.0
101.0
109.0
157.0
120.0
161.0
117.0
160.0
119.0
156.0
121.0
114.0
160.0
116.0
162.0
118.0
160.0
187.0
118.0
118.0
115.0
160.0
242.0
156.0
117.0
117.0
154.0
117.0
160.0
116.0
158.0
118.0
119.0
160.0
117.0
162.0
118.0
166.0
112.0
114.0
160.0
109.0
157.0
119.0
157.0
118.0
118.0
165.0
117.0
121.0
113.0
162.0
119.0
114.0
157.0
120.0
99.0
160.0
114.0
160.0
115.0
116.0
123.0
116.0
115.0
156.0
112.0
157.0
120.0
159.0
115.0
121.0
155.0
120.0
112.0
160.0
109.0
160.0
116.0
118.0
160.0
114.0
154.0
117.0
162.0
114.0
153.0
114.0
165.0
117.0
166.0
308.0
158.0
115.0
117.0
118.0
161.0
110.0
161.0
106.0
161.0
122.0
115.0
238.0
112.0
121.0
158.0
116.0
117.0
119.0
160.0
113.0
163.0
116.0
160.0
119.0
158.0
116.0
158.0
103.0
162.0
121.0
160.0
117.0
110.0
161.0
118.0
114.0
154.0
121.0
162.0
115.0
159.0
116.0
158.0
118.0
118.0
106.0
157.0
118.0
158.0
114.0
158.0
109.0
168.0
118.0
157.0
112.0
162.0
120.0
158.0
116.0
160.0
118.0
158.0
121.0
158.0
124.0
120.0
158.0
117.0
158.0
105.0
114.0
119.0
162.0
117.0
119.0
161.0
119.0
153.0
117.0
154.0
114.0
117.0
117.0
158.0
118.0
115.0
154.0
113.0
155.0
106.0
114.0
116.0
157.0
117.0
123.0
161.0
113.0
154.0
112.0
159.0
105.0
162.0
116.0
163.0
114.0
160.0
116.0
116.0
154.0
110.0
524.0
160.0
122.0
114.0
118.0
120.0
118.0
157.0
120.0
119.0
160.0
120.0
158.0
107.0
158.0
112.0
160.0
119.0
162.0
113.0
158.0
118.0
118.0
157.0
116.0
162.0
111.0
154.0
115.0
163.0
118.0
121.0
117.0
119.0
117.0
157.0
118.0
161.0
114.0
157.0
113.0
160.0
116.0
113.0
107.0
115.0
158.0
116.0
119.0
154.0
114.0
157.0
120.0
115.0
114.0
120.0
115.0
164.0
115.0
109.0
162.0
117.0
155.0
112.0
160.0
110.0
162.0
112.0
122.0
110.0
161.0
112.0
158.0
120.0
122.0
118.0
118.0
161.0
119.0
161.0
118.0
121.0
161.0
120.0
116.0
164.0
113.0
117.0
111.0
117.0
160.0
115.0
156.0
312.0
152.0
116.0
121.0
119.0
90.0
157.0
119.0
124.0
122.0
122.0
159.0
110.0
157.0
119.0
160.0
112.0
119.0
114.0
112.0
175.0
114.0
118.0
114.0
156.0
114.0
157.0
113.0
115.0
160.0
116.0
158.0
118.0
117.0
114.0
160.0
117.0
155.0
114.0
169.0
119.0
107.0
119.0
158.0
123.0
114.0
118.0
161.0
113.0
112.0
160.0
121.0
117.0
122.0
117.0
119.0
119.0
157.0
124.0
108.0
162.0
114.0
111.0
121.0
162.0
119.0
182.0
120.0
116.0
156.0
116.0
161.0
106.0
120.0
157.0
111.0
101.0
158.0
122.0
158.0
109.0
160.0
115.0
114.0
118.0
121.0
117.0
108.0
160.0
123.0
117.0
158.0
115.0
122.0
156.0
114.0
160.0
121.0
116.0
125.0
161.0
114.0
113.0
161.0
113.0
165.0
111.0
117.0
117.0
116.0
155.0
116.0
118.0
158.0
299.0
113.0
100.0
157.0
122.0
116.0
167.0
301.0
160.0
121.0
163.0
116.0
108.0
160.0
121.0
160.0
119.0
157.0
108.0
156.0
118.0
155.0
121.0
116.0
157.0
118.0
115.0
112.0
158.0
122.0
152.0
116.0
119.0
161.0
120.0
109.0
115.0
114.0
118.0
122.0
158.0
117.0
112.0
160.0
118.0
158.0
121.0
153.0
114.0
116.0
157.0
118.0
114.0
120.0
116.0
160.0
119.0
119.0
104.0
161.0
114.0
117.0
160.0
115.0
120.0
157.0
111.0
161.0
118.0
160.0
117.0
107.0
113.0
112.0
163.0
114.0
162.0
106.0
121.0
157.0
117.0
114.0
115.0
160.0
115.0
115.0
160.0
119.0
117.0
117.0
159.0
113.0
113.0
117.0
111.0
163.0
112.0
115.0
153.0
118.0
128.0
160.0
113.0
162.0
116.0
161.0
119.0
110.0
161.0
118.0
163.0
112.0
160.0
115.0
117.0
156.0
116.0
122.0
164.0
117.0
158.0
118.0
157.0
117.0
114.0
162.0
120.0
158.0
123.0
161.0
119.0
164.0
121.0
116.0
160.0
116.0
155.0
114.0
115.0
114.0
116.0
156.0
114.0
117.0
120.0
158.0
120.0
120.0
111.0
116.0
161.0
119.0
119.0
113.0
155.0
113.0
112.0
116.0
114.0
118.0
117.0
114.0
160.0
113.0
116.0
161.0
114.0
161.0
119.0
112.0
160.0
105.0
155.0
112.0
117.0
160.0
116.0
118.0
161.0
113.0
154.0
117.0
157.0
118.0
120.0
156.0
108.0
160.0
90.0
167.0
110.0
159.0
116.0
160.0
122.0
157.0
119.0
158.0
138.0
116.0
157.0
121.0
156.0
119.0
156.0
113.0
116.0
158.0
181.0
160.0
113.0
160.0
119.0
115.0
158.0
119.0
118.0
161.0
107.0
155.0
108.0
162.0
112.0
161.0
112.0
160.0
114.0
157.0
114.0
117.0
117.0
154.0
112.0
116.0
160.0
122.0
156.0
114.0
151.0
114.0
160.0
115.0
162.0
112.0
116.0
160.0
110.0
160.0
116.0
157.0
107.0
160.0
108.0
119.0
161.0
126.0
115.0
162.0
107.0
157.0
373.0
120.0
162.0
118.0
157.0
120.0
120.0
162.0
118.0
113.0
116.0
155.0
114.0
157.0
118.0
161.0
117.0
119.0
162.0
115.0
154.0
114.0
162.0
117.0
158.0
115.0
157.0
114.0
161.0
106.0
116.0
159.0
118.0
158.0
117.0
158.0
116.0
158.0
117.0
115.0
120.0
160.0
118.0
118.0
110.0
115.0
156.0
117.0
117.0
120.0
160.0
119.0
160.0
116.0
158.0
527.0
163.0
115.0
160.0
117.0
157.0
116.0
164.0
109.0
120.0
159.0
118.0
114.0
162.0
114.0
118.0
121.0
114.0
161.0
121.0
158.0
119.0
161.0
116.0
118.0
160.0
114.0
157.0
114.0
156.0
110.0
160.0
116.0
162.0
261.0
158.0
120.0
162.0
116.0
158.0
114.0
158.0
606.0
161.0
122.0
118.0
116.0
117.0
120.0
121.0
117.0
117.0
158.0
107.0
158.0
118.0
108.0
119.0
161.0
133.0
116.0
158.0
116.0
164.0
114.0
160.0
111.0
122.0
161.0
118.0
154.0
112.0
159.0
116.0
119.0
160.0
114.0
161.0
119.0
161.0
120.0
118.0
100.0
112.0
156.0
107.0
157.0
107.0
156.0
101.0
159.0
113.0
161.0
117.0
155.0
115.0
154.0
121.0
157.0
114.0
167.0
116.0
159.0
116.0
121.0
162.0
121.0
117.0
117.0
157.0
117.0
162.0
114.0
158.0
95.0
159.0
118.0
167.0
116.0
121.0
118.0
151.0
116.0
156.0
114.0
161.0
114.0
155.0
118.0
110.0
118.0
122.0
157.0
122.0
162.0
116.0
160.0
113.0
120.0
158.0
119.0
160.0
117.0
157.0
115.0
160.0
96.0
161.0
116.0
114.0
116.0
157.0
117.0
117.0
160.0
117.0
119.0
160.0
114.0
156.0
117.0
162.0
120.0
160.0
122.0
164.0
117.0
110.0
117.0
98.0
119.0
163.0
116.0
120.0
162.0
122.0
123.0
160.0
114.0
163.0
110.0
160.0
120.0
154.0
121.0
116.0
117.0
232.0
114.0
116.0
157.0
114.0
114.0
160.0
117.0
154.0
119.0
158.0
122.0
160.0
111.0
115.0
118.0
157.0
115.0
115.0
158.0
109.0
116.0
155.0
122.0
160.0
121.0
160.0
116.0
114.0
116.0
157.0
117.0
320.0
177.0
118.0
161.0
120.0
160.0
313.0
158.0
122.0
160.0
117.0
158.0
119.0
160.0
115.0
162.0
117.0
160.0
115.0
162.0
118.0
113.0
124.0
114.0
121.0
120.0
158.0
118.0
109.0
116.0
110.0
158.0
118.0
161.0
115.0
157.0
117.0
162.0
116.0
163.0
117.0
159.0
118.0
164.0
189.0
117.0
160.0
117.0
157.0
118.0
158.0
119.0
159.0
117.0
160.0
114.0
160.0
112.0
158.0
116.0
157.0
114.0
154.0
121.0
116.0
160.0
116.0
161.0
117.0
109.0
110.0
164.0
109.0
115.0
157.0
115.0
163.0
119.0
160.0
114.0
154.0
104.0
118.0
117.0
117.0
121.0
157.0
118.0
159.0
116.0
158.0
118.0
155.0
115.0
157.0
110.0
113.0
108.0
163.0
118.0
160.0
118.0
122.0
155.0
111.0
160.0
117.0
160.0
116.0
171.0
160.0
116.0
158.0
114.0
123.0
157.0
114.0
137.0
118.0
116.0
119.0
157.0
117.0
157.0
117.0
157.0
113.0
118.0
163.0
111.0
161.0
116.0
113.0
161.0
117.0
118.0
154.0
109.0
160.0
117.0
112.0
157.0
124.0
161.0
114.0
162.0
118.0
114.0
121.0
118.0
117.0
161.0
119.0
160.0
117.0
161.0
109.0
161.0
117.0
160.0
116.0
160.0
109.0
162.0
115.0
160.0
111.0
157.0
113.0
160.0
121.0
157.0
114.0
161.0
116.0
164.0
117.0
116.0
160.0
114.0
161.0
119.0
122.0
152.0
112.0
162.0
119.0
157.0
530.0
162.0
117.0
161.0
118.0
157.0
116.0
114.0
113.0
118.0
156.0
118.0
155.0
117.0
119.0
159.0
123.0
162.0
120.0
161.0
118.0
156.0
110.0
160.0
117.0
156.0
118.0
118.0
116.0
116.0
160.0
122.0
157.0
117.0
160.0
116.0
113.0
114.0
122.0
156.0
118.0
114.0
116.0
122.0
155.0
115.0
113.0
117.0
154.0
118.0
157.0
119.0
158.0
114.0
117.0
158.0
118.0
162.0
113.0
165.0
118.0
162.0
119.0
116.0
107.0
116.0
158.0
116.0
113.0
158.0
119.0
118.0
154.0
114.0
114.0
122.0
160.0
114.0
161.0
120.0
161.0
112.0
112.0
153.0
113.0
160.0
113.0
154.0
120.0
118.0
108.0
162.0
121.0
156.0
121.0
118.0
160.0
120.0
117.0
118.0
120.0
160.0
118.0
162.0
116.0
158.0
115.0
162.0
116.0
162.0
118.0
113.0
162.0
112.0
160.0
117.0
160.0
116.0
161.0
120.0
115.0
162.0
104.0
100.0
166.0
117.0
163.0
107.0
160.0
118.0
119.0
160.0
247.0
114.0
120.0
113.0
116.0
160.0
123.0
121.0
162.0
120.0
161.0
116.0
157.0
116.0
157.0
115.0
161.0
119.0
158.0
118.0
162.0
113.0
114.0
157.0
114.0
162.0
108.0
161.0
119.0
162.0
114.0
119.0
163.0
116.0
119.0
162.0
116.0
160.0
109.0
162.0
116.0
117.0
158.0
113.0
156.0
118.0
164.0
105.0
162.0
121.0
117.0
328.0
158.0
114.0
119.0
160.0
117.0
119.0
114.0
118.0
119.0
160.0
116.0
160.0
118.0
114.0
113.0
156.0
117.0
159.0
110.0
161.0
117.0
118.0
159.0
121.0
160.0
118.0
153.0
117.0
154.0
178.0
119.0
164.0
112.0
118.0
117.0
125.0
120.0
117.0
113.0
108.0
156.0
116.0
112.0
117.0
157.0
109.0
114.0
155.0
101.0
160.0
117.0
154.0
117.0
119.0
114.0
156.0
293.0
155.0
117.0
119.0
158.0
114.0
118.0
121.0
164.0
117.0
163.0
117.0
161.0
111.0
160.0
121.0
163.0
114.0
157.0
117.0
157.0
117.0
162.0
216.0
119.0
162.0
117.0
119.0
155.0
121.0
162.0
121.0
115.0
116.0
158.0
117.0
117.0
157.0
117.0
160.0
118.0
109.0
162.0
115.0
160.0
105.0
162.0
117.0
121.0
160.0
110.0
123.0
113.0
118.0
117.0
157.0
113.0
161.0
115.0
120.0
156.0
123.0
117.0
123.0
164.0
116.0
122.0
112.0
122.0
111.0
122.0
161.0
124.0
119.0
119.0
117.0
114.0
155.0
114.0
157.0
115.0
116.0
156.0
120.0
118.0
116.0
115.0
119.0
158.0
120.0
113.0
158.0
116.0
110.0
157.0
117.0
116.0
116.0
157.0
117.0
117.0
154.0
115.0
157.0
112.0
115.0
161.0
109.0
160.0
120.0
160.0
110.0
160.0
116.0
114.0
117.0
166.0
117.0
161.0
116.0
159.0
117.0
112.0
122.0
161.0
114.0
113.0
112.0
157.0
115.0
478.0
115.0
160.0
117.0
115.0
118.0
165.0
109.0
121.0
121.0
157.0
113.0
112.0
116.0
155.0
114.0
118.0
109.0
162.0
117.0
113.0
158.0
117.0
161.0
88.0
162.0
111.0
155.0
119.0
114.0
158.0
116.0
114.0
162.0
116.0
162.0
116.0
116.0
169.0
116.0
115.0
118.0
107.0
119.0
155.0
120.0
157.0
115.0
118.0
117.0
160.0
144.0
118.0
109.0
116.0
118.0
153.0
110.0
154.0
121.0
117.0
117.0
155.0
112.0
157.0
122.0
120.0
160.0
117.0
155.0
115.0
118.0
112.0
117.0
158.0
121.0
156.0
120.0
158.0
114.0
119.0
110.0
163.0
117.0
411.0
160.0
121.0
150.0
119.0
117.0
160.0
103.0
161.0
113.0
609.0
156.0
117.0
112.0
118.0
158.0
117.0
157.0
113.0
161.0
115.0
160.0
117.0
161.0
121.0
158.0
114.0
158.0
117.0
118.0
118.0
160.0
122.0
117.0
123.0
104.0
160.0
215.0
120.0
154.0
117.0
117.0
158.0
115.0
116.0
162.0
115.0
160.0
117.0
159.0
116.0
162.0
117.0
163.0
116.0
210.0
160.0
118.0
117.0
113.0
115.0
116.0
122.0
156.0
116.0
160.0
114.0
160.0
114.0
157.0
116.0
161.0
98.0
164.0
122.0
162.0
115.0
102.0
161.0
119.0
119.0
122.0
117.0
153.0
117.0
117.0
161.0
120.0
116.0
154.0
120.0
157.0
117.0
155.0
118.0
116.0
116.0
157.0
168.0
158.0
105.0
158.0
115.0
160.0
123.0
158.0
116.0
116.0
154.0
121.0
114.0
157.0
116.0
160.0
212.0
161.0
117.0
160.0
120.0
118.0
106.0
120.0
122.0
157.0
118.0
158.0
117.0
162.0
115.0
162.0
112.0
116.0
161.0
117.0
121.0
130.0
160.0
105.0
109.0
117.0
117.0
158.0
115.0
160.0
114.0
162.0
118.0
154.0
121.0
116.0
117.0
160.0
112.0
157.0
117.0
116.0
162.0
116.0
120.0
157.0
117.0
161.0
117.0
114.0
162.0
118.0
118.0
123.0
160.0
94.0
166.0
117.0
161.0
113.0
109.0
122.0
114.0
160.0
116.0
119.0
108.0
114.0
162.0
115.0
113.0
153.0
114.0
160.0
119.0
119.0
116.0
160.0
119.0
155.0
114.0
108.0
161.0
117.0
162.0
117.0
157.0
121.0
160.0
117.0
116.0
111.0
162.0
118.0
162.0
113.0
119.0
156.0
118.0
160.0
116.0
162.0
110.0
162.0
119.0
160.0
117.0
112.0
118.0
161.0
114.0
157.0
117.0
158.0
220.0
120.0
161.0
115.0
88.0
160.0
182.0
158.0
111.0
109.0
112.0
114.0
157.0
114.0
162.0
122.0
116.0
123.0
111.0
122.0
158.0
117.0
162.0
115.0
160.0
121.0
123.0
115.0
158.0
116.0
154.0
116.0
166.0
119.0
157.0
119.0
115.0
160.0
117.0
160.0
117.0
118.0
157.0
506.0
160.0
117.0
160.0
116.0
116.0
160.0
109.0
113.0
114.0
117.0
112.0
155.0
112.0
163.0
118.0
158.0
117.0
159.0
107.0
107.0
117.0
161.0
113.0
160.0
116.0
159.0
114.0
157.0
119.0
119.0
156.0
117.0
158.0
109.0
114.0
155.0
120.0
157.0
119.0
162.0
108.0
120.0
160.0
120.0
156.0
122.0
160.0
116.0
160.0
339.0
160.0
123.0
160.0
118.0
157.0
121.0
161.0
117.0
112.0
157.0
122.0
512.0
156.0
118.0
116.0
118.0
162.0
119.0
155.0
114.0
158.0
117.0
120.0
115.0
157.0
117.0
153.0
113.0
117.0
114.0
158.0
115.0
122.0
155.0
122.0
117.0
160.0
114.0
113.0
104.0
160.0
98.0
117.0
160.0
114.0
117.0
165.0
118.0
119.0
162.0
119.0
118.0
161.0
115.0
114.0
160.0
115.0
106.0
158.0
118.0
160.0
118.0
158.0
118.0
119.0
118.0
122.0
161.0
117.0
119.0
157.0
113.0
160.0
116.0
157.0
108.0
160.0
116.0
108.0
157.0
110.0
109.0
162.0
116.0
161.0
97.0
114.0
117.0
157.0
118.0
163.0
115.0
157.0
118.0
161.0
114.0
114.0
157.0
118.0
160.0
121.0
157.0
118.0
117.0
161.0
121.0
111.0
161.0
116.0
156.0
117.0
160.0
113.0
161.0
118.0
103.0
118.0
162.0
118.0
117.0
112.0
113.0
122.0
115.0
162.0
116.0
117.0
117.0
163.0
104.0
117.0
157.0
112.0
160.0
118.0
115.0
160.0
117.0
158.0
118.0
158.0
116.0
116.0
155.0
118.0
157.0
115.0
163.0
121.0
158.0
116.0
158.0
113.0
116.0
118.0
160.0
114.0
118.0
161.0
113.0
156.0
116.0
118.0
160.0
117.0
155.0
113.0
162.0
116.0
157.0
118.0
156.0
118.0
164.0
118.0
163.0
113.0
157.0
113.0
158.0
116.0
154.0
117.0
114.0
156.0
118.0
160.0
107.0
155.0
99.0
161.0
114.0
116.0
158.0
120.0
162.0
120.0
117.0
154.0
117.0
160.0
117.0
161.0
120.0
105.0
160.0
114.0
115.0
160.0
112.0
123.0
117.0
119.0
113.0
155.0
118.0
114.0
114.0
162.0
118.0
157.0
119.0
120.0
161.0
113.0
116.0
157.0
118.0
157.0
111.0
114.0
116.0
157.0
113.0
108.0
158.0
117.0
162.0
113.0
158.0
99.0
162.0
119.0
157.0
115.0
157.0
121.0
119.0
119.0
160.0
110.0
116.0
158.0
117.0
107.0
121.0
154.0
116.0
161.0
116.0
160.0
120.0
161.0
120.0
119.0
112.0
162.0
115.0
154.0
119.0
114.0
154.0
122.0
118.0
157.0
107.0
161.0
114.0
155.0
109.0
118.0
154.0
116.0
120.0
117.0
158.0
119.0
73.0
170.0
99.0
124.0
157.0
127.0
121.0
158.0
115.0
114.0
179.0
117.0
117.0
118.0
115.0
153.0
118.0
160.0
119.0
106.0
158.0
122.0
114.0
160.0
120.0
163.0
120.0
159.0
229.0
156.0
120.0
154.0
116.0
161.0
118.0
158.0
119.0
119.0
118.0
404.0
119.0
116.0
120.0
160.0
109.0
102.0
117.0
163.0
118.0
156.0
114.0
115.0
108.0
161.0
445.0
160.0
117.0
112.0
161.0
117.0
116.0
122.0
113.0
334.0
109.0
154.0
114.0
160.0
120.0
158.0
114.0
155.0
114.0
158.0
117.0
109.0
234.0
156.0
116.0
165.0
103.0
122.0
115.0
112.0
157.0
120.0
113.0
160.0
123.0
161.0
112.0
154.0
117.0
402.0
160.0
114.0
114.0
114.0
157.0
110.0
120.0
121.0
115.0
163.0
116.0
158.0
119.0
157.0
118.0
154.0
122.0
107.0
114.0
158.0
122.0
154.0
115.0
159.0
111.0
173.0
117.0
157.0
118.0
158.0
114.0
115.0
115.0
114.0
161.0
118.0
158.0
112.0
158.0
121.0
155.0
115.0
114.0
153.0
117.0
158.0
117.0
158.0
117.0
116.0
114.0
121.0
119.0
155.0
116.0
158.0
121.0
117.0
114.0
158.0
118.0
160.0
116.0
152.0
111.0
160.0
114.0
160.0
121.0
159.0
117.0
155.0
106.0
160.0
106.0
158.0
124.0
158.0
114.0
156.0
117.0
157.0
117.0
115.0
157.0
111.0
160.0
118.0
157.0
117.0
155.0
118.0
119.0
160.0
113.0
115.0
155.0
118.0
156.0
117.0
220.0
114.0
160.0
122.0
107.0
162.0
109.0
162.0
112.0
159.0
118.0
112.0
115.0
113.0
158.0
114.0
116.0
113.0
112.0
161.0
121.0
157.0
119.0
119.0
157.0
118.0
163.0
107.0
114.0
162.0
112.0
157.0
114.0
119.0
117.0
116.0
117.0
119.0
157.0
114.0
161.0
114.0
118.0
164.0
117.0
116.0
156.0
119.0
162.0
119.0
157.0
118.0
116.0
119.0
116.0
160.0
106.0
119.0
122.0
114.0
119.0
157.0
117.0
122.0
156.0
104.0
160.0
117.0
162.0
109.0
160.0
118.0
158.0
116.0
154.0
122.0
157.0
114.0
120.0
117.0
157.0
120.0
161.0
109.0
160.0
118.0
160.0
115.0
113.0
156.0
114.0
160.0
124.0
113.0
157.0
121.0
158.0
120.0
160.0
114.0
158.0
118.0
117.0
164.0
119.0
155.0
115.0
158.0
118.0
157.0
116.0
161.0
122.0
157.0
115.0
117.0
113.0
114.0
161.0
117.0
154.0
116.0
112.0
157.0
119.0
114.0
122.0
161.0
117.0
157.0
116.0
165.0
114.0
114.0
153.0
120.0
154.0
118.0
116.0
162.0
121.0
115.0
158.0
120.0
117.0
160.0
120.0
355.0
161.0
117.0
160.0
118.0
113.0
157.0
102.0
109.0
154.0
115.0
165.0
118.0
117.0
120.0
115.0
120.0
161.0
117.0
113.0
163.0
297.0
154.0
117.0
118.0
161.0
122.0
162.0
109.0
123.0
160.0
113.0
160.0
121.0
117.0
163.0
116.0
161.0
116.0
117.0
155.0
118.0
105.0
161.0
121.0
112.0
155.0
114.0
161.0
123.0
123.0
160.0
119.0
160.0
119.0
123.0
160.0
113.0
162.0
117.0
119.0
114.0
156.0
111.0
117.0
160.0
117.0
154.0
111.0
160.0
117.0
157.0
116.0
119.0
114.0
158.0
124.0
157.0
117.0
165.0
116.0
156.0
116.0
117.0
160.0
114.0
153.0
120.0
117.0
161.0
117.0
120.0
87.0
164.0
117.0
117.0
161.0
117.0
118.0
158.0
104.0
157.0
111.0
118.0
118.0
154.0
117.0
164.0
123.0
160.0
118.0
117.0
112.0
157.0
110.0
115.0
119.0
104.0
122.0
158.0
116.0
117.0
116.0
160.0
116.0
120.0
160.0
118.0
154.0
113.0
160.0
119.0
170.0
114.0
119.0
162.0
118.0
118.0
162.0
114.0
117.0
116.0
113.0
162.0
111.0
114.0
157.0
119.0
160.0
105.0
162.0
107.0
160.0
123.0
109.0
157.0
122.0
161.0
109.0
121.0
160.0
118.0
165.0
114.0
234.0
119.0
157.0
115.0
116.0
107.0
113.0
157.0
112.0
159.0
116.0
162.0
122.0
114.0
162.0
122.0
159.0
171.0
445.0
166.0
114.0
157.0
107.0
117.0
155.0
114.0
117.0
157.0
118.0
123.0
155.0
112.0
115.0
158.0
107.0
116.0
120.0
153.0
122.0
163.0
117.0
115.0
157.0
111.0
163.0
100.0
160.0
114.0
162.0
116.0
114.0
157.0
118.0
158.0
119.0
162.0
114.0
160.0
120.0
158.0
112.0
161.0
113.0
154.0
112.0
116.0
154.0
112.0
119.0
111.0
119.0
156.0
115.0
117.0
161.0
117.0
158.0
98.0
162.0
108.0
116.0
160.0
114.0
113.0
121.0
158.0
112.0
174.0
121.0
118.0
114.0
158.0
117.0
160.0
121.0
113.0
160.0
123.0
111.0
162.0
113.0
115.0
114.0
117.0
116.0
157.0
115.0
160.0
176.0
122.0
157.0
110.0
162.0
117.0
237.0
160.0
114.0
161.0
111.0
120.0
123.0
157.0
117.0
162.0
411.0
117.0
161.0
113.0
120.0
158.0
112.0
122.0
162.0
109.0
116.0
123.0
160.0
119.0
162.0
115.0
156.0
117.0
157.0
118.0
122.0
157.0
119.0
159.0
116.0
161.0
356.0
116.0
116.0
121.0
165.0
120.0
120.0
118.0
160.0
117.0
112.0
163.0
118.0
110.0
513.0
160.0
109.0
121.0
120.0
118.0
114.0
118.0
160.0
117.0
158.0
119.0
117.0
160.0
119.0
117.0
119.0
122.0
116.0
117.0
119.0
117.0
157.0
116.0
160.0
123.0
163.0
117.0
116.0
161.0
116.0
162.0
119.0
168.0
120.0
117.0
160.0
118.0
152.0
117.0
161.0
113.0
156.0
112.0
117.0
159.0
122.0
157.0
116.0
158.0
122.0
160.0
116.0
158.0
289.0
156.0
112.0
160.0
117.0
118.0
119.0
161.0
117.0
158.0
112.0
156.0
113.0
158.0
117.0
118.0
115.0
105.0
161.0
122.0
118.0
162.0
121.0
161.0
118.0
113.0
156.0
117.0
106.0
160.0
104.0
158.0
112.0
161.0
118.0
123.0
160.0
117.0
157.0
117.0
114.0
115.0
109.0
160.0
112.0
118.0
119.0
160.0
116.0
160.0
117.0
117.0
116.0
163.0
118.0
160.0
123.0
161.0
119.0
108.0
164.0
114.0
162.0
108.0
155.0
210.0
159.0
119.0
157.0
109.0
120.0
116.0
115.0
119.0
117.0
119.0
118.0
112.0
157.0
116.0
155.0
107.0
160.0
109.0
157.0
117.0
118.0
121.0
160.0
114.0
341.0
160.0
113.0
160.0
121.0
117.0
157.0
116.0
154.0
119.0
156.0
104.0
115.0
114.0
113.0
158.0
117.0
121.0
116.0
117.0
160.0
117.0
113.0
169.0
121.0
155.0
120.0
112.0
161.0
114.0
115.0
160.0
113.0
113.0
157.0
117.0
152.0
117.0
111.0
121.0
115.0
160.0
113.0
162.0
118.0
116.0
164.0
121.0
121.0
160.0
115.0
119.0
155.0
114.0
163.0
117.0
115.0
161.0
115.0
112.0
119.0
119.0
112.0
162.0
120.0
158.0
118.0
118.0
157.0
117.0
156.0
117.0
158.0
123.0
161.0
122.0
158.0
98.0
154.0
117.0
158.0
112.0
118.0
157.0
117.0
156.0
117.0
160.0
114.0
157.0
116.0
114.0
114.0
123.0
157.0
116.0
157.0
119.0
158.0
115.0
161.0
118.0
114.0
164.0
117.0
116.0
157.0
119.0
165.0
119.0
117.0
159.0
122.0
117.0
160.0
115.0
158.0
110.0
160.0
112.0
117.0
160.0
91.0
168.0
121.0
121.0
154.0
114.0
84.0
169.0
110.0
117.0
110.0
114.0
118.0
117.0
160.0
118.0
117.0
157.0
114.0
163.0
122.0
118.0
116.0
121.0
158.0
109.0
164.0
121.0
113.0
119.0
112.0
162.0
118.0
119.0
160.0
115.0
117.0
123.0
161.0
115.0
123.0
116.0
119.0
116.0
113.0
164.0
116.0
108.0
118.0
117.0
109.0
157.0
116.0
155.0
116.0
161.0
111.0
155.0
110.0
158.0
119.0
114.0
117.0
160.0
116.0
157.0
118.0
115.0
164.0
115.0
118.0
156.0
258.0
160.0
218.0
161.0
113.0
94.0
160.0
117.0
317.0
155.0
118.0
114.0
112.0
162.0
117.0
164.0
117.0
162.0
119.0
162.0
120.0
117.0
119.0
161.0
117.0
154.0
61.0
185.0
117.0
158.0
120.0
118.0
159.0
117.0
119.0
162.0
118.0
116.0
121.0
117.0
122.0
116.0
155.0
112.0
120.0
118.0
117.0
119.0
160.0
119.0
161.0
116.0
161.0
285.0
115.0
160.0
113.0
160.0
116.0
113.0
155.0
118.0
154.0
122.0
160.0
110.0
118.0
160.0
122.0
162.0
245.0
157.0
116.0
158.0
121.0
119.0
161.0
113.0
157.0
118.0
120.0
162.0
117.0
118.0
163.0
117.0
122.0
154.0
109.0
155.0
119.0
117.0
119.0
157.0
117.0
166.0
115.0
155.0
118.0
160.0
116.0
117.0
116.0
158.0
115.0
158.0
461.0
160.0
109.0
161.0
119.0
157.0
116.0
159.0
120.0
160.0
116.0
160.0
115.0
152.0
122.0
161.0
118.0
118.0
158.0
115.0
157.0
363.0
156.0
120.0
160.0
118.0
156.0
121.0
153.0
117.0
160.0
121.0
161.0
119.0
125.0
117.0
153.0
119.0
161.0
118.0
179.0
159.0
113.0
154.0
121.0
113.0
116.0
117.0
108.0
122.0
157.0
112.0
158.0
116.0
160.0
118.0
155.0
120.0
164.0
115.0
154.0
314.0
112.0
121.0
160.0
112.0
160.0
117.0
117.0
157.0
116.0
155.0
119.0
160.0
107.0
119.0
118.0
157.0
118.0
165.0
115.0
113.0
157.0
115.0
160.0
101.0
157.0
116.0
117.0
158.0
114.0
155.0
105.0
162.0
117.0
160.0
118.0
167.0
117.0
158.0
119.0
157.0
117.0
155.0
109.0
115.0
158.0
111.0
153.0
116.0
117.0
110.0
160.0
116.0
161.0
119.0
116.0
117.0
115.0
118.0
102.0
158.0
118.0
160.0
121.0
154.0
121.0
160.0
116.0
158.0
116.0
114.0
116.0
116.0
119.0
162.0
116.0
156.0
120.0
154.0
122.0
157.0
117.0
114.0
118.0
116.0
120.0
158.0
117.0
120.0
122.0
158.0
111.0
160.0
117.0
158.0
111.0
161.0
117.0
157.0
117.0
154.0
114.0
161.0
122.0
160.0
121.0
157.0
116.0
157.0
118.0
160.0
117.0
112.0
110.0
160.0
117.0
162.0
114.0
161.0
110.0
100.0
158.0
112.0
161.0
115.0
161.0
100.0
108.0
120.0
114.0
160.0
116.0
158.0
116.0
107.0
107.0
155.0
120.0
158.0
109.0
160.0
114.0
155.0
114.0
111.0
158.0
117.0
154.0
114.0
118.0
161.0
116.0
155.0
117.0
157.0
116.0
114.0
157.0
116.0
157.0
121.0
164.0
117.0
160.0
110.0
153.0
117.0
117.0
117.0
112.0
157.0
114.0
158.0
117.0
158.0
115.0
157.0
122.0
116.0
112.0
164.0
112.0
115.0
117.0
157.0
119.0
116.0
157.0
120.0
152.0
118.0
160.0
110.0
116.0
116.0
123.0
158.0
117.0
162.0
113.0
101.0
160.0
118.0
157.0
117.0
115.0
157.0
121.0
121.0
161.0
117.0
160.0
121.0
114.0
178.0
162.0
121.0
114.0
163.0
117.0
113.0
164.0
118.0
119.0
163.0
116.0
158.0
115.0
160.0
119.0
109.0
162.0
122.0
121.0
160.0
123.0
160.0
114.0
122.0
157.0
116.0
157.0
114.0
157.0
117.0
156.0
110.0
161.0
114.0
106.0
121.0
158.0
116.0
106.0
118.0
118.0
120.0
173.0
154.0
116.0
162.0
117.0
161.0
548.0
161.0
118.0
115.0
157.0
120.0
119.0
157.0
125.0
115.0
157.0
109.0
161.0
122.0
116.0
120.0
158.0
119.0
161.0
117.0
154.0
102.0
159.0
119.0
160.0
120.0
113.0
161.0
114.0
160.0
256.0
157.0
117.0
157.0
119.0
127.0
121.0
115.0
157.0
119.0
163.0
116.0
114.0
156.0
119.0
166.0
179.0
160.0
112.0
162.0
113.0
118.0
156.0
536.0
160.0
117.0
117.0
110.0
164.0
117.0
118.0
122.0
116.0
108.0
118.0
155.0
109.0
162.0
118.0
157.0
122.0
124.0
156.0
116.0
122.0
154.0
109.0
116.0
117.0
119.0
107.0
157.0
118.0
158.0
117.0
118.0
157.0
119.0
116.0
339.0
119.0
117.0
109.0
161.0
116.0
160.0
114.0
157.0
117.0
117.0
161.0
114.0
115.0
157.0
117.0
118.0
158.0
508.0
160.0
122.0
111.0
160.0
117.0
157.0
112.0
159.0
121.0
118.0
160.0
117.0
114.0
111.0
160.0
114.0
110.0
162.0
116.0
460.0
161.0
116.0
161.0
115.0
156.0
98.0
160.0
122.0
115.0
160.0
118.0
104.0
161.0
300.0
157.0
120.0
157.0
119.0
114.0
159.0
114.0
118.0
116.0
106.0
158.0
114.0
121.0
157.0
120.0
158.0
118.0
120.0
160.0
118.0
113.0
157.0
116.0
114.0
114.0
162.0
118.0
154.0
108.0
158.0
114.0
106.0
162.0
121.0
157.0
117.0
117.0
160.0
501.0
161.0
116.0
106.0
156.0
116.0
118.0
162.0
99.0
160.0
110.0
159.0
117.0
154.0
121.0
162.0
123.0
157.0
116.0
117.0
160.0
102.0
116.0
157.0
110.0
114.0
160.0
119.0
116.0
112.0
160.0
118.0
110.0
116.0
112.0
160.0
116.0
161.0
116.0
162.0
114.0
159.0
208.0
262.0
117.0
116.0
114.0
113.0
158.0
118.0
160.0
121.0
114.0
157.0
117.0
156.0
120.0
116.0
118.0
166.0
117.0
161.0
123.0
111.0
119.0
161.0
117.0
158.0
117.0
117.0
113.0
158.0
118.0
156.0
118.0
119.0
112.0
160.0
113.0
162.0
112.0
160.0
112.0
162.0
118.0
108.0
117.0
158.0
121.0
120.0
158.0
118.0
117.0
162.0
94.0
166.0
113.0
161.0
120.0
114.0
114.0
158.0
118.0
158.0
119.0
122.0
118.0
282.0
160.0
114.0
122.0
164.0
115.0
116.0
157.0
120.0
116.0
161.0
453.0
118.0
162.0
117.0
157.0
125.0
123.0
158.0
117.0
156.0
110.0
118.0
162.0
119.0
158.0
118.0
116.0
158.0
116.0
160.0
122.0
589.0
157.0
125.0
157.0
113.0
116.0
158.0
110.0
162.0
117.0
115.0
122.0
157.0
121.0
157.0
118.0
158.0
117.0
157.0
123.0
388.0
158.0
118.0
160.0
113.0
160.0
175.0
156.0
108.0
156.0
114.0
160.0
114.0
121.0
160.0
117.0
162.0
122.0
117.0
118.0
118.0
156.0
312.0
158.0
118.0
117.0
157.0
117.0
157.0
118.0
162.0
114.0
121.0
117.0
159.0
121.0
160.0
114.0
114.0
122.0
114.0
120.0
162.0
118.0
106.0
155.0
186.0
158.0
111.0
104.0
158.0
120.0
161.0
122.0
160.0
119.0
155.0
111.0
117.0
116.0
162.0
114.0
115.0
160.0
111.0
161.0
116.0
161.0
117.0
116.0
162.0
116.0
158.0
114.0
133.0
114.0
156.0
119.0
116.0
117.0
115.0
119.0
115.0
117.0
161.0
116.0
112.0
157.0
118.0
117.0
158.0
123.0
163.0
120.0
116.0
120.0
111.0
161.0
118.0
309.0
157.0
121.0
115.0
118.0
116.0
117.0
106.0
160.0
119.0
113.0
112.0
126.0
109.0
163.0
118.0
123.0
109.0
154.0
118.0
118.0
121.0
158.0
120.0
160.0
117.0
162.0
115.0
160.0
115.0
157.0
106.0
117.0
158.0
269.0
117.0
156.0
112.0
117.0
160.0
120.0
157.0
117.0
109.0
117.0
164.0
122.0
112.0
163.0
117.0
119.0
115.0
123.0
116.0
117.0
155.0
112.0
157.0
117.0
160.0
116.0
160.0
120.0
161.0
119.0
116.0
155.0
106.0
116.0
116.0
118.0
118.0
119.0
160.0
118.0
154.0
120.0
122.0
158.0
198.0
158.0
114.0
157.0
116.0
161.0
118.0
157.0
113.0
156.0
112.0
154.0
121.0
118.0
164.0
121.0
117.0
160.0
118.0
161.0
118.0
160.0
117.0
157.0
122.0
162.0
116.0
118.0
117.0
116.0
105.0
155.0
122.0
117.0
106.0
118.0
122.0
157.0
115.0
154.0
118.0
114.0
161.0
116.0
160.0
123.0
160.0
118.0
115.0
117.0
156.0
116.0
157.0
117.0
116.0
118.0
154.0
117.0
116.0
161.0
112.0
162.0
117.0
157.0
117.0
119.0
120.0
158.0
117.0
165.0
112.0
161.0
107.0
120.0
117.0
161.0
115.0
162.0
118.0
157.0
121.0
158.0
124.0
110.0
119.0
159.0
118.0
119.0
118.0
116.0
157.0
115.0
116.0
159.0
106.0
161.0
104.0
162.0
118.0
123.0
114.0
160.0
106.0
160.0
113.0
115.0
158.0
119.0
161.0
111.0
155.0
115.0
155.0
123.0
314.0
158.0
118.0
115.0
160.0
122.0
162.0
116.0
161.0
116.0
160.0
120.0
119.0
156.0
118.0
162.0
118.0
119.0
157.0
114.0
161.0
114.0
124.0
118.0
118.0
227.0
122.0
158.0
115.0
118.0
158.0
119.0
157.0
116.0
116.0
161.0
118.0
156.0
116.0
154.0
114.0
114.0
117.0
158.0
114.0
161.0
118.0
160.0
118.0
160.0
107.0
162.0
114.0
116.0
112.0
158.0
115.0
109.0
164.0
119.0
157.0
117.0
160.0
114.0
116.0
114.0
119.0
118.0
109.0
162.0
117.0
104.0
162.0
121.0
115.0
120.0
160.0
116.0
158.0
115.0
118.0
120.0
114.0
158.0
110.0
160.0
122.0
117.0
122.0
161.0
118.0
189.0
117.0
117.0
157.0
116.0
117.0
154.0
120.0
165.0
119.0
114.0
155.0
122.0
111.0
157.0
109.0
119.0
114.0
115.0
160.0
263.0
155.0
113.0
115.0
119.0
161.0
118.0
156.0
117.0
119.0
161.0
118.0
161.0
118.0
121.0
160.0
118.0
162.0
114.0
115.0
158.0
114.0
158.0
118.0
117.0
114.0
162.0
108.0
118.0
158.0
105.0
115.0
114.0
158.0
120.0
117.0
118.0
121.0
121.0
162.0
116.0
156.0
118.0
161.0
113.0
160.0
122.0
118.0
118.0
123.0
118.0
113.0
120.0
116.0
125.0
122.0
162.0
115.0
119.0
116.0
118.0
161.0
114.0
114.0
157.0
114.0
118.0
117.0
157.0
122.0
117.0
122.0
123.0
122.0
160.0
119.0
118.0
158.0
475.0
160.0
117.0
121.0
155.0
115.0
121.0
116.0
154.0
123.0
157.0
80.0
168.0
114.0
122.0
290.0
150.0
119.0
162.0
116.0
109.0
158.0
114.0
120.0
163.0
112.0
113.0
117.0
116.0
157.0
117.0
114.0
117.0
121.0
104.0
157.0
121.0
111.0
162.0
112.0
118.0
114.0
120.0
160.0
117.0
118.0
106.0
156.0
119.0
116.0
113.0
117.0
117.0
157.0
117.0
162.0
113.0
121.0
160.0
116.0
158.0
108.0
121.0
161.0
121.0
117.0
155.0
120.0
158.0
122.0
116.0
109.0
160.0
124.0
160.0
115.0
119.0
117.0
160.0
117.0
159.0
114.0
160.0
125.0
110.0
158.0
118.0
160.0
115.0
118.0
157.0
116.0
156.0
118.0
115.0
160.0
118.0
118.0
162.0
118.0
162.0
122.0
154.0
121.0
118.0
119.0
158.0
118.0
162.0
115.0
123.0
111.0
160.0
116.0
121.0
113.0
120.0
117.0
121.0
101.0
162.0
119.0
120.0
161.0
112.0
118.0
161.0
120.0
497.0
162.0
119.0
109.0
118.0
156.0
117.0
161.0
117.0
294.0
115.0
119.0
117.0
158.0
118.0
158.0
122.0
159.0
118.0
162.0
116.0
162.0
114.0
116.0
121.0
163.0
119.0
116.0
113.0
161.0
115.0
159.0
123.0
116.0
116.0
117.0
157.0
117.0
160.0
115.0
162.0
116.0
158.0
117.0
114.0
93.0
162.0
118.0
113.0
118.0
161.0
122.0
158.0
114.0
157.0
119.0
161.0
115.0
113.0
118.0
120.0
113.0
153.0
116.0
119.0
109.0
163.0
116.0
160.0
116.0
161.0
116.0
162.0
114.0
122.0
157.0
122.0
160.0
222.0
160.0
117.0
160.0
118.0
118.0
157.0
122.0
160.0
183.0
161.0
111.0
158.0
115.0
113.0
118.0
162.0
114.0
122.0
117.0
165.0
121.0
161.0
117.0
122.0
114.0
118.0
114.0
160.0
216.0
112.0
114.0
160.0
115.0
118.0
166.0
118.0
158.0
117.0
121.0
117.0
118.0
160.0
118.0
114.0
178.0
157.0
111.0
112.0
114.0
163.0
113.0
118.0
124.0
160.0
118.0
157.0
115.0
119.0
116.0
161.0
114.0
114.0
187.0
120.0
120.0
121.0
117.0
160.0
114.0
160.0
118.0
114.0
161.0
111.0
118.0
121.0
157.0
109.0
161.0
116.0
162.0
121.0
122.0
117.0
162.0
116.0
112.0
162.0
119.0
116.0
160.0
118.0
111.0
161.0
117.0
117.0
158.0
116.0
118.0
105.0
158.0
118.0
153.0
119.0
162.0
123.0
154.0
121.0
157.0
121.0
158.0
114.0
117.0
155.0
118.0
114.0
117.0
116.0
116.0
158.0
120.0
112.0
119.0
119.0
119.0
157.0
118.0
118.0
160.0
119.0
115.0
119.0
159.0
113.0
161.0
125.0
160.0
122.0
115.0
164.0
118.0
160.0
119.0
116.0
121.0
366.0
112.0
156.0
120.0
160.0
122.0
161.0
117.0
158.0
115.0
164.0
105.0
114.0
156.0
109.0
159.0
121.0
118.0
114.0
117.0
116.0
118.0
121.0
117.0
116.0
157.0
117.0
113.0
160.0
113.0
163.0
121.0
115.0
162.0
118.0
119.0
158.0
115.0
117.0
114.0
123.0
113.0
160.0
119.0
117.0
352.0
122.0
118.0
157.0
118.0
160.0
118.0
158.0
116.0
158.0
200.0
161.0
115.0
163.0
116.0
158.0
110.0
120.0
117.0
116.0
110.0
163.0
119.0
161.0
118.0
117.0
116.0
157.0
117.0
116.0
111.0
112.0
117.0
162.0
116.0
118.0
117.0
157.0
114.0
120.0
156.0
119.0
158.0
113.0
131.0
114.0
155.0
100.0
164.0
118.0
160.0
115.0
160.0
177.0
121.0
162.0
123.0
119.0
164.0
115.0
159.0
117.0
158.0
121.0
117.0
101.0
117.0
164.0
114.0
81.0
164.0
121.0
122.0
160.0
122.0
120.0
161.0
120.0
164.0
119.0
156.0
116.0
160.0
112.0
116.0
115.0
160.0
109.0
119.0
117.0
118.0
119.0
117.0
157.0
118.0
119.0
159.0
118.0
125.0
117.0
108.0
119.0
159.0
120.0
160.0
118.0
158.0
118.0
120.0
161.0
120.0
114.0
120.0
119.0
162.0
264.0
113.0
162.0
120.0
160.0
119.0
116.0
122.0
117.0
162.0
121.0
120.0
158.0
116.0
158.0
119.0
116.0
122.0
119.0
118.0
118.0
160.0
120.0
157.0
117.0
109.0
162.0
115.0
161.0
120.0
120.0
120.0
162.0
118.0
157.0
552.0
121.0
157.0
117.0
161.0
118.0
116.0
118.0
154.0
106.0
161.0
123.0
162.0
109.0
161.0
162.0
155.0
104.0
157.0
103.0
161.0
104.0
160.0
114.0
157.0
115.0
117.0
160.0
111.0
113.0
119.0
112.0
157.0
120.0
156.0
119.0
122.0
115.0
119.0
160.0
110.0
117.0
119.0
160.0
117.0
118.0
162.0
117.0
155.0
119.0
159.0
116.0
107.0
158.0
121.0
161.0
114.0
158.0
118.0
117.0
102.0
120.0
162.0
112.0
118.0
111.0
118.0
181.0
118.0
157.0
119.0
123.0
115.0
165.0
157.0
121.0
122.0
112.0
116.0
116.0
161.0
114.0
159.0
119.0
112.0
157.0
232.0
160.0
119.0
117.0
160.0
117.0
117.0
154.0
119.0
158.0
120.0
158.0
117.0
155.0
111.0
108.0
116.0
116.0
160.0
116.0
159.0
116.0
118.0
113.0
111.0
157.0
114.0
162.0
116.0
157.0
122.0
162.0
115.0
113.0
157.0
116.0
157.0
122.0
160.0
118.0
118.0
114.0
119.0
161.0
117.0
91.0
116.0
160.0
118.0
157.0
120.0
158.0
119.0
157.0
121.0
160.0
117.0
161.0
119.0
116.0
157.0
116.0
158.0
114.0
160.0
116.0
121.0
160.0
118.0
120.0
117.0
114.0
158.0
113.0
157.0
122.0
158.0
123.0
160.0
118.0
154.0
111.0
108.0
165.0
180.0
156.0
117.0
155.0
113.0
158.0
119.0
116.0
160.0
117.0
158.0
120.0
119.0
156.0
111.0
157.0
117.0
116.0
112.0
163.0
119.0
117.0
157.0
120.0
158.0
118.0
156.0
109.0
163.0
119.0
186.0
117.0
118.0
161.0
116.0
160.0
122.0
118.0
160.0
106.0
111.0
160.0
112.0
112.0
160.0
122.0
165.0
117.0
163.0
118.0
162.0
119.0
161.0
104.0
164.0
114.0
158.0
116.0
158.0
118.0
119.0
164.0
119.0
114.0
158.0
116.0
106.0
159.0
119.0
158.0
120.0
161.0
117.0
161.0
197.0
106.0
115.0
157.0
114.0
157.0
116.0
117.0
158.0
111.0
117.0
114.0
121.0
157.0
117.0
157.0
120.0
158.0
98.0
158.0
116.0
121.0
118.0
121.0
109.0
116.0
121.0
157.0
117.0
117.0
120.0
162.0
121.0
160.0
115.0
118.0
114.0
160.0
112.0
111.0
160.0
102.0
160.0
119.0
117.0
117.0
160.0
116.0
161.0
118.0
116.0
533.0
160.0
115.0
115.0
114.0
112.0
118.0
156.0
115.0
156.0
114.0
157.0
115.0
116.0
162.0
117.0
118.0
160.0
118.0
155.0
116.0
120.0
116.0
162.0
118.0
117.0
119.0
115.0
162.0
119.0
160.0
122.0
162.0
122.0
118.0
154.0
116.0
112.0
102.0
162.0
118.0
156.0
118.0
158.0
116.0
160.0
114.0
121.0
110.0
121.0
163.0
111.0
161.0
119.0
122.0
160.0
114.0
157.0
112.0
163.0
118.0
163.0
117.0
120.0
114.0
119.0
118.0
162.0
102.0
160.0
116.0
118.0
115.0
120.0
157.0
117.0
117.0
158.0
121.0
160.0
119.0
161.0
117.0
123.0
120.0
118.0
158.0
118.0
112.0
118.0
155.0
114.0
117.0
154.0
115.0
114.0
120.0
157.0
121.0
163.0
122.0
118.0
116.0
162.0
121.0
122.0
156.0
113.0
157.0
126.0
164.0
117.0
114.0
161.0
109.0
164.0
110.0
160.0
113.0
117.0
157.0
114.0
158.0
119.0
162.0
106.0
156.0
115.0
162.0
116.0
162.0
117.0
154.0
116.0
161.0
112.0
158.0
102.0
165.0
114.0
114.0
154.0
119.0
118.0
160.0
118.0
157.0
114.0
509.0
113.0
156.0
115.0
210.0
120.0
111.0
160.0
123.0
114.0
162.0
122.0
162.0
113.0
157.0
118.0
157.0
113.0
154.0
119.0
160.0
117.0
111.0
157.0
105.0
116.0
119.0
112.0
118.0
155.0
116.0
158.0
115.0
157.0
121.0
118.0
160.0
120.0
116.0
113.0
121.0
118.0
122.0
253.0
117.0
161.0
112.0
155.0
118.0
120.0
160.0
120.0
162.0
122.0
162.0
114.0
159.0
118.0
162.0
112.0
159.0
118.0
108.0
117.0
161.0
98.0
160.0
121.0
117.0
162.0
114.0
154.0
120.0
164.0
119.0
161.0
123.0
121.0
117.0
156.0
117.0
160.0
114.0
161.0
114.0
162.0
117.0
159.0
122.0
160.0
112.0
156.0
104.0
161.0
118.0
116.0
112.0
157.0
122.0
154.0
104.0
160.0
122.0
115.0
157.0
120.0
116.0
160.0
117.0
114.0
160.0
115.0
157.0
114.0
158.0
104.0
121.0
158.0
112.0
112.0
116.0
158.0
116.0
120.0
161.0
119.0
123.0
116.0
157.0
122.0
123.0
115.0
118.0
