122.0
182.0
115.0
119.0
119.0
160.0
113.0
163.0
117.0
162.0
114.0
116.0
117.0
156.0
113.0
157.0
117.0
155.0
154.0
114.0
160.0
117.0
160.0
116.0
120.0
111.0
256.0
157.0
116.0
114.0
156.0
111.0
107.0
118.0
161.0
117.0
163.0
177.0
160.0
113.0
162.0
113.0
162.0
119.0
161.0
107.0
164.0
118.0
158.0
113.0
112.0
112.0
161.0
114.0
162.0
113.0
159.0
122.0
118.0
110.0
160.0
111.0
111.0
119.0
160.0
116.0
120.0
157.0
114.0
116.0
113.0
114.0
162.0
115.0
114.0
117.0
157.0
114.0
155.0
115.0
160.0
112.0
159.0
119.0
121.0
113.0
158.0
429.0
161.0
114.0
161.0
106.0
158.0
111.0
161.0
118.0
157.0
109.0
119.0
161.0
111.0
117.0
158.0
115.0
156.0
112.0
161.0
116.0
160.0
112.0
157.0
118.0
114.0
158.0
117.0
160.0
117.0
160.0
115.0
159.0
118.0
156.0
117.0
162.0
149.0
118.0
157.0
117.0
157.0
117.0
157.0
120.0
117.0
162.0
106.0
166.0
116.0
165.0
114.0
160.0
112.0
113.0
112.0
162.0
114.0
113.0
113.0
161.0
114.0
107.0
158.0
114.0
154.0
113.0
160.0
117.0
158.0
115.0
114.0
158.0
105.0
157.0
114.0
114.0
113.0
154.0
120.0
156.0
114.0
109.0
154.0
114.0
158.0
111.0
160.0
117.0
155.0
114.0
161.0
117.0
162.0
117.0
162.0
117.0
163.0
197.0
114.0
163.0
112.0
160.0
117.0
159.0
117.0
164.0
100.0
160.0
114.0
114.0
161.0
111.0
158.0
111.0
114.0
162.0
116.0
158.0
117.0
157.0
111.0
161.0
114.0
159.0
113.0
166.0
112.0
165.0
117.0
160.0
118.0
115.0
157.0
110.0
161.0
117.0
158.0
120.0
156.0
116.0
160.0
118.0
154.0
116.0
161.0
114.0
158.0
114.0
117.0
160.0
114.0
117.0
114.0
122.0
102.0
160.0
117.0
114.0
120.0
113.0
114.0
112.0
163.0
119.0
109.0
110.0
114.0
160.0
112.0
160.0
109.0
162.0
117.0
159.0
118.0
157.0
114.0
115.0
160.0
118.0
157.0
109.0
160.0
109.0
158.0
121.0
160.0
118.0
154.0
114.0
157.0
114.0
120.0
154.0
112.0
157.0
106.0
119.0
154.0
118.0
154.0
116.0
157.0
112.0
155.0
117.0
157.0
111.0
113.0
116.0
114.0
154.0
117.0
155.0
116.0
117.0
114.0
113.0
161.0
522.0
162.0
112.0
116.0
160.0
110.0
165.0
118.0
161.0
111.0
162.0
109.0
158.0
118.0
156.0
116.0
157.0
109.0
116.0
113.0
161.0
117.0
116.0
160.0
122.0
113.0
159.0
113.0
161.0
115.0
160.0
114.0
119.0
117.0
161.0
116.0
111.0
160.0
114.0
158.0
117.0
160.0
119.0
114.0
114.0
101.0
117.0
107.0
161.0
118.0
157.0
118.0
157.0
114.0
160.0
105.0
162.0
116.0
117.0
112.0
157.0
115.0
116.0
112.0
111.0
113.0
157.0
118.0
121.0
156.0
116.0
160.0
114.0
160.0
117.0
114.0
114.0
372.0
161.0
121.0
153.0
110.0
164.0
109.0
117.0
163.0
116.0
110.0
158.0
107.0
160.0
116.0
121.0
121.0
111.0
157.0
117.0
158.0
110.0
157.0
225.0
160.0
114.0
116.0
114.0
111.0
115.0
157.0
114.0
110.0
157.0
106.0
158.0
116.0
117.0
162.0
118.0
155.0
116.0
160.0
116.0
158.0
116.0
153.0
118.0
110.0
158.0
197.0
157.0
112.0
121.0
156.0
112.0
154.0
116.0
158.0
114.0
157.0
119.0
157.0
111.0
111.0
163.0
114.0
162.0
109.0
116.0
160.0
117.0
104.0
112.0
108.0
157.0
112.0
120.0
97.0
164.0
120.0
112.0
112.0
111.0
159.0
114.0
157.0
117.0
158.0
117.0
115.0
162.0
102.0
161.0
113.0
454.0
116.0
156.0
111.0
101.0
161.0
116.0
114.0
112.0
114.0
117.0
104.0
157.0
113.0
117.0
156.0
118.0
118.0
160.0
116.0
114.0
156.0
109.0
157.0
114.0
116.0
157.0
117.0
162.0
116.0
109.0
112.0
116.0
113.0
160.0
118.0
112.0
157.0
115.0
112.0
155.0
570.0
154.0
105.0
154.0
116.0
160.0
116.0
116.0
157.0
114.0
114.0
113.0
158.0
116.0
157.0
123.0
160.0
101.0
161.0
117.0
114.0
160.0
114.0
115.0
160.0
124.0
162.0
116.0
158.0
108.0
157.0
114.0
118.0
116.0
116.0
160.0
118.0
113.0
114.0
160.0
122.0
157.0
107.0
163.0
105.0
116.0
161.0
117.0
158.0
108.0
204.0
119.0
162.0
120.0
110.0
156.0
118.0
155.0
117.0
158.0
118.0
111.0
162.0
114.0
154.0
114.0
161.0
117.0
164.0
115.0
108.0
162.0
116.0
165.0
115.0
111.0
162.0
194.0
164.0
114.0
156.0
122.0
161.0
121.0
114.0
161.0
114.0
110.0
162.0
111.0
160.0
108.0
156.0
110.0
160.0
111.0
113.0
113.0
160.0
117.0
160.0
109.0
118.0
157.0
113.0
117.0
153.0
114.0
106.0
161.0
418.0
165.0
111.0
164.0
113.0
94.0
160.0
117.0
117.0
115.0
118.0
116.0
111.0
158.0
113.0
156.0
119.0
114.0
157.0
115.0
114.0
113.0
156.0
117.0
160.0
117.0
118.0
112.0
156.0
114.0
116.0
117.0
160.0
117.0
158.0
110.0
114.0
114.0
157.0
116.0
113.0
110.0
162.0
253.0
160.0
110.0
121.0
160.0
119.0
150.0
114.0
161.0
118.0
163.0
116.0
161.0
116.0
158.0
112.0
112.0
161.0
117.0
119.0
163.0
115.0
158.0
249.0
114.0
156.0
115.0
158.0
117.0
115.0
125.0
119.0
155.0
119.0
162.0
112.0
160.0
114.0
156.0
114.0
162.0
115.0
118.0
156.0
115.0
118.0
154.0
114.0
162.0
113.0
160.0
116.0
162.0
115.0
109.0
120.0
162.0
110.0
159.0
120.0
158.0
323.0
160.0
106.0
161.0
466.0
161.0
113.0
117.0
116.0
162.0
114.0
160.0
116.0
117.0
158.0
113.0
113.0
156.0
116.0
160.0
112.0
100.0
162.0
119.0
155.0
358.0
113.0
150.0
114.0
160.0
109.0
157.0
110.0
158.0
112.0
160.0
118.0
158.0
116.0
112.0
110.0
102.0
117.0
158.0
117.0
117.0
164.0
117.0
157.0
116.0
161.0
117.0
118.0
157.0
116.0
114.0
158.0
111.0
160.0
110.0
116.0
160.0
114.0
160.0
116.0
110.0
158.0
116.0
114.0
286.0
157.0
116.0
111.0
161.0
115.0
112.0
115.0
163.0
118.0
160.0
148.0
114.0
161.0
114.0
114.0
158.0
117.0
116.0
109.0
114.0
164.0
118.0
113.0
117.0
113.0
121.0
114.0
160.0
116.0
158.0
117.0
158.0
116.0
160.0
101.0
157.0
115.0
161.0
119.0
160.0
114.0
160.0
116.0
111.0
114.0
114.0
160.0
116.0
161.0
113.0
162.0
118.0
156.0
117.0
158.0
121.0
117.0
119.0
162.0
119.0
164.0
116.0
165.0
111.0
158.0
116.0
157.0
111.0
113.0
160.0
113.0
161.0
115.0
116.0
116.0
116.0
161.0
114.0
119.0
160.0
111.0
160.0
114.0
157.0
111.0
160.0
122.0
158.0
118.0
112.0
158.0
116.0
162.0
112.0
160.0
105.0
156.0
111.0
158.0
116.0
160.0
113.0
107.0
159.0
108.0
157.0
116.0
116.0
114.0
117.0
162.0
111.0
103.0
158.0
109.0
158.0
117.0
160.0
120.0
113.0
116.0
118.0
161.0
122.0
160.0
118.0
156.0
114.0
107.0
160.0
110.0
157.0
117.0
157.0
107.0
158.0
120.0
113.0
120.0
164.0
114.0
155.0
116.0
118.0
164.0
117.0
157.0
110.0
116.0
162.0
119.0
160.0
116.0
157.0
118.0
161.0
117.0
386.0
160.0
110.0
154.0
118.0
161.0
114.0
113.0
112.0
163.0
113.0
161.0
109.0
155.0
109.0
111.0
113.0
190.0
161.0
112.0
159.0
114.0
160.0
109.0
118.0
117.0
157.0
118.0
113.0
113.0
158.0
117.0
114.0
160.0
115.0
157.0
114.0
116.0
118.0
104.0
161.0
118.0
160.0
113.0
162.0
121.0
160.0
118.0
114.0
119.0
157.0
121.0
162.0
597.0
106.0
164.0
115.0
165.0
114.0
162.0
117.0
160.0
122.0
118.0
160.0
110.0
157.0
115.0
160.0
114.0
118.0
114.0
106.0
158.0
118.0
158.0
117.0
119.0
157.0
117.0
158.0
114.0
160.0
114.0
117.0
155.0
114.0
162.0
112.0
163.0
110.0
112.0
159.0
109.0
158.0
118.0
157.0
113.0
114.0
165.0
114.0
118.0
104.0
168.0
115.0
111.0
161.0
114.0
100.0
162.0
112.0
162.0
113.0
114.0
120.0
114.0
120.0
159.0
112.0
158.0
118.0
161.0
118.0
119.0
161.0
121.0
114.0
158.0
113.0
160.0
114.0
116.0
156.0
110.0
153.0
117.0
161.0
115.0
154.0
115.0
162.0
114.0
166.0
110.0
160.0
114.0
117.0
113.0
160.0
106.0
160.0
516.0
161.0
120.0
118.0
114.0
113.0
118.0
157.0
106.0
118.0
117.0
162.0
113.0
164.0
112.0
156.0
116.0
162.0
114.0
160.0
523.0
160.0
113.0
160.0
117.0
109.0
164.0
115.0
116.0
157.0
117.0
158.0
112.0
165.0
115.0
161.0
113.0
113.0
106.0
164.0
117.0
158.0
114.0
156.0
496.0
164.0
119.0
159.0
122.0
160.0
117.0
162.0
114.0
158.0
114.0
158.0
116.0
160.0
118.0
114.0
162.0
113.0
158.0
106.0
114.0
114.0
160.0
118.0
114.0
160.0
206.0
154.0
115.0
160.0
280.0
115.0
114.0
159.0
116.0
113.0
157.0
117.0
158.0
108.0
114.0
116.0
158.0
114.0
114.0
162.0
300.0
152.0
113.0
157.0
105.0
164.0
113.0
157.0
113.0
162.0
120.0
114.0
155.0
109.0
101.0
155.0
117.0
113.0
111.0
117.0
113.0
157.0
116.0
121.0
163.0
187.0
157.0
101.0
162.0
107.0
155.0
113.0
162.0
112.0
155.0
119.0
121.0
157.0
116.0
155.0
110.0
155.0
118.0
158.0
117.0
117.0
116.0
116.0
117.0
160.0
116.0
162.0
113.0
160.0
107.0
162.0
118.0
117.0
105.0
117.0
160.0
114.0
115.0
155.0
110.0
158.0
122.0
114.0
117.0
120.0
114.0
160.0
117.0
105.0
158.0
114.0
158.0
110.0
160.0
107.0
161.0
114.0
121.0
106.0
158.0
112.0
160.0
117.0
114.0
118.0
112.0
160.0
118.0
162.0
116.0
121.0
160.0
120.0
115.0
160.0
111.0
115.0
108.0
114.0
161.0
116.0
158.0
118.0
157.0
117.0
120.0
119.0
372.0
160.0
116.0
117.0
119.0
123.0
162.0
109.0
155.0
117.0
158.0
112.0
119.0
419.0
110.0
176.0
111.0
117.0
115.0
161.0
114.0
156.0
106.0
111.0
157.0
114.0
165.0
336.0
116.0
114.0
160.0
121.0
161.0
111.0
166.0
116.0
99.0
116.0
157.0
116.0
114.0
115.0
161.0
112.0
105.0
162.0
116.0
112.0
117.0
116.0
120.0
116.0
160.0
122.0
110.0
164.0
219.0
110.0
113.0
161.0
117.0
120.0
114.0
114.0
160.0
113.0
157.0
106.0
116.0
161.0
110.0
105.0
161.0
118.0
158.0
111.0
162.0
117.0
115.0
117.0
116.0
114.0
114.0
158.0
117.0
117.0
161.0
114.0
118.0
158.0
114.0
158.0
116.0
115.0
116.0
160.0
197.0
106.0
161.0
116.0
165.0
110.0
117.0
118.0
114.0
156.0
116.0
115.0
162.0
115.0
114.0
99.0
154.0
119.0
114.0
162.0
114.0
160.0
122.0
160.0
116.0
108.0
162.0
121.0
163.0
117.0
155.0
112.0
163.0
114.0
159.0
117.0
116.0
157.0
113.0
116.0
113.0
158.0
117.0
160.0
110.0
114.0
157.0
117.0
113.0
114.0
116.0
115.0
119.0
161.0
117.0
458.0
161.0
124.0
160.0
121.0
152.0
113.0
114.0
160.0
113.0
114.0
120.0
111.0
156.0
113.0
114.0
102.0
161.0
115.0
374.0
160.0
118.0
118.0
157.0
114.0
163.0
116.0
153.0
110.0
109.0
113.0
110.0
162.0
446.0
161.0
104.0
114.0
154.0
110.0
113.0
114.0
162.0
118.0
114.0
157.0
117.0
111.0
115.0
158.0
114.0
114.0
114.0
110.0
161.0
112.0
114.0
152.0
119.0
253.0
158.0
105.0
161.0
117.0
161.0
116.0
113.0
157.0
114.0
161.0
107.0
162.0
110.0
117.0
164.0
122.0
117.0
161.0
120.0
156.0
118.0
164.0
114.0
116.0
162.0
119.0
161.0
114.0
158.0
116.0
161.0
117.0
115.0
154.0
112.0
155.0
113.0
112.0
114.0
119.0
158.0
114.0
118.0
118.0
160.0
115.0
118.0
109.0
111.0
162.0
116.0
119.0
116.0
155.0
114.0
116.0
117.0
114.0
110.0
121.0
114.0
157.0
112.0
111.0
160.0
115.0
167.0
116.0
113.0
161.0
108.0
157.0
111.0
115.0
157.0
117.0
111.0
155.0
118.0
157.0
113.0
158.0
115.0
119.0
160.0
112.0
160.0
90.0
171.0
110.0
157.0
117.0
157.0
117.0
157.0
116.0
158.0
113.0
118.0
162.0
117.0
160.0
114.0
160.0
113.0
119.0
158.0
113.0
158.0
115.0
158.0
117.0
116.0
160.0
114.0
115.0
162.0
491.0
154.0
111.0
164.0
113.0
161.0
107.0
161.0
116.0
160.0
109.0
116.0
114.0
160.0
116.0
114.0
160.0
118.0
157.0
116.0
156.0
113.0
155.0
117.0
160.0
114.0
117.0
157.0
108.0
157.0
113.0
156.0
109.0
164.0
106.0
112.0
157.0
119.0
110.0
160.0
104.0
156.0
112.0
117.0
160.0
113.0
161.0
119.0
116.0
156.0
117.0
109.0
116.0
155.0
112.0
160.0
111.0
160.0
117.0
117.0
161.0
114.0
154.0
114.0
161.0
114.0
157.0
113.0
160.0
114.0
165.0
107.0
117.0
160.0
288.0
159.0
276.0
162.0
118.0
161.0
116.0
113.0
111.0
157.0
114.0
115.0
115.0
113.0
159.0
113.0
181.0
117.0
157.0
118.0
158.0
113.0
156.0
109.0
158.0
114.0
158.0
114.0
161.0
113.0
162.0
114.0
112.0
158.0
169.0
112.0
162.0
112.0
112.0
117.0
111.0
157.0
114.0
160.0
114.0
158.0
111.0
119.0
160.0
117.0
160.0
110.0
156.0
111.0
160.0
114.0
160.0
114.0
158.0
116.0
162.0
110.0
162.0
113.0
161.0
101.0
164.0
116.0
117.0
116.0
114.0
114.0
118.0
115.0
121.0
162.0
102.0
160.0
117.0
105.0
117.0
162.0
113.0
114.0
162.0
112.0
157.0
119.0
159.0
113.0
120.0
157.0
118.0
156.0
112.0
161.0
114.0
113.0
162.0
114.0
162.0
117.0
161.0
117.0
118.0
106.0
113.0
161.0
103.0
160.0
114.0
162.0
98.0
164.0
114.0
162.0
119.0
158.0
114.0
156.0
117.0
157.0
113.0
166.0
118.0
160.0
116.0
120.0
161.0
115.0
117.0
117.0
160.0
191.0
164.0
118.0
158.0
98.0
160.0
113.0
161.0
120.0
116.0
116.0
153.0
114.0
158.0
117.0
162.0
108.0
156.0
116.0
104.0
114.0
113.0
160.0
119.0
158.0
113.0
160.0
112.0
114.0
158.0
118.0
162.0
114.0
155.0
117.0
157.0
94.0
160.0
117.0
114.0
207.0
162.0
117.0
114.0
157.0
117.0
114.0
160.0
117.0
161.0
114.0
162.0
181.0
156.0
117.0
160.0
115.0
109.0
117.0
96.0
114.0
162.0
113.0
370.0
160.0
118.0
116.0
162.0
117.0
160.0
106.0
156.0
123.0
152.0
117.0
116.0
117.0
114.0
111.0
117.0
161.0
116.0
117.0
163.0
115.0
157.0
118.0
157.0
118.0
157.0
113.0
113.0
117.0
162.0
115.0
113.0
157.0
110.0
117.0
157.0
117.0
158.0
112.0
156.0
117.0
114.0
115.0
158.0
118.0
121.0
110.0
114.0
160.0
117.0
161.0
115.0
160.0
117.0
157.0
118.0
155.0
117.0
161.0
111.0
159.0
117.0
160.0
112.0
160.0
276.0
108.0
118.0
115.0
119.0
116.0
161.0
118.0
109.0
117.0
109.0
158.0
409.0
159.0
113.0
157.0
117.0
165.0
114.0
165.0
112.0
162.0
112.0
161.0
184.0
112.0
160.0
120.0
158.0
119.0
153.0
113.0
157.0
116.0
163.0
113.0
157.0
113.0
157.0
114.0
160.0
109.0
155.0
117.0
114.0
162.0
112.0
160.0
112.0
111.0
105.0
162.0
110.0
116.0
158.0
112.0
160.0
119.0
160.0
120.0
154.0
106.0
114.0
118.0
117.0
116.0
160.0
117.0
155.0
117.0
156.0
114.0
154.0
117.0
158.0
112.0
117.0
106.0
160.0
117.0
156.0
313.0
118.0
154.0
113.0
161.0
116.0
161.0
117.0
117.0
158.0
117.0
157.0
112.0
115.0
154.0
111.0
130.0
115.0
119.0
125.0
155.0
113.0
155.0
119.0
160.0
115.0
117.0
162.0
105.0
162.0
119.0
113.0
157.0
120.0
113.0
153.0
109.0
158.0
116.0
112.0
157.0
121.0
157.0
117.0
164.0
116.0
118.0
116.0
111.0
115.0
160.0
117.0
157.0
116.0
160.0
108.0
160.0
177.0
162.0
198.0
161.0
109.0
160.0
116.0
156.0
114.0
158.0
108.0
157.0
118.0
161.0
113.0
158.0
115.0
159.0
113.0
114.0
162.0
118.0
160.0
114.0
117.0
160.0
114.0
162.0
118.0
157.0
97.0
163.0
115.0
161.0
118.0
162.0
112.0
110.0
109.0
114.0
160.0
118.0
155.0
117.0
117.0
162.0
123.0
157.0
114.0
157.0
117.0
160.0
109.0
158.0
250.0
155.0
116.0
117.0
117.0
114.0
158.0
118.0
157.0
114.0
161.0
118.0
114.0
114.0
117.0
158.0
120.0
111.0
116.0
118.0
158.0
111.0
116.0
114.0
160.0
107.0
155.0
116.0
158.0
116.0
119.0
162.0
115.0
162.0
113.0
157.0
117.0
161.0
116.0
113.0
106.0
115.0
157.0
117.0
110.0
161.0
115.0
114.0
157.0
114.0
112.0
115.0
154.0
113.0
157.0
118.0
162.0
109.0
112.0
161.0
117.0
158.0
113.0
154.0
113.0
116.0
106.0
161.0
119.0
158.0
116.0
117.0
158.0
114.0
113.0
116.0
119.0
162.0
110.0
162.0
119.0
157.0
114.0
158.0
113.0
164.0
116.0
117.0
164.0
112.0
160.0
120.0
161.0
114.0
162.0
121.0
315.0
158.0
103.0
102.0
165.0
115.0
161.0
104.0
157.0
116.0
117.0
157.0
119.0
113.0
121.0
113.0
169.0
155.0
121.0
115.0
159.0
116.0
157.0
111.0
160.0
117.0
155.0
112.0
159.0
120.0
160.0
116.0
160.0
115.0
115.0
157.0
114.0
162.0
105.0
153.0
119.0
162.0
116.0
119.0
161.0
197.0
118.0
162.0
112.0
156.0
112.0
158.0
113.0
114.0
160.0
110.0
157.0
114.0
162.0
104.0
164.0
117.0
111.0
107.0
155.0
112.0
114.0
162.0
112.0
117.0
117.0
117.0
117.0
160.0
114.0
158.0
117.0
114.0
117.0
157.0
115.0
161.0
116.0
161.0
194.0
116.0
161.0
117.0
160.0
119.0
113.0
114.0
153.0
116.0
118.0
161.0
111.0
114.0
120.0
116.0
116.0
112.0
114.0
108.0
161.0
116.0
107.0
116.0
157.0
106.0
111.0
161.0
105.0
158.0
114.0
156.0
115.0
120.0
117.0
156.0
115.0
160.0
118.0
117.0
157.0
114.0
119.0
117.0
161.0
116.0
161.0
116.0
160.0
110.0
156.0
119.0
165.0
114.0
158.0
106.0
160.0
110.0
157.0
213.0
113.0
161.0
114.0
112.0
160.0
114.0
160.0
119.0
117.0
115.0
161.0
112.0
113.0
160.0
118.0
159.0
116.0
111.0
159.0
114.0
164.0
104.0
164.0
121.0
114.0
162.0
113.0
118.0
118.0
117.0
117.0
156.0
528.0
161.0
118.0
116.0
158.0
120.0
119.0
123.0
158.0
114.0
117.0
112.0
119.0
107.0
121.0
160.0
120.0
118.0
117.0
474.0
111.0
155.0
118.0
155.0
118.0
112.0
162.0
201.0
118.0
118.0
115.0
237.0
158.0
116.0
111.0
154.0
116.0
109.0
162.0
114.0
119.0
110.0
156.0
119.0
117.0
157.0
112.0
155.0
112.0
116.0
162.0
108.0
160.0
112.0
154.0
108.0
159.0
114.0
117.0
118.0
162.0
114.0
162.0
121.0
157.0
117.0
116.0
262.0
162.0
241.0
111.0
114.0
160.0
112.0
111.0
114.0
162.0
110.0
114.0
117.0
164.0
106.0
116.0
119.0
156.0
117.0
113.0
120.0
157.0
114.0
113.0
104.0
161.0
325.0
111.0
157.0
117.0
162.0
89.0
162.0
108.0
161.0
123.0
114.0
161.0
116.0
106.0
161.0
114.0
160.0
114.0
116.0
166.0
119.0
112.0
117.0
110.0
117.0
157.0
118.0
160.0
117.0
109.0
114.0
160.0
116.0
116.0
105.0
110.0
114.0
153.0
109.0
161.0
113.0
118.0
116.0
156.0
110.0
157.0
118.0
114.0
162.0
178.0
156.0
117.0
118.0
113.0
114.0
157.0
115.0
156.0
118.0
161.0
109.0
118.0
105.0
162.0
114.0
109.0
160.0
118.0
153.0
115.0
112.0
156.0
105.0
163.0
111.0
106.0
163.0
114.0
112.0
118.0
160.0
116.0
162.0
110.0
161.0
117.0
160.0
113.0
156.0
117.0
165.0
113.0
158.0
115.0
114.0
116.0
157.0
116.0
115.0
119.0
105.0
160.0
119.0
113.0
157.0
116.0
117.0
164.0
114.0
119.0
157.0
111.0
161.0
117.0
157.0
113.0
161.0
109.0
157.0
116.0
116.0
157.0
122.0
111.0
117.0
116.0
117.0
120.0
153.0
116.0
159.0
110.0
156.0
116.0
162.0
114.0
160.0
98.0
162.0
114.0
160.0
111.0
103.0
162.0
114.0
116.0
118.0
111.0
153.0
116.0
115.0
161.0
117.0
116.0
159.0
117.0
153.0
116.0
154.0
224.0
115.0
116.0
158.0
114.0
160.0
106.0
156.0
110.0
160.0
120.0
156.0
117.0
115.0
158.0
117.0
116.0
156.0
114.0
155.0
116.0
158.0
114.0
160.0
121.0
118.0
112.0
114.0
121.0
164.0
173.0
160.0
115.0
163.0
112.0
165.0
112.0
112.0
154.0
114.0
113.0
120.0
156.0
100.0
112.0
116.0
112.0
158.0
117.0
161.0
114.0
157.0
121.0
157.0
117.0
111.0
116.0
157.0
114.0
158.0
113.0
116.0
158.0
115.0
112.0
155.0
119.0
160.0
120.0
118.0
162.0
114.0
117.0
122.0
162.0
623.0
119.0
114.0
160.0
395.0
105.0
113.0
113.0
159.0
117.0
112.0
419.0
113.0
165.0
174.0
115.0
154.0
114.0
160.0
119.0
116.0
113.0
161.0
217.0
160.0
108.0
108.0
163.0
119.0
161.0
123.0
154.0
117.0
158.0
427.0
114.0
105.0
157.0
118.0
160.0
116.0
111.0
160.0
117.0
160.0
115.0
161.0
108.0
159.0
117.0
161.0
117.0
114.0
118.0
157.0
386.0
158.0
114.0
161.0
116.0
117.0
156.0
112.0
93.0
164.0
117.0
160.0
116.0
107.0
114.0
114.0
161.0
114.0
164.0
115.0
114.0
121.0
110.0
114.0
158.0
114.0
163.0
116.0
161.0
121.0
116.0
116.0
161.0
111.0
155.0
114.0
161.0
117.0
158.0
117.0
113.0
165.0
119.0
160.0
118.0
378.0
162.0
112.0
156.0
117.0
161.0
109.0
116.0
162.0
109.0
113.0
115.0
114.0
116.0
160.0
114.0
161.0
117.0
161.0
116.0
158.0
106.0
106.0
119.0
162.0
112.0
160.0
112.0
157.0
115.0
157.0
119.0
115.0
158.0
115.0
161.0
107.0
107.0
160.0
122.0
155.0
116.0
165.0
109.0
122.0
157.0
122.0
154.0
117.0
158.0
114.0
159.0
117.0
156.0
114.0
159.0
117.0
162.0
122.0
163.0
120.0
108.0
159.0
122.0
114.0
156.0
111.0
115.0
113.0
156.0
116.0
160.0
113.0
165.0
117.0
116.0
109.0
159.0
109.0
157.0
113.0
116.0
113.0
154.0
114.0
118.0
156.0
122.0
117.0
162.0
115.0
116.0
105.0
157.0
96.0
112.0
160.0
114.0
117.0
157.0
111.0
112.0
158.0
115.0
118.0
160.0
118.0
116.0
157.0
117.0
106.0
157.0
117.0
157.0
117.0
160.0
117.0
116.0
117.0
113.0
162.0
114.0
117.0
155.0
118.0
162.0
117.0
154.0
105.0
160.0
113.0
106.0
160.0
110.0
102.0
161.0
114.0
158.0
94.0
117.0
120.0
155.0
116.0
157.0
112.0
157.0
118.0
162.0
221.0
118.0
157.0
118.0
157.0
117.0
162.0
116.0
115.0
161.0
173.0
113.0
160.0
114.0
159.0
117.0
157.0
114.0
162.0
118.0
107.0
118.0
156.0
117.0
118.0
110.0
112.0
116.0
114.0
160.0
113.0
117.0
116.0
157.0
101.0
117.0
160.0
106.0
160.0
116.0
114.0
156.0
116.0
160.0
115.0
155.0
113.0
113.0
161.0
117.0
160.0
114.0
160.0
119.0
161.0
115.0
157.0
110.0
114.0
114.0
163.0
115.0
115.0
160.0
112.0
160.0
114.0
119.0
157.0
114.0
158.0
111.0
165.0
114.0
157.0
116.0
158.0
114.0
158.0
115.0
160.0
112.0
160.0
109.0
160.0
109.0
160.0
118.0
114.0
160.0
117.0
160.0
108.0
152.0
105.0
162.0
117.0
118.0
157.0
122.0
163.0
113.0
116.0
157.0
118.0
157.0
113.0
164.0
117.0
101.0
156.0
109.0
115.0
158.0
114.0
118.0
118.0
118.0
112.0
158.0
119.0
114.0
115.0
165.0
117.0
158.0
112.0
197.0
163.0
113.0
111.0
158.0
116.0
156.0
117.0
118.0
118.0
154.0
109.0
109.0
162.0
116.0
160.0
109.0
158.0
93.0
161.0
114.0
160.0
114.0
156.0
120.0
117.0
114.0
155.0
481.0
112.0
161.0
112.0
101.0
116.0
153.0
114.0
161.0
114.0
161.0
122.0
159.0
116.0
116.0
113.0
161.0
109.0
157.0
118.0
113.0
155.0
113.0
113.0
162.0
107.0
162.0
114.0
158.0
111.0
110.0
157.0
124.0
107.0
116.0
158.0
117.0
70.0
169.0
99.0
117.0
160.0
120.0
118.0
156.0
114.0
111.0
119.0
117.0
113.0
118.0
118.0
156.0
120.0
157.0
114.0
106.0
157.0
123.0
115.0
158.0
121.0
160.0
116.0
160.0
110.0
160.0
117.0
162.0
113.0
161.0
116.0
154.0
111.0
115.0
112.0
115.0
121.0
115.0
116.0
161.0
110.0
98.0
117.0
162.0
115.0
158.0
269.0
113.0
109.0
161.0
110.0
158.0
112.0
110.0
165.0
114.0
114.0
121.0
109.0
107.0
112.0
160.0
116.0
160.0
119.0
159.0
112.0
160.0
116.0
160.0
115.0
108.0
109.0
153.0
276.0
162.0
106.0
119.0
116.0
113.0
158.0
119.0
113.0
156.0
114.0
161.0
117.0
158.0
111.0
116.0
158.0
109.0
114.0
114.0
157.0
113.0
117.0
118.0
112.0
163.0
118.0
166.0
117.0
160.0
114.0
154.0
116.0
108.0
115.0
162.0
118.0
154.0
111.0
160.0
110.0
174.0
117.0
160.0
118.0
158.0
109.0
116.0
114.0
114.0
162.0
114.0
161.0
119.0
156.0
123.0
160.0
109.0
118.0
158.0
108.0
161.0
111.0
158.0
121.0
118.0
111.0
114.0
118.0
156.0
116.0
158.0
114.0
117.0
112.0
155.0
117.0
157.0
116.0
156.0
111.0
163.0
117.0
158.0
116.0
158.0
117.0
157.0
106.0
160.0
105.0
157.0
121.0
153.0
112.0
158.0
118.0
157.0
117.0
108.0
155.0
113.0
165.0
116.0
162.0
116.0
157.0
113.0
118.0
158.0
113.0
113.0
160.0
114.0
160.0
114.0
113.0
113.0
163.0
114.0
513.0
160.0
112.0
162.0
115.0
161.0
116.0
112.0
114.0
117.0
156.0
114.0
114.0
117.0
115.0
160.0
121.0
157.0
117.0
114.0
162.0
109.0
157.0
385.0
117.0
160.0
117.0
157.0
114.0
114.0
114.0
114.0
113.0
116.0
156.0
113.0
162.0
114.0
114.0
164.0
114.0
114.0
157.0
113.0
160.0
117.0
160.0
116.0
118.0
121.0
116.0
156.0
105.0
122.0
114.0
114.0
117.0
160.0
116.0
117.0
156.0
103.0
167.0
111.0
160.0
112.0
158.0
117.0
157.0
116.0
158.0
121.0
162.0
113.0
117.0
116.0
156.0
114.0
158.0
109.0
160.0
117.0
155.0
112.0
117.0
158.0
110.0
162.0
119.0
112.0
160.0
120.0
159.0
118.0
156.0
117.0
157.0
117.0
117.0
163.0
117.0
155.0
115.0
155.0
116.0
155.0
116.0
158.0
122.0
160.0
113.0
111.0
109.0
118.0
160.0
119.0
158.0
116.0
112.0
157.0
119.0
114.0
251.0
160.0
117.0
160.0
114.0
161.0
117.0
110.0
154.0
119.0
154.0
112.0
111.0
162.0
119.0
118.0
161.0
116.0
117.0
158.0
114.0
118.0
161.0
114.0
166.0
116.0
113.0
157.0
104.0
110.0
154.0
109.0
165.0
117.0
116.0
114.0
113.0
118.0
157.0
112.0
114.0
158.0
119.0
160.0
186.0
118.0
160.0
117.0
158.0
109.0
117.0
157.0
115.0
158.0
119.0
113.0
158.0
114.0
157.0
110.0
117.0
156.0
114.0
101.0
160.0
118.0
189.0
157.0
236.0
162.0
120.0
117.0
160.0
118.0
161.0
118.0
117.0
155.0
109.0
156.0
114.0
119.0
117.0
162.0
110.0
119.0
160.0
186.0
157.0
104.0
162.0
115.0
163.0
107.0
117.0
115.0
160.0
118.0
160.0
111.0
164.0
114.0
154.0
116.0
112.0
158.0
111.0
156.0
118.0
114.0
156.0
116.0
112.0
87.0
165.0
115.0
117.0
161.0
114.0
114.0
160.0
102.0
160.0
115.0
147.0
114.0
156.0
114.0
162.0
119.0
158.0
114.0
113.0
114.0
156.0
108.0
117.0
115.0
529.0
117.0
163.0
115.0
114.0
116.0
160.0
113.0
120.0
160.0
120.0
162.0
115.0
158.0
115.0
164.0
111.0
118.0
158.0
115.0
117.0
162.0
112.0
115.0
113.0
110.0
160.0
110.0
110.0
153.0
115.0
158.0
105.0
161.0
109.0
160.0
118.0
110.0
155.0
121.0
160.0
113.0
122.0
165.0
113.0
162.0
110.0
118.0
116.0
160.0
112.0
115.0
109.0
358.0
158.0
117.0
157.0
116.0
164.0
114.0
106.0
161.0
113.0
161.0
113.0
109.0
156.0
114.0
156.0
106.0
115.0
157.0
107.0
116.0
155.0
113.0
122.0
155.0
113.0
116.0
158.0
108.0
109.0
118.0
150.0
114.0
160.0
116.0
109.0
160.0
111.0
160.0
104.0
161.0
112.0
162.0
114.0
113.0
160.0
191.0
158.0
119.0
160.0
111.0
161.0
117.0
156.0
109.0
164.0
115.0
157.0
114.0
117.0
152.0
111.0
114.0
110.0
115.0
156.0
111.0
116.0
160.0
115.0
157.0
94.0
160.0
108.0
113.0
160.0
116.0
112.0
114.0
160.0
117.0
177.0
118.0
117.0
117.0
158.0
117.0
161.0
120.0
114.0
160.0
117.0
111.0
160.0
115.0
114.0
116.0
113.0
117.0
158.0
118.0
158.0
116.0
112.0
154.0
106.0
160.0
115.0
117.0
158.0
114.0
160.0
397.0
119.0
114.0
160.0
116.0
155.0
114.0
113.0
161.0
286.0
117.0
160.0
118.0
116.0
157.0
112.0
118.0
117.0
160.0
114.0
160.0
114.0
153.0
112.0
155.0
117.0
118.0
159.0
119.0
160.0
115.0
160.0
111.0
114.0
118.0
117.0
158.0
119.0
115.0
117.0
158.0
116.0
108.0
160.0
117.0
117.0
110.0
162.0
108.0
116.0
115.0
116.0
114.0
119.0
161.0
114.0
154.0
118.0
117.0
162.0
119.0
116.0
117.0
121.0
114.0
114.0
118.0
117.0
162.0
116.0
160.0
176.0
161.0
117.0
114.0
161.0
111.0
160.0
108.0
161.0
116.0
113.0
157.0
114.0
152.0
113.0
156.0
112.0
157.0
113.0
117.0
158.0
117.0
157.0
113.0
154.0
111.0
165.0
113.0
157.0
117.0
157.0
105.0
159.0
111.0
117.0
114.0
154.0
113.0
158.0
112.0
160.0
107.0
161.0
115.0
117.0
114.0
106.0
158.0
119.0
114.0
164.0
118.0
156.0
121.0
213.0
164.0
117.0
104.0
161.0
102.0
157.0
114.0
163.0
252.0
119.0
161.0
115.0
158.0
116.0
113.0
113.0
112.0
165.0
117.0
118.0
117.0
160.0
115.0
164.0
119.0
116.0
117.0
160.0
118.0
156.0
119.0
162.0
120.0
112.0
162.0
230.0
162.0
107.0
160.0
114.0
159.0
122.0
160.0
114.0
111.0
118.0
112.0
118.0
117.0
116.0
118.0
110.0
153.0
114.0
156.0
103.0
157.0
513.0
154.0
118.0
118.0
116.0
161.0
111.0
115.0
157.0
110.0
158.0
117.0
119.0
162.0
120.0
160.0
115.0
158.0
106.0
115.0
114.0
114.0
158.0
121.0
118.0
120.0
111.0
160.0
111.0
111.0
172.0
118.0
155.0
118.0
111.0
154.0
112.0
113.0
160.0
487.0
112.0
158.0
116.0
154.0
114.0
110.0
117.0
114.0
161.0
113.0
161.0
117.0
114.0
162.0
119.0
117.0
155.0
113.0
117.0
155.0
114.0
160.0
114.0
114.0
160.0
117.0
392.0
116.0
118.0
111.0
162.0
120.0
161.0
115.0
115.0
160.0
116.0
160.0
113.0
161.0
120.0
157.0
118.0
160.0
98.0
154.0
116.0
157.0
114.0
117.0
158.0
115.0
154.0
114.0
162.0
114.0
160.0
114.0
111.0
115.0
117.0
157.0
116.0
156.0
120.0
162.0
115.0
160.0
117.0
113.0
165.0
117.0
112.0
154.0
120.0
163.0
118.0
114.0
160.0
121.0
119.0
156.0
116.0
160.0
111.0
161.0
109.0
118.0
160.0
96.0
165.0
117.0
117.0
155.0
113.0
87.0
168.0
113.0
115.0
116.0
114.0
113.0
116.0
157.0
121.0
114.0
162.0
114.0
165.0
114.0
115.0
114.0
115.0
156.0
111.0
161.0
118.0
111.0
117.0
115.0
158.0
114.0
121.0
155.0
115.0
114.0
118.0
157.0
113.0
118.0
117.0
120.0
114.0
116.0
157.0
118.0
111.0
120.0
118.0
111.0
157.0
116.0
161.0
114.0
158.0
110.0
156.0
114.0
160.0
118.0
130.0
114.0
160.0
110.0
158.0
112.0
117.0
163.0
114.0
117.0
153.0
114.0
161.0
114.0
159.0
112.0
90.0
160.0
116.0
109.0
153.0
112.0
117.0
108.0
157.0
114.0
158.0
114.0
157.0
115.0
157.0
119.0
114.0
117.0
156.0
118.0
155.0
62.0
188.0
116.0
160.0
114.0
117.0
155.0
115.0
117.0
161.0
115.0
117.0
117.0
116.0
122.0
108.0
156.0
115.0
118.0
117.0
117.0
116.0
157.0
115.0
158.0
113.0
160.0
106.0
113.0
160.0
114.0
165.0
109.0
320.0
155.0
117.0
158.0
123.0
157.0
107.0
117.0
160.0
117.0
162.0
112.0
162.0
111.0
157.0
202.0
118.0
156.0
114.0
154.0
114.0
113.0
162.0
116.0
421.0
162.0
112.0
112.0
158.0
112.0
160.0
116.0
113.0
115.0
156.0
113.0
166.0
116.0
155.0
120.0
157.0
117.0
117.0
112.0
158.0
111.0
162.0
109.0
157.0
505.0
161.0
114.0
154.0
110.0
158.0
114.0
162.0
315.0
160.0
116.0
157.0
117.0
162.0
112.0
116.0
161.0
111.0
160.0
112.0
158.0
117.0
160.0
116.0
157.0
119.0
156.0
116.0
160.0
116.0
163.0
117.0
118.0
111.0
158.0
117.0
154.0
114.0
116.0
157.0
113.0
160.0
115.0
116.0
112.0
121.0
112.0
117.0
154.0
110.0
160.0
115.0
154.0
119.0
160.0
118.0
166.0
116.0
160.0
119.0
116.0
117.0
160.0
109.0
161.0
117.0
116.0
161.0
118.0
158.0
114.0
161.0
110.0
117.0
115.0
156.0
116.0
161.0
119.0
113.0
160.0
119.0
160.0
101.0
157.0
117.0
118.0
160.0
115.0
160.0
104.0
162.0
119.0
157.0
117.0
164.0
114.0
158.0
112.0
158.0
117.0
160.0
109.0
111.0
163.0
119.0
160.0
115.0
116.0
106.0
160.0
114.0
162.0
116.0
116.0
116.0
109.0
118.0
573.0
157.0
116.0
158.0
115.0
157.0
115.0
162.0
111.0
155.0
110.0
116.0
114.0
118.0
115.0
160.0
114.0
162.0
113.0
157.0
114.0
160.0
113.0
112.0
114.0
116.0
113.0
160.0
116.0
113.0
117.0
162.0
112.0
160.0
115.0
157.0
108.0
166.0
113.0
160.0
111.0
153.0
113.0
160.0
172.0
160.0
119.0
161.0
116.0
154.0
118.0
154.0
116.0
105.0
113.0
157.0
114.0
161.0
113.0
158.0
113.0
99.0
157.0
111.0
157.0
115.0
160.0
101.0
109.0
122.0
112.0
160.0
114.0
159.0
110.0
110.0
99.0
159.0
114.0
157.0
109.0
165.0
114.0
154.0
111.0
110.0
161.0
113.0
160.0
107.0
114.0
158.0
115.0
158.0
117.0
157.0
117.0
115.0
158.0
114.0
159.0
119.0
158.0
118.0
161.0
110.0
153.0
114.0
115.0
119.0
338.0
163.0
114.0
160.0
115.0
161.0
113.0
162.0
122.0
194.0
113.0
162.0
113.0
118.0
118.0
157.0
111.0
116.0
154.0
114.0
158.0
121.0
157.0
113.0
116.0
115.0
117.0
158.0
112.0
160.0
110.0
105.0
157.0
117.0
158.0
112.0
114.0
160.0
121.0
116.0
157.0
119.0
159.0
122.0
115.0
119.0
164.0
122.0
114.0
160.0
113.0
109.0
163.0
120.0
117.0
166.0
114.0
159.0
112.0
155.0
115.0
491.0
160.0
121.0
112.0
164.0
120.0
155.0
114.0
115.0
160.0
118.0
158.0
113.0
161.0
115.0
157.0
110.0
157.0
116.0
109.0
115.0
157.0
116.0
109.0
117.0
116.0
113.0
118.0
155.0
115.0
162.0
114.0
160.0
109.0
161.0
116.0
118.0
158.0
118.0
115.0
158.0
114.0
118.0
158.0
109.0
162.0
194.0
118.0
121.0
158.0
114.0
162.0
113.0
155.0
107.0
153.0
113.0
160.0
116.0
114.0
163.0
259.0
163.0
114.0
159.0
117.0
160.0
114.0
122.0
118.0
119.0
160.0
115.0
164.0
109.0
114.0
159.0
114.0
165.0
117.0
160.0
110.0
156.0
117.0
114.0
158.0
106.0
156.0
116.0
117.0
111.0
162.0
117.0
119.0
116.0
114.0
106.0
115.0
155.0
112.0
164.0
173.0
158.0
119.0
119.0
156.0
114.0
116.0
155.0
113.0
110.0
119.0
115.0
109.0
158.0
114.0
162.0
113.0
115.0
154.0
109.0
120.0
114.0
117.0
114.0
103.0
161.0
117.0
159.0
258.0
161.0
114.0
114.0
158.0
110.0
116.0
158.0
112.0
110.0
156.0
109.0
156.0
115.0
108.0
161.0
116.0
157.0
108.0
158.0
117.0
117.0
160.0
119.0
114.0
519.0
160.0
113.0
113.0
159.0
114.0
107.0
156.0
113.0
159.0
114.0
161.0
93.0
161.0
114.0
113.0
160.0
117.0
100.0
162.0
118.0
160.0
119.0
162.0
121.0
112.0
158.0
114.0
116.0
111.0
104.0
161.0
109.0
117.0
156.0
118.0
157.0
116.0
115.0
160.0
117.0
110.0
160.0
114.0
115.0
116.0
164.0
335.0
151.0
110.0
159.0
114.0
111.0
157.0
120.0
160.0
112.0
114.0
160.0
112.0
162.0
117.0
224.0
160.0
117.0
113.0
164.0
98.0
157.0
111.0
155.0
115.0
156.0
117.0
164.0
117.0
160.0
109.0
114.0
157.0
100.0
117.0
158.0
111.0
114.0
157.0
117.0
115.0
114.0
162.0
114.0
110.0
113.0
117.0
162.0
121.0
158.0
117.0
156.0
113.0
160.0
118.0
118.0
117.0
117.0
119.0
113.0
163.0
114.0
161.0
117.0
114.0
161.0
114.0
158.0
117.0
110.0
116.0
162.0
117.0
158.0
118.0
109.0
118.0
158.0
116.0
160.0
115.0
117.0
112.0
160.0
116.0
161.0
118.0
119.0
114.0
161.0
106.0
161.0
112.0
161.0
251.0
160.0
117.0
494.0
110.0
162.0
171.0
117.0
154.0
118.0
113.0
160.0
93.0
163.0
116.0
160.0
116.0
114.0
112.0
161.0
111.0
163.0
117.0
117.0
113.0
114.0
162.0
117.0
120.0
156.0
114.0
110.0
160.0
114.0
186.0
160.0
107.0
117.0
162.0
117.0
157.0
117.0
114.0
160.0
118.0
160.0
113.0
117.0
162.0
119.0
157.0
117.0
115.0
160.0
115.0
160.0
118.0
109.0
160.0
116.0
159.0
109.0
114.0
161.0
113.0
160.0
115.0
113.0
179.0
157.0
115.0
160.0
116.0
157.0
115.0
160.0
119.0
109.0
158.0
117.0
155.0
110.0
160.0
118.0
157.0
109.0
163.0
113.0
157.0
108.0
114.0
164.0
121.0
160.0
122.0
115.0
119.0
115.0
162.0
110.0
156.0
113.0
113.0
155.0
114.0
162.0
115.0
158.0
112.0
119.0
117.0
160.0
117.0
160.0
116.0
116.0
118.0
117.0
113.0
158.0
113.0
106.0
156.0
114.0
157.0
107.0
104.0
162.0
116.0
162.0
115.0
156.0
111.0
155.0
426.0
116.0
114.0
163.0
112.0
116.0
164.0
113.0
162.0
117.0
162.0
116.0
106.0
158.0
111.0
161.0
109.0
114.0
117.0
158.0
114.0
107.0
114.0
116.0
117.0
115.0
115.0
160.0
114.0
115.0
157.0
116.0
115.0
158.0
116.0
163.0
119.0
113.0
114.0
114.0
163.0
114.0
113.0
161.0
117.0
116.0
118.0
117.0
116.0
110.0
158.0
120.0
111.0
114.0
117.0
111.0
161.0
119.0
122.0
110.0
153.0
113.0
111.0
120.0
162.0
117.0
158.0
118.0
159.0
115.0
157.0
118.0
160.0
109.0
113.0
157.0
116.0
116.0
155.0
114.0
116.0
161.0
119.0
155.0
118.0
112.0
113.0
163.0
118.0
109.0
160.0
112.0
120.0
114.0
122.0
113.0
112.0
160.0
469.0
157.0
116.0
160.0
117.0
162.0
114.0
165.0
115.0
114.0
151.0
108.0
116.0
117.0
115.0
113.0
114.0
158.0
113.0
154.0
117.0
121.0
154.0
114.0
160.0
117.0
160.0
114.0
165.0
116.0
154.0
114.0
160.0
109.0
155.0
116.0
114.0
160.0
226.0
119.0
160.0
117.0
160.0
114.0
157.0
173.0
157.0
114.0
160.0
118.0
116.0
114.0
116.0
104.0
157.0
119.0
111.0
104.0
117.0
117.0
158.0
117.0
156.0
118.0
114.0
165.0
115.0
160.0
116.0
163.0
117.0
117.0
115.0
154.0
115.0
160.0
114.0
111.0
118.0
158.0
118.0
111.0
163.0
112.0
160.0
113.0
160.0
110.0
114.0
118.0
158.0
114.0
160.0
111.0
162.0
109.0
240.0
115.0
157.0
113.0
162.0
119.0
158.0
119.0
160.0
116.0
105.0
121.0
161.0
114.0
116.0
113.0
115.0
158.0
114.0
116.0
158.0
102.0
160.0
620.0
118.0
117.0
118.0
117.0
157.0
110.0
160.0
109.0
178.0
160.0
118.0
158.0
108.0
157.0
115.0
157.0
118.0
116.0
156.0
120.0
115.0
161.0
116.0
160.0
116.0
160.0
113.0
158.0
117.0
116.0
157.0
113.0
160.0
114.0
120.0
158.0
114.0
158.0
157.0
117.0
117.0
116.0
114.0
114.0
162.0
115.0
118.0
155.0
120.0
157.0
118.0
114.0
161.0
117.0
158.0
111.0
156.0
116.0
110.0
117.0
158.0
113.0
160.0
116.0
157.0
116.0
156.0
107.0
160.0
114.0
117.0
118.0
161.0
113.0
107.0
164.0
116.0
161.0
116.0
155.0
113.0
113.0
116.0
114.0
111.0
104.0
157.0
120.0
502.0
162.0
117.0
114.0
117.0
161.0
114.0
157.0
115.0
120.0
114.0
117.0
158.0
116.0
162.0
119.0
114.0
114.0
161.0
113.0
115.0
113.0
117.0
155.0
116.0
115.0
152.0
115.0
167.0
114.0
182.0
155.0
118.0
109.0
160.0
109.0
116.0
114.0
116.0
162.0
122.0
155.0
112.0
119.0
115.0
157.0
116.0
157.0
112.0
114.0
158.0
117.0
156.0
116.0
118.0
161.0
116.0
160.0
116.0
118.0
158.0
114.0
160.0
118.0
122.0
113.0
161.0
103.0
113.0
158.0
103.0
114.0
241.0
155.0
117.0
117.0
117.0
114.0
116.0
162.0
118.0
162.0
117.0
158.0
116.0
158.0
118.0
120.0
114.0
116.0
117.0
116.0
121.0
115.0
121.0
120.0
156.0
114.0
114.0
116.0
117.0
160.0
106.0
114.0
158.0
110.0
116.0
115.0
158.0
117.0
113.0
114.0
116.0
114.0
161.0
120.0
115.0
160.0
108.0
155.0
117.0
116.0
158.0
118.0
115.0
114.0
163.0
120.0
158.0
85.0
166.0
114.0
117.0
117.0
157.0
116.0
158.0
111.0
104.0
162.0
110.0
112.0
160.0
110.0
114.0
118.0
108.0
157.0
114.0
115.0
117.0
117.0
102.0
160.0
119.0
115.0
160.0
105.0
115.0
192.0
118.0
162.0
116.0
116.0
107.0
158.0
119.0
109.0
109.0
117.0
113.0
161.0
112.0
162.0
112.0
116.0
158.0
112.0
158.0
110.0
112.0
161.0
117.0
114.0
156.0
123.0
160.0
122.0
117.0
109.0
157.0
114.0
160.0
117.0
114.0
117.0
160.0
114.0
160.0
114.0
157.0
117.0
378.0
158.0
116.0
161.0
116.0
114.0
162.0
117.0
153.0
116.0
115.0
157.0
119.0
117.0
162.0
177.0
160.0
119.0
154.0
117.0
117.0
114.0
160.0
113.0
160.0
117.0
121.0
112.0
162.0
116.0
116.0
113.0
119.0
117.0
117.0
99.0
165.0
115.0
112.0
164.0
114.0
115.0
157.0
120.0
98.0
162.0
119.0
107.0
115.0
157.0
115.0
162.0
112.0
117.0
118.0
117.0
116.0
157.0
117.0
162.0
119.0
161.0
114.0
157.0
114.0
160.0
117.0
115.0
114.0
165.0
116.0
118.0
113.0
161.0
117.0
162.0
117.0
119.0
114.0
113.0
159.0
113.0
157.0
112.0
161.0
116.0
156.0
116.0
109.0
91.0
160.0
117.0
116.0
110.0
165.0
122.0
160.0
112.0
160.0
120.0
164.0
118.0
110.0
116.0
117.0
107.0
157.0
116.0
117.0
109.0
164.0
112.0
159.0
114.0
162.0
116.0
161.0
113.0
120.0
158.0
114.0
156.0
115.0
161.0
112.0
161.0
121.0
119.0
156.0
119.0
160.0
118.0
157.0
108.0
160.0
111.0
91.0
112.0
161.0
109.0
114.0
116.0
164.0
120.0
161.0
116.0
116.0
113.0
118.0
113.0
164.0
209.0
111.0
114.0
159.0
114.0
114.0
162.0
117.0
157.0
117.0
116.0
115.0
114.0
162.0
115.0
115.0
122.0
157.0
108.0
114.0
117.0
156.0
107.0
116.0
119.0
161.0
118.0
156.0
115.0
116.0
122.0
165.0
114.0
114.0
123.0
114.0
118.0
116.0
114.0
161.0
113.0
162.0
117.0
114.0
159.0
110.0
118.0
118.0
155.0
112.0
157.0
114.0
158.0
117.0
116.0
112.0
158.0
113.0
109.0
161.0
113.0
110.0
161.0
117.0
118.0
162.0
120.0
116.0
158.0
114.0
118.0
107.0
157.0
113.0
160.0
116.0
160.0
116.0
159.0
117.0
158.0
118.0
162.0
117.0
116.0
157.0
109.0
111.0
115.0
114.0
114.0
160.0
116.0
111.0
115.0
118.0
115.0
161.0
115.0
114.0
160.0
112.0
116.0
117.0
160.0
115.0
162.0
121.0
153.0
112.0
112.0
161.0
119.0
160.0
117.0
117.0
116.0
358.0
114.0
160.0
117.0
161.0
124.0
155.0
114.0
161.0
116.0
161.0
106.0
110.0
160.0
112.0
158.0
119.0
116.0
112.0
116.0
110.0
113.0
117.0
112.0
115.0
158.0
119.0
114.0
162.0
108.0
168.0
120.0
117.0
162.0
113.0
116.0
161.0
112.0
114.0
118.0
113.0
112.0
158.0
117.0
118.0
113.0
121.0
115.0
156.0
119.0
160.0
119.0
160.0
118.0
157.0
116.0
165.0
109.0
162.0
113.0
160.0
105.0
117.0
117.0
113.0
101.0
160.0
112.0
160.0
172.0
118.0
116.0
156.0
116.0
113.0
109.0
114.0
110.0
162.0
116.0
116.0
116.0
157.0
113.0
114.0
162.0
118.0
161.0
119.0
129.0
116.0
160.0
99.0
160.0
117.0
161.0
113.0
158.0
113.0
117.0
162.0
117.0
116.0
166.0
117.0
160.0
114.0
157.0
112.0
122.0
99.0
116.0
163.0
114.0
673.0
116.0
114.0
117.0
157.0
118.0
116.0
161.0
114.0
164.0
111.0
157.0
118.0
160.0
112.0
298.0
116.0
158.0
104.0
117.0
114.0
120.0
114.0
116.0
157.0
118.0
114.0
162.0
119.0
119.0
120.0
104.0
114.0
161.0
117.0
157.0
117.0
160.0
118.0
120.0
161.0
113.0
113.0
114.0
116.0
162.0
120.0
114.0
160.0
119.0
162.0
116.0
115.0
117.0
116.0
161.0
118.0
119.0
162.0
114.0
157.0
118.0
111.0
118.0
119.0
112.0
116.0
158.0
121.0
157.0
113.0
111.0
164.0
115.0
160.0
119.0
118.0
116.0
162.0
114.0
160.0
106.0
120.0
155.0
116.0
162.0
117.0
112.0
121.0
156.0
104.0
157.0
117.0
163.0
106.0
158.0
116.0
155.0
100.0
161.0
102.0
162.0
103.0
161.0
115.0
158.0
112.0
117.0
159.0
113.0
118.0
113.0
113.0
158.0
116.0
158.0
119.0
122.0
116.0
117.0
161.0
108.0
117.0
116.0
160.0
117.0
114.0
161.0
112.0
158.0
115.0
154.0
117.0
106.0
161.0
116.0
158.0
113.0
162.0
111.0
115.0
105.0
121.0
160.0
110.0
119.0
113.0
114.0
117.0
114.0
158.0
112.0
119.0
115.0
112.0
155.0
114.0
116.0
109.0
112.0
114.0
160.0
112.0
157.0
115.0
108.0
155.0
115.0
154.0
117.0
118.0
159.0
117.0
115.0
155.0
115.0
157.0
117.0
163.0
119.0
155.0
117.0
111.0
121.0
113.0
161.0
116.0
157.0
109.0
114.0
116.0
113.0
163.0
116.0
158.0
112.0
157.0
117.0
162.0
112.0
118.0
160.0
109.0
160.0
118.0
162.0
118.0
121.0
113.0
117.0
160.0
115.0
92.0
115.0
161.0
117.0
162.0
112.0
161.0
253.0
159.0
119.0
164.0
114.0
161.0
200.0
118.0
162.0
115.0
161.0
111.0
157.0
116.0
117.0
161.0
112.0
118.0
338.0
117.0
156.0
115.0
160.0
115.0
156.0
120.0
160.0
270.0
157.0
109.0
104.0
163.0
117.0
157.0
237.0
157.0
113.0
157.0
118.0
112.0
162.0
113.0
158.0
118.0
118.0
154.0
112.0
158.0
116.0
117.0
111.0
157.0
117.0
118.0
160.0
115.0
160.0
117.0
160.0
104.0
161.0
172.0
185.0
111.0
114.0
160.0
114.0
162.0
116.0
115.0
157.0
105.0
113.0
158.0
113.0
115.0
157.0
111.0
170.0
112.0
162.0
114.0
160.0
117.0
155.0
102.0
162.0
112.0
162.0
116.0
163.0
114.0
115.0
161.0
121.0
115.0
162.0
114.0
110.0
159.0
121.0
160.0
114.0
160.0
118.0
162.0
112.0
105.0
113.0
156.0
117.0
157.0
116.0
119.0
153.0
448.0
117.0
114.0
116.0
160.0
117.0
161.0
117.0
157.0
99.0
158.0
115.0
118.0
114.0
119.0
105.0
111.0
117.0
158.0
113.0
116.0
117.0
154.0
116.0
160.0
117.0
118.0
111.0
158.0
114.0
113.0
161.0
104.0
160.0
114.0
120.0
111.0
160.0
116.0
162.0
115.0
117.0
110.0
158.0
114.0
115.0
119.0
113.0
117.0
160.0
106.0
155.0
113.0
156.0
110.0
115.0
161.0
120.0
117.0
162.0
118.0
156.0
318.0
116.0
115.0
158.0
113.0
114.0
116.0
116.0
165.0
113.0
156.0
118.0
160.0
117.0
116.0
157.0
115.0
112.0
98.0
160.0
118.0
159.0
268.0
158.0
114.0
157.0
115.0
116.0
109.0
117.0
157.0
114.0
156.0
118.0
119.0
157.0
116.0
157.0
114.0
162.0
115.0
163.0
111.0
117.0
114.0
114.0
113.0
160.0
105.0
158.0
114.0
115.0
117.0
116.0
162.0
117.0
117.0
161.0
115.0
162.0
118.0
160.0
114.0
114.0
114.0
114.0
157.0
117.0
112.0
116.0
157.0
112.0
117.0
152.0
113.0
112.0
117.0
158.0
121.0
158.0
117.0
115.0
114.0
154.0
117.0
115.0
153.0
112.0
160.0
118.0
160.0
116.0
113.0
155.0
106.0
168.0
110.0
158.0
207.0
116.0
157.0
114.0
160.0
118.0
164.0
109.0
160.0
117.0
161.0
122.0
162.0
114.0
157.0
109.0
162.0
113.0
162.0
550.0
157.0
118.0
114.0
154.0
119.0
114.0
156.0
118.0
161.0
111.0
98.0
113.0
160.0
110.0
114.0
116.0
118.0
162.0
116.0
179.0
160.0
114.0
164.0
114.0
158.0
119.0
158.0
114.0
160.0
110.0
156.0
120.0
109.0
163.0
106.0
117.0
119.0
115.0
118.0
154.0
112.0
160.0
114.0
165.0
115.0
116.0
161.0
213.0
117.0
115.0
114.0
117.0
120.0
114.0
116.0
160.0
181.0
160.0
116.0
116.0
162.0
116.0
160.0
121.0
161.0
354.0
157.0
117.0
157.0
365.0
160.0
113.0
109.0
116.0
162.0
96.0
162.0
114.0
113.0
160.0
116.0
157.0
114.0
162.0
110.0
163.0
117.0
119.0
113.0
158.0
114.0
160.0
113.0
162.0
111.0
161.0
116.0
158.0
118.0
160.0
114.0
160.0
102.0
160.0
113.0
113.0
114.0
161.0
119.0
157.0
107.0
156.0
116.0
109.0
160.0
115.0
114.0
161.0
118.0
113.0
162.0
108.0
160.0
115.0
158.0
104.0
118.0
153.0
118.0
107.0
111.0
158.0
117.0
116.0
161.0
115.0
120.0
115.0
161.0
117.0
119.0
117.0
117.0
