142.0
145.0
141.0
142.0
148.0
174.0
139.0
178.0
139.0
177.0
141.0
142.0
141.0
172.0
139.0
177.0
144.0
173.0
176.0
145.0
174.0
145.0
178.0
393.0
139.0
146.0
143.0
172.0
141.0
135.0
171.0
140.0
138.0
131.0
178.0
153.0
173.0
145.0
178.0
144.0
178.0
139.0
173.0
139.0
180.0
144.0
177.0
138.0
176.0
140.0
148.0
134.0
180.0
141.0
175.0
144.0
172.0
149.0
144.0
146.0
176.0
140.0
141.0
145.0
173.0
137.0
150.0
173.0
142.0
146.0
143.0
144.0
174.0
147.0
136.0
142.0
176.0
141.0
170.0
130.0
177.0
141.0
173.0
144.0
140.0
142.0
172.0
142.0
177.0
138.0
175.0
139.0
175.0
137.0
174.0
144.0
173.0
138.0
406.0
177.0
140.0
144.0
173.0
138.0
173.0
139.0
178.0
138.0
173.0
140.0
172.0
140.0
142.0
173.0
143.0
174.0
140.0
172.0
257.0
173.0
142.0
174.0
138.0
180.0
141.0
144.0
176.0
142.0
176.0
141.0
178.0
137.0
144.0
173.0
131.0
178.0
144.0
175.0
145.0
177.0
133.0
139.0
141.0
178.0
136.0
144.0
139.0
175.0
141.0
141.0
173.0
140.0
175.0
139.0
175.0
145.0
170.0
137.0
142.0
174.0
138.0
175.0
144.0
144.0
142.0
173.0
265.0
176.0
138.0
140.0
174.0
139.0
181.0
141.0
173.0
141.0
173.0
144.0
178.0
144.0
174.0
144.0
177.0
144.0
179.0
146.0
140.0
178.0
138.0
176.0
427.0
170.0
139.0
174.0
139.0
177.0
143.0
138.0
177.0
141.0
173.0
139.0
331.0
174.0
141.0
176.0
141.0
176.0
127.0
174.0
137.0
173.0
111.0
186.0
134.0
179.0
133.0
178.0
142.0
139.0
171.0
137.0
174.0
141.0
175.0
146.0
174.0
213.0
173.0
145.0
172.0
142.0
180.0
137.0
178.0
142.0
145.0
176.0
145.0
137.0
139.0
145.0
134.0
174.0
145.0
138.0
149.0
144.0
145.0
134.0
178.0
145.0
145.0
139.0
141.0
174.0
144.0
173.0
140.0
177.0
139.0
173.0
142.0
179.0
142.0
139.0
175.0
141.0
173.0
141.0
174.0
138.0
176.0
142.0
177.0
144.0
176.0
144.0
176.0
146.0
148.0
176.0
134.0
177.0
141.0
139.0
171.0
140.0
177.0
136.0
175.0
141.0
173.0
144.0
173.0
144.0
141.0
141.0
144.0
175.0
145.0
171.0
142.0
142.0
144.0
141.0
178.0
140.0
173.0
142.0
138.0
175.0
138.0
177.0
143.0
174.0
140.0
178.0
144.0
177.0
143.0
174.0
144.0
170.0
138.0
144.0
144.0
178.0
143.0
141.0
181.0
149.0
146.0
175.0
133.0
175.0
143.0
178.0
141.0
141.0
143.0
176.0
146.0
138.0
171.0
550.0
163.0
143.0
175.0
145.0
143.0
137.0
144.0
141.0
144.0
174.0
142.0
173.0
142.0
176.0
146.0
176.0
139.0
177.0
143.0
141.0
141.0
177.0
139.0
142.0
138.0
143.0
143.0
172.0
147.0
144.0
176.0
142.0
176.0
144.0
174.0
191.0
133.0
142.0
146.0
173.0
141.0
170.0
145.0
174.0
142.0
138.0
177.0
141.0
133.0
178.0
141.0
177.0
142.0
268.0
146.0
144.0
173.0
145.0
174.0
141.0
177.0
145.0
179.0
148.0
142.0
136.0
144.0
142.0
172.0
148.0
137.0
178.0
138.0
170.0
449.0
139.0
178.0
140.0
172.0
141.0
173.0
140.0
177.0
142.0
171.0
144.0
136.0
175.0
143.0
173.0
144.0
143.0
177.0
138.0
175.0
139.0
169.0
146.0
175.0
145.0
174.0
141.0
145.0
173.0
140.0
177.0
145.0
141.0
173.0
142.0
142.0
137.0
141.0
175.0
141.0
489.0
136.0
180.0
141.0
137.0
139.0
142.0
180.0
145.0
171.0
146.0
173.0
144.0
142.0
177.0
139.0
175.0
141.0
145.0
145.0
174.0
139.0
142.0
176.0
149.0
141.0
143.0
137.0
148.0
138.0
178.0
147.0
141.0
174.0
142.0
147.0
174.0
144.0
142.0
176.0
138.0
175.0
141.0
146.0
174.0
138.0
178.0
145.0
143.0
142.0
144.0
140.0
176.0
137.0
141.0
174.0
141.0
139.0
176.0
139.0
177.0
145.0
174.0
140.0
173.0
139.0
141.0
174.0
139.0
142.0
141.0
173.0
140.0
174.0
150.0
176.0
138.0
174.0
147.0
144.0
175.0
144.0
133.0
176.0
148.0
177.0
144.0
177.0
141.0
174.0
142.0
144.0
144.0
144.0
176.0
142.0
145.0
142.0
177.0
147.0
172.0
142.0
176.0
140.0
138.0
175.0
141.0
171.0
137.0
138.0
137.0
174.0
148.0
146.0
179.0
139.0
171.0
144.0
177.0
141.0
141.0
174.0
139.0
176.0
143.0
174.0
138.0
176.0
146.0
136.0
177.0
141.0
177.0
145.0
460.0
170.0
141.0
177.0
144.0
171.0
145.0
170.0
146.0
141.0
173.0
140.0
566.0
157.0
141.0
176.0
145.0
173.0
141.0
174.0
143.0
148.0
145.0
178.0
133.0
176.0
145.0
134.0
178.0
141.0
141.0
171.0
146.0
144.0
172.0
141.0
180.0
145.0
180.0
139.0
142.0
177.0
141.0
144.0
140.0
142.0
145.0
141.0
177.0
142.0
172.0
272.0
139.0
174.0
277.0
146.0
144.0
174.0
144.0
172.0
144.0
148.0
141.0
176.0
145.0
142.0
142.0
174.0
148.0
174.0
138.0
194.0
141.0
170.0
141.0
140.0
141.0
177.0
142.0
176.0
140.0
144.0
179.0
141.0
171.0
143.0
179.0
145.0
175.0
147.0
177.0
140.0
173.0
144.0
137.0
172.0
141.0
141.0
178.0
145.0
175.0
144.0
146.0
172.0
144.0
173.0
136.0
148.0
142.0
148.0
175.0
146.0
172.0
142.0
175.0
146.0
170.0
131.0
177.0
145.0
149.0
178.0
145.0
141.0
174.0
142.0
177.0
138.0
170.0
144.0
177.0
140.0
141.0
145.0
178.0
143.0
177.0
141.0
175.0
141.0
180.0
141.0
173.0
141.0
174.0
139.0
136.0
124.0
178.0
146.0
173.0
141.0
144.0
179.0
141.0
141.0
172.0
133.0
176.0
144.0
142.0
175.0
481.0
172.0
141.0
141.0
144.0
142.0
175.0
141.0
172.0
139.0
175.0
140.0
175.0
146.0
177.0
137.0
146.0
141.0
139.0
140.0
174.0
144.0
137.0
177.0
145.0
177.0
133.0
175.0
142.0
147.0
174.0
142.0
138.0
174.0
139.0
174.0
136.0
139.0
171.0
138.0
171.0
137.0
144.0
177.0
140.0
141.0
139.0
173.0
142.0
141.0
174.0
140.0
145.0
140.0
178.0
141.0
174.0
165.0
139.0
171.0
142.0
141.0
176.0
147.0
141.0
141.0
146.0
177.0
142.0
144.0
148.0
141.0
146.0
144.0
173.0
140.0
176.0
137.0
175.0
142.0
173.0
144.0
174.0
141.0
176.0
146.0
173.0
130.0
174.0
144.0
144.0
142.0
126.0
173.0
144.0
174.0
145.0
177.0
149.0
173.0
145.0
174.0
150.0
146.0
143.0
176.0
134.0
178.0
146.0
178.0
135.0
170.0
143.0
174.0
139.0
148.0
174.0
144.0
178.0
145.0
137.0
146.0
130.0
170.0
141.0
144.0
174.0
136.0
180.0
145.0
174.0
138.0
174.0
145.0
173.0
125.0
140.0
172.0
142.0
176.0
140.0
177.0
141.0
175.0
139.0
178.0
142.0
174.0
141.0
142.0
175.0
144.0
177.0
143.0
135.0
144.0
141.0
173.0
141.0
139.0
176.0
142.0
176.0
140.0
177.0
137.0
383.0
143.0
146.0
177.0
141.0
172.0
139.0
174.0
141.0
138.0
173.0
138.0
175.0
139.0
173.0
145.0
177.0
144.0
139.0
145.0
176.0
139.0
173.0
149.0
142.0
174.0
145.0
175.0
400.0
141.0
178.0
143.0
176.0
140.0
177.0
142.0
178.0
144.0
145.0
178.0
141.0
170.0
139.0
173.0
144.0
141.0
132.0
175.0
138.0
178.0
148.0
171.0
140.0
142.0
141.0
145.0
173.0
145.0
175.0
141.0
177.0
142.0
149.0
130.0
176.0
140.0
143.0
143.0
173.0
141.0
141.0
173.0
214.0
172.0
144.0
137.0
146.0
136.0
175.0
146.0
180.0
140.0
175.0
144.0
178.0
148.0
141.0
148.0
168.0
147.0
171.0
142.0
141.0
180.0
144.0
180.0
139.0
175.0
134.0
175.0
147.0
143.0
176.0
142.0
174.0
142.0
174.0
143.0
142.0
141.0
141.0
176.0
144.0
180.0
141.0
145.0
173.0
144.0
178.0
142.0
178.0
141.0
148.0
171.0
140.0
178.0
122.0
178.0
140.0
144.0
177.0
139.0
172.0
143.0
173.0
133.0
135.0
178.0
138.0
139.0
140.0
179.0
142.0
144.0
175.0
142.0
141.0
175.0
122.0
176.0
137.0
146.0
144.0
144.0
146.0
173.0
141.0
171.0
149.0
175.0
145.0
141.0
171.0
146.0
143.0
176.0
142.0
175.0
144.0
144.0
176.0
141.0
167.0
144.0
174.0
145.0
176.0
134.0
178.0
137.0
177.0
149.0
173.0
144.0
141.0
142.0
178.0
138.0
176.0
140.0
179.0
145.0
142.0
137.0
144.0
140.0
174.0
141.0
144.0
137.0
180.0
139.0
180.0
139.0
175.0
142.0
176.0
142.0
178.0
136.0
181.0
140.0
176.0
145.0
146.0
181.0
144.0
141.0
172.0
144.0
172.0
136.0
175.0
144.0
173.0
146.0
142.0
141.0
177.0
191.0
173.0
140.0
171.0
146.0
180.0
141.0
174.0
142.0
177.0
145.0
175.0
136.0
172.0
136.0
175.0
142.0
174.0
142.0
147.0
175.0
137.0
178.0
140.0
141.0
148.0
172.0
146.0
143.0
176.0
144.0
173.0
146.0
174.0
147.0
144.0
141.0
175.0
138.0
531.0
169.0
141.0
171.0
146.0
141.0
142.0
173.0
139.0
142.0
176.0
147.0
168.0
134.0
176.0
143.0
174.0
144.0
178.0
147.0
181.0
144.0
142.0
174.0
146.0
139.0
172.0
148.0
139.0
144.0
145.0
141.0
172.0
141.0
144.0
176.0
141.0
174.0
145.0
173.0
145.0
171.0
138.0
178.0
139.0
174.0
140.0
146.0
171.0
138.0
174.0
142.0
172.0
145.0
174.0
145.0
143.0
145.0
142.0
142.0
172.0
144.0
174.0
142.0
180.0
143.0
177.0
142.0
138.0
144.0
136.0
172.0
139.0
144.0
173.0
141.0
173.0
141.0
139.0
144.0
145.0
140.0
178.0
142.0
142.0
182.0
140.0
180.0
138.0
177.0
140.0
172.0
141.0
145.0
146.0
175.0
141.0
175.0
143.0
139.0
138.0
139.0
178.0
148.0
177.0
141.0
141.0
178.0
143.0
141.0
178.0
140.0
144.0
140.0
140.0
173.0
133.0
173.0
144.0
173.0
144.0
146.0
144.0
151.0
173.0
142.0
146.0
146.0
145.0
173.0
145.0
175.0
148.0
177.0
135.0
144.0
145.0
105.0
193.0
143.0
144.0
139.0
177.0
143.0
172.0
143.0
146.0
174.0
134.0
177.0
144.0
141.0
142.0
173.0
138.0
177.0
121.0
185.0
145.0
142.0
146.0
175.0
147.0
141.0
144.0
174.0
141.0
125.0
179.0
148.0
144.0
139.0
140.0
147.0
144.0
170.0
141.0
144.0
176.0
141.0
138.0
142.0
175.0
143.0
144.0
493.0
139.0
178.0
142.0
176.0
137.0
141.0
171.0
142.0
139.0
171.0
144.0
174.0
139.0
178.0
146.0
140.0
145.0
142.0
142.0
144.0
173.0
146.0
147.0
177.0
139.0
143.0
174.0
143.0
175.0
141.0
140.0
144.0
181.0
141.0
144.0
171.0
134.0
178.0
145.0
144.0
139.0
132.0
170.0
144.0
141.0
173.0
144.0
139.0
142.0
175.0
201.0
138.0
179.0
146.0
175.0
145.0
178.0
146.0
143.0
173.0
146.0
178.0
144.0
178.0
141.0
171.0
144.0
174.0
144.0
146.0
171.0
131.0
138.0
140.0
176.0
146.0
172.0
139.0
125.0
177.0
139.0
313.0
135.0
201.0
141.0
144.0
176.0
139.0
135.0
177.0
145.0
176.0
145.0
173.0
141.0
143.0
177.0
139.0
129.0
142.0
144.0
176.0
139.0
140.0
138.0
170.0
144.0
144.0
176.0
138.0
144.0
170.0
146.0
176.0
143.0
174.0
144.0
137.0
144.0
145.0
177.0
144.0
179.0
138.0
142.0
176.0
139.0
140.0
141.0
174.0
145.0
144.0
172.0
145.0
144.0
142.0
175.0
138.0
140.0
141.0
142.0
175.0
138.0
141.0
173.0
144.0
145.0
173.0
141.0
178.0
141.0
177.0
141.0
140.0
174.0
141.0
173.0
143.0
179.0
145.0
133.0
174.0
142.0
142.0
175.0
140.0
169.0
138.0
173.0
146.0
134.0
179.0
136.0
169.0
146.0
177.0
149.0
173.0
135.0
198.0
176.0
141.0
174.0
141.0
138.0
141.0
138.0
171.0
143.0
139.0
145.0
177.0
144.0
140.0
144.0
144.0
173.0
142.0
144.0
149.0
173.0
141.0
136.0
146.0
142.0
141.0
144.0
146.0
173.0
132.0
134.0
176.0
132.0
180.0
144.0
117.0
179.0
148.0
170.0
140.0
139.0
175.0
140.0
141.0
170.0
142.0
173.0
137.0
175.0
145.0
139.0
173.0
141.0
175.0
139.0
181.0
138.0
170.0
138.0
173.0
145.0
173.0
140.0
177.0
139.0
141.0
178.0
140.0
173.0
142.0
178.0
141.0
142.0
175.0
141.0
180.0
133.0
173.0
138.0
142.0
171.0
145.0
141.0
178.0
139.0
171.0
137.0
174.0
140.0
176.0
142.0
175.0
144.0
173.0
139.0
142.0
140.0
141.0
136.0
139.0
177.0
144.0
173.0
138.0
172.0
137.0
174.0
133.0
177.0
141.0
141.0
176.0
139.0
176.0
140.0
173.0
144.0
180.0
142.0
143.0
176.0
150.0
136.0
176.0
141.0
172.0
145.0
142.0
170.0
138.0
174.0
145.0
142.0
174.0
146.0
146.0
146.0
176.0
142.0
173.0
139.0
173.0
139.0
144.0
179.0
142.0
173.0
132.0
181.0
134.0
174.0
221.0
175.0
140.0
180.0
144.0
144.0
173.0
146.0
178.0
144.0
177.0
142.0
170.0
142.0
139.0
143.0
173.0
136.0
146.0
140.0
140.0
172.0
138.0
142.0
144.0
174.0
138.0
181.0
146.0
174.0
146.0
177.0
136.0
179.0
146.0
179.0
133.0
179.0
145.0
144.0
177.0
144.0
139.0
173.0
144.0
140.0
146.0
130.0
169.0
145.0
177.0
144.0
177.0
141.0
145.0
177.0
144.0
179.0
141.0
176.0
139.0
178.0
137.0
178.0
145.0
178.0
142.0
173.0
141.0
174.0
141.0
175.0
138.0
178.0
142.0
148.0
141.0
144.0
145.0
144.0
142.0
145.0
178.0
139.0
179.0
141.0
144.0
143.0
178.0
146.0
142.0
176.0
144.0
173.0
142.0
174.0
138.0
141.0
174.0
146.0
170.0
136.0
173.0
142.0
136.0
178.0
136.0
180.0
137.0
177.0
144.0
144.0
149.0
140.0
177.0
142.0
171.0
147.0
176.0
141.0
177.0
142.0
173.0
292.0
176.0
145.0
171.0
144.0
174.0
143.0
178.0
140.0
176.0
146.0
144.0
179.0
141.0
146.0
141.0
170.0
144.0
176.0
142.0
174.0
140.0
176.0
147.0
174.0
142.0
142.0
141.0
173.0
138.0
174.0
144.0
178.0
138.0
173.0
142.0
136.0
141.0
234.0
173.0
148.0
172.0
141.0
177.0
146.0
140.0
176.0
141.0
177.0
144.0
173.0
142.0
177.0
144.0
174.0
142.0
144.0
146.0
173.0
143.0
142.0
178.0
141.0
143.0
177.0
132.0
176.0
128.0
178.0
142.0
178.0
146.0
181.0
133.0
142.0
144.0
140.0
137.0
179.0
140.0
147.0
174.0
143.0
139.0
174.0
146.0
176.0
138.0
174.0
145.0
172.0
145.0
138.0
142.0
145.0
142.0
138.0
171.0
141.0
130.0
175.0
144.0
176.0
144.0
173.0
144.0
174.0
144.0
141.0
130.0
176.0
137.0
138.0
178.0
145.0
144.0
172.0
137.0
171.0
141.0
174.0
144.0
135.0
145.0
175.0
145.0
148.0
141.0
142.0
174.0
142.0
178.0
144.0
173.0
148.0
173.0
142.0
175.0
144.0
176.0
144.0
176.0
141.0
179.0
141.0
177.0
149.0
141.0
141.0
146.0
146.0
146.0
174.0
136.0
141.0
139.0
144.0
173.0
146.0
178.0
144.0
174.0
147.0
179.0
127.0
184.0
141.0
175.0
132.0
177.0
214.0
141.0
180.0
142.0
172.0
140.0
176.0
144.0
174.0
136.0
179.0
140.0
176.0
141.0
176.0
139.0
176.0
141.0
176.0
141.0
142.0
174.0
139.0
176.0
144.0
146.0
138.0
178.0
138.0
144.0
173.0
140.0
180.0
140.0
178.0
145.0
173.0
144.0
141.0
146.0
142.0
142.0
176.0
142.0
179.0
146.0
178.0
142.0
168.0
144.0
171.0
139.0
146.0
140.0
178.0
213.0
170.0
145.0
144.0
166.0
140.0
174.0
239.0
174.0
146.0
145.0
177.0
146.0
178.0
137.0
140.0
174.0
140.0
185.0
144.0
141.0
144.0
174.0
145.0
173.0
141.0
175.0
138.0
146.0
177.0
146.0
175.0
241.0
142.0
174.0
136.0
142.0
174.0
130.0
180.0
140.0
145.0
180.0
146.0
170.0
144.0
177.0
141.0
136.0
144.0
133.0
141.0
175.0
143.0
178.0
141.0
176.0
141.0
174.0
141.0
174.0
141.0
177.0
140.0
173.0
142.0
173.0
137.0
177.0
143.0
173.0
144.0
174.0
140.0
171.0
141.0
176.0
142.0
136.0
176.0
139.0
180.0
142.0
141.0
177.0
126.0
175.0
137.0
176.0
142.0
176.0
142.0
180.0
145.0
173.0
142.0
146.0
138.0
138.0
172.0
145.0
173.0
138.0
141.0
174.0
147.0
177.0
138.0
176.0
145.0
173.0
145.0
173.0
145.0
172.0
144.0
147.0
138.0
143.0
172.0
230.0
174.0
141.0
176.0
141.0
144.0
146.0
137.0
169.0
146.0
139.0
143.0
141.0
174.0
145.0
139.0
148.0
177.0
143.0
174.0
143.0
173.0
141.0
142.0
173.0
129.0
176.0
136.0
174.0
144.0
178.0
139.0
138.0
144.0
138.0
170.0
146.0
142.0
176.0
141.0
141.0
175.0
143.0
142.0
141.0
170.0
140.0
174.0
146.0
177.0
141.0
144.0
178.0
142.0
173.0
141.0
169.0
141.0
144.0
138.0
180.0
144.0
173.0
145.0
139.0
173.0
138.0
141.0
221.0
144.0
177.0
141.0
174.0
148.0
172.0
146.0
174.0
141.0
176.0
144.0
144.0
180.0
141.0
180.0
147.0
174.0
140.0
174.0
143.0
140.0
180.0
139.0
118.0
181.0
140.0
173.0
144.0
176.0
139.0
144.0
173.0
145.0
144.0
144.0
142.0
142.0
170.0
145.0
141.0
174.0
141.0
173.0
138.0
174.0
146.0
174.0
144.0
176.0
142.0
182.0
141.0
176.0
139.0
144.0
171.0
141.0
175.0
140.0
174.0
142.0
178.0
142.0
146.0
176.0
141.0
131.0
175.0
143.0
173.0
142.0
177.0
135.0
144.0
179.0
138.0
173.0
146.0
174.0
145.0
178.0
140.0
144.0
136.0
176.0
128.0
144.0
175.0
141.0
146.0
141.0
139.0
144.0
173.0
145.0
172.0
144.0
140.0
137.0
175.0
136.0
178.0
134.0
178.0
145.0
144.0
175.0
135.0
176.0
141.0
142.0
141.0
171.0
142.0
145.0
178.0
135.0
140.0
142.0
146.0
139.0
141.0
137.0
145.0
171.0
137.0
145.0
141.0
173.0
140.0
134.0
173.0
141.0
174.0
130.0
172.0
142.0
146.0
141.0
171.0
140.0
172.0
145.0
144.0
177.0
141.0
141.0
144.0
177.0
140.0
176.0
141.0
177.0
142.0
173.0
146.0
174.0
134.0
173.0
141.0
175.0
142.0
177.0
250.0
141.0
173.0
145.0
142.0
173.0
144.0
173.0
140.0
138.0
142.0
173.0
145.0
144.0
174.0
139.0
173.0
146.0
141.0
178.0
133.0
178.0
145.0
174.0
144.0
137.0
175.0
144.0
144.0
135.0
416.0
140.0
179.0
146.0
176.0
140.0
145.0
170.0
144.0
146.0
151.0
171.0
144.0
145.0
197.0
144.0
142.0
142.0
171.0
146.0
208.0
141.0
143.0
142.0
171.0
140.0
173.0
144.0
143.0
173.0
142.0
142.0
143.0
140.0
142.0
177.0
135.0
146.0
175.0
147.0
136.0
173.0
146.0
138.0
138.0
170.0
142.0
142.0
175.0
148.0
172.0
138.0
142.0
174.0
144.0
181.0
142.0
176.0
141.0
176.0
145.0
141.0
122.0
175.0
129.0
174.0
146.0
178.0
148.0
144.0
144.0
174.0
144.0
142.0
138.0
172.0
137.0
142.0
144.0
180.0
141.0
142.0
142.0
173.0
140.0
149.0
141.0
174.0
142.0
138.0
143.0
175.0
142.0
136.0
140.0
178.0
142.0
144.0
172.0
141.0
175.0
141.0
174.0
141.0
174.0
146.0
141.0
177.0
142.0
143.0
181.0
138.0
176.0
142.0
141.0
178.0
145.0
141.0
139.0
139.0
139.0
177.0
144.0
177.0
146.0
144.0
133.0
171.0
141.0
140.0
141.0
140.0
141.0
171.0
138.0
173.0
141.0
142.0
142.0
174.0
443.0
170.0
145.0
144.0
176.0
136.0
173.0
141.0
138.0
137.0
144.0
172.0
278.0
172.0
144.0
173.0
142.0
145.0
138.0
174.0
140.0
139.0
171.0
138.0
172.0
145.0
141.0
175.0
146.0
181.0
144.0
141.0
173.0
275.0
142.0
141.0
176.0
140.0
174.0
137.0
177.0
138.0
178.0
147.0
176.0
135.0
176.0
132.0
175.0
144.0
146.0
143.0
174.0
138.0
145.0
141.0
147.0
176.0
144.0
144.0
170.0
142.0
138.0
175.0
144.0
140.0
177.0
288.0
177.0
145.0
174.0
132.0
177.0
141.0
178.0
144.0
143.0
177.0
142.0
140.0
137.0
145.0
141.0
141.0
170.0
141.0
171.0
129.0
178.0
144.0
175.0
141.0
171.0
141.0
178.0
146.0
176.0
144.0
145.0
177.0
144.0
143.0
141.0
138.0
176.0
144.0
140.0
175.0
142.0
146.0
173.0
145.0
169.0
140.0
172.0
140.0
145.0
141.0
172.0
144.0
172.0
141.0
173.0
142.0
174.0
145.0
175.0
145.0
141.0
174.0
139.0
142.0
174.0
144.0
175.0
141.0
175.0
140.0
176.0
146.0
144.0
141.0
144.0
144.0
178.0
140.0
171.0
138.0
175.0
118.0
184.0
146.0
140.0
177.0
141.0
141.0
141.0
174.0
144.0
145.0
145.0
145.0
173.0
144.0
173.0
137.0
177.0
135.0
174.0
141.0
144.0
143.0
173.0
141.0
174.0
141.0
139.0
175.0
140.0
146.0
174.0
139.0
177.0
139.0
139.0
176.0
145.0
145.0
465.0
174.0
140.0
175.0
132.0
176.0
144.0
142.0
144.0
143.0
172.0
142.0
145.0
141.0
142.0
178.0
139.0
140.0
169.0
139.0
177.0
145.0
142.0
141.0
179.0
147.0
173.0
141.0
142.0
180.0
142.0
175.0
140.0
174.0
142.0
173.0
144.0
141.0
146.0
173.0
145.0
180.0
294.0
142.0
174.0
144.0
178.0
146.0
175.0
140.0
175.0
141.0
180.0
146.0
140.0
146.0
174.0
146.0
173.0
142.0
175.0
144.0
141.0
176.0
138.0
136.0
177.0
145.0
175.0
146.0
137.0
145.0
135.0
178.0
306.0
174.0
142.0
140.0
138.0
142.0
206.0
173.0
140.0
173.0
143.0
175.0
141.0
145.0
142.0
176.0
141.0
170.0
140.0
176.0
140.0
173.0
133.0
142.0
180.0
136.0
176.0
146.0
144.0
172.0
141.0
173.0
142.0
172.0
139.0
144.0
175.0
141.0
145.0
139.0
141.0
141.0
173.0
143.0
178.0
146.0
175.0
141.0
178.0
141.0
144.0
141.0
176.0
139.0
173.0
141.0
173.0
418.0
173.0
144.0
139.0
170.0
136.0
178.0
142.0
137.0
175.0
145.0
175.0
139.0
173.0
138.0
149.0
173.0
141.0
174.0
144.0
176.0
137.0
176.0
145.0
175.0
144.0
173.0
144.0
176.0
145.0
179.0
141.0
140.0
177.0
143.0
144.0
173.0
144.0
146.0
144.0
173.0
145.0
175.0
143.0
174.0
146.0
144.0
140.0
170.0
141.0
174.0
139.0
145.0
138.0
175.0
141.0
140.0
173.0
142.0
136.0
171.0
138.0
146.0
143.0
176.0
137.0
147.0
171.0
145.0
145.0
173.0
144.0
139.0
175.0
146.0
141.0
175.0
133.0
146.0
177.0
138.0
146.0
170.0
143.0
175.0
145.0
174.0
142.0
145.0
141.0
137.0
176.0
138.0
141.0
174.0
140.0
178.0
145.0
176.0
147.0
178.0
138.0
139.0
172.0
147.0
143.0
175.0
143.0
173.0
138.0
145.0
141.0
174.0
138.0
174.0
144.0
178.0
132.0
175.0
144.0
140.0
173.0
140.0
171.0
143.0
179.0
370.0
138.0
178.0
144.0
142.0
175.0
141.0
173.0
145.0
174.0
130.0
175.0
142.0
138.0
145.0
173.0
136.0
144.0
141.0
144.0
143.0
142.0
174.0
142.0
149.0
146.0
176.0
140.0
138.0
176.0
140.0
175.0
139.0
138.0
171.0
133.0
173.0
144.0
174.0
142.0
138.0
170.0
148.0
177.0
134.0
180.0
150.0
175.0
146.0
173.0
141.0
144.0
144.0
173.0
135.0
142.0
178.0
142.0
176.0
142.0
140.0
171.0
140.0
173.0
134.0
178.0
142.0
171.0
141.0
176.0
135.0
174.0
136.0
179.0
139.0
179.0
141.0
176.0
143.0
175.0
148.0
143.0
173.0
140.0
177.0
139.0
173.0
143.0
178.0
141.0
137.0
173.0
144.0
179.0
144.0
144.0
174.0
141.0
178.0
137.0
175.0
141.0
138.0
170.0
137.0
136.0
177.0
132.0
146.0
138.0
141.0
143.0
173.0
142.0
146.0
134.0
177.0
146.0
171.0
145.0
141.0
181.0
144.0
141.0
177.0
141.0
176.0
144.0
141.0
429.0
170.0
141.0
139.0
173.0
144.0
181.0
141.0
173.0
135.0
181.0
144.0
175.0
143.0
173.0
145.0
145.0
142.0
173.0
145.0
138.0
175.0
134.0
144.0
140.0
168.0
140.0
171.0
142.0
171.0
134.0
173.0
144.0
144.0
142.0
176.0
350.0
170.0
146.0
141.0
173.0
139.0
136.0
177.0
145.0
179.0
143.0
174.0
144.0
139.0
178.0
144.0
141.0
143.0
174.0
138.0
145.0
180.0
139.0
145.0
173.0
242.0
141.0
173.0
141.0
141.0
145.0
143.0
140.0
144.0
144.0
169.0
141.0
168.0
145.0
145.0
176.0
143.0
141.0
175.0
145.0
177.0
140.0
176.0
138.0
173.0
143.0
173.0
139.0
177.0
139.0
177.0
149.0
142.0
143.0
145.0
144.0
144.0
144.0
174.0
140.0
144.0
140.0
176.0
139.0
173.0
141.0
141.0
143.0
173.0
145.0
172.0
145.0
144.0
180.0
145.0
140.0
141.0
144.0
144.0
137.0
174.0
137.0
175.0
144.0
172.0
138.0
174.0
141.0
174.0
137.0
141.0
141.0
170.0
143.0
180.0
137.0
145.0
143.0
142.0
180.0
144.0
146.0
171.0
145.0
179.0
142.0
176.0
140.0
144.0
173.0
145.0
244.0
144.0
179.0
138.0
146.0
143.0
129.0
178.0
136.0
173.0
143.0
178.0
119.0
174.0
145.0
141.0
141.0
175.0
141.0
169.0
146.0
174.0
92.0
197.0
142.0
172.0
142.0
176.0
141.0
142.0
141.0
139.0
174.0
143.0
174.0
141.0
176.0
148.0
173.0
142.0
144.0
174.0
144.0
176.0
142.0
172.0
141.0
143.0
142.0
132.0
142.0
170.0
130.0
174.0
142.0
140.0
142.0
174.0
139.0
175.0
143.0
172.0
208.0
174.0
140.0
177.0
143.0
176.0
144.0
176.0
138.0
178.0
143.0
179.0
141.0
176.0
129.0
173.0
208.0
170.0
141.0
146.0
171.0
141.0
179.0
144.0
170.0
146.0
173.0
142.0
149.0
173.0
140.0
140.0
176.0
138.0
177.0
142.0
141.0
142.0
177.0
139.0
144.0
177.0
144.0
176.0
145.0
177.0
142.0
140.0
138.0
140.0
174.0
141.0
141.0
146.0
144.0
178.0
144.0
173.0
145.0
142.0
177.0
141.0
178.0
141.0
144.0
178.0
139.0
175.0
140.0
135.0
143.0
133.0
140.0
139.0
175.0
145.0
180.0
138.0
119.0
176.0
135.0
146.0
170.0
114.0
178.0
146.0
176.0
142.0
145.0
142.0
141.0
168.0
144.0
143.0
143.0
137.0
141.0
176.0
145.0
146.0
170.0
141.0
176.0
140.0
178.0
141.0
174.0
491.0
171.0
144.0
175.0
133.0
173.0
148.0
141.0
142.0
174.0
145.0
173.0
142.0
173.0
144.0
170.0
143.0
142.0
176.0
141.0
175.0
141.0
143.0
177.0
148.0
176.0
137.0
173.0
145.0
172.0
147.0
141.0
177.0
144.0
173.0
141.0
173.0
145.0
175.0
144.0
173.0
149.0
176.0
148.0
143.0
138.0
143.0
177.0
144.0
170.0
141.0
142.0
172.0
144.0
142.0
144.0
172.0
148.0
174.0
130.0
174.0
146.0
140.0
176.0
141.0
173.0
138.0
136.0
174.0
139.0
141.0
177.0
143.0
138.0
177.0
492.0
144.0
176.0
137.0
175.0
141.0
142.0
173.0
140.0
141.0
174.0
107.0
183.0
139.0
141.0
144.0
140.0
142.0
175.0
139.0
148.0
174.0
145.0
176.0
141.0
145.0
174.0
145.0
178.0
141.0
142.0
178.0
140.0
173.0
276.0
134.0
173.0
141.0
176.0
141.0
144.0
176.0
142.0
144.0
173.0
148.0
138.0
176.0
138.0
175.0
142.0
144.0
181.0
137.0
177.0
148.0
146.0
173.0
140.0
178.0
141.0
143.0
141.0
177.0
138.0
142.0
177.0
142.0
172.0
143.0
176.0
138.0
176.0
136.0
139.0
141.0
174.0
150.0
170.0
113.0
183.0
144.0
172.0
142.0
121.0
178.0
143.0
176.0
141.0
144.0
174.0
142.0
141.0
143.0
175.0
139.0
140.0
174.0
142.0
140.0
173.0
138.0
173.0
141.0
143.0
145.0
170.0
126.0
177.0
429.0
173.0
130.0
138.0
138.0
174.0
131.0
137.0
138.0
144.0
142.0
178.0
140.0
140.0
142.0
179.0
140.0
137.0
173.0
144.0
177.0
137.0
176.0
614.0
142.0
142.0
149.0
173.0
142.0
586.0
144.0
141.0
139.0
142.0
144.0
176.0
144.0
138.0
174.0
140.0
178.0
145.0
176.0
132.0
170.0
133.0
144.0
171.0
142.0
176.0
144.0
141.0
180.0
145.0
173.0
141.0
145.0
146.0
174.0
140.0
144.0
140.0
143.0
174.0
142.0
175.0
142.0
178.0
142.0
142.0
177.0
514.0
170.0
144.0
141.0
173.0
142.0
174.0
140.0
140.0
175.0
141.0
144.0
170.0
145.0
142.0
172.0
139.0
139.0
171.0
138.0
138.0
141.0
170.0
134.0
174.0
142.0
124.0
177.0
136.0
176.0
139.0
175.0
140.0
178.0
147.0
141.0
172.0
142.0
177.0
139.0
174.0
141.0
172.0
140.0
173.0
135.0
176.0
140.0
176.0
145.0
145.0
169.0
140.0
138.0
141.0
141.0
173.0
146.0
141.0
177.0
143.0
177.0
138.0
180.0
145.0
141.0
173.0
144.0
136.0
143.0
172.0
90.0
196.0
142.0
145.0
142.0
173.0
131.0
173.0
141.0
145.0
176.0
144.0
144.0
177.0
144.0
138.0
144.0
138.0
141.0
174.0
141.0
177.0
146.0
139.0
172.0
141.0
177.0
142.0
147.0
175.0
139.0
174.0
138.0
140.0
144.0
171.0
261.0
170.0
145.0
142.0
173.0
142.0
138.0
177.0
147.0
141.0
173.0
138.0
144.0
145.0
177.0
139.0
174.0
141.0
171.0
138.0
170.0
140.0
138.0
173.0
145.0
173.0
135.0
178.0
140.0
138.0
142.0
141.0
176.0
141.0
146.0
142.0
178.0
138.0
146.0
178.0
145.0
139.0
141.0
176.0
142.0
146.0
141.0
254.0
130.0
143.0
172.0
142.0
170.0
146.0
141.0
174.0
144.0
141.0
141.0
142.0
140.0
145.0
142.0
141.0
175.0
141.0
174.0
144.0
176.0
146.0
142.0
177.0
142.0
170.0
141.0
181.0
140.0
131.0
174.0
141.0
171.0
145.0
173.0
141.0
176.0
146.0
136.0
174.0
147.0
174.0
142.0
174.0
139.0
175.0
146.0
175.0
143.0
176.0
141.0
175.0
143.0
142.0
147.0
172.0
134.0
175.0
140.0
173.0
136.0
175.0
146.0
146.0
144.0
140.0
176.0
136.0
138.0
177.0
141.0
173.0
144.0
138.0
175.0
144.0
140.0
177.0
137.0
173.0
138.0
180.0
145.0
146.0
173.0
141.0
173.0
144.0
144.0
142.0
117.0
178.0
142.0
141.0
146.0
175.0
147.0
178.0
142.0
145.0
144.0
175.0
139.0
174.0
140.0
177.0
145.0
144.0
173.0
141.0
174.0
140.0
177.0
143.0
174.0
146.0
178.0
140.0
144.0
139.0
137.0
145.0
141.0
141.0
143.0
146.0
173.0
140.0
178.0
139.0
173.0
142.0
171.0
145.0
141.0
146.0
175.0
197.0
145.0
172.0
136.0
177.0
245.0
141.0
173.0
146.0
170.0
140.0
173.0
140.0
137.0
144.0
146.0
179.0
144.0
144.0
143.0
141.0
178.0
140.0
102.0
188.0
153.0
177.0
149.0
143.0
174.0
147.0
142.0
176.0
140.0
142.0
172.0
143.0
170.0
141.0
138.0
130.0
125.0
176.0
141.0
175.0
143.0
144.0
176.0
146.0
146.0
176.0
139.0
134.0
172.0
124.0
177.0
137.0
137.0
178.0
141.0
142.0
146.0
474.0
133.0
178.0
138.0
173.0
290.0
144.0
173.0
141.0
174.0
142.0
172.0
140.0
174.0
141.0
172.0
142.0
174.0
144.0
172.0
142.0
141.0
176.0
138.0
170.0
145.0
173.0
144.0
173.0
139.0
144.0
142.0
141.0
178.0
142.0
174.0
145.0
174.0
144.0
178.0
145.0
138.0
179.0
141.0
141.0
170.0
140.0
174.0
146.0
145.0
177.0
145.0
144.0
178.0
141.0
171.0
143.0
174.0
141.0
150.0
176.0
139.0
181.0
146.0
139.0
175.0
142.0
134.0
178.0
139.0
142.0
144.0
141.0
145.0
142.0
174.0
146.0
141.0
174.0
139.0
176.0
141.0
147.0
126.0
141.0
175.0
144.0
174.0
144.0
139.0
145.0
140.0
177.0
145.0
147.0
176.0
139.0
146.0
139.0
174.0
141.0
328.0
145.0
144.0
141.0
128.0
179.0
142.0
144.0
144.0
144.0
142.0
173.0
141.0
175.0
147.0
175.0
142.0
174.0
138.0
176.0
143.0
138.0
142.0
176.0
139.0
178.0
247.0
146.0
180.0
144.0
144.0
172.0
144.0
174.0
145.0
175.0
141.0
144.0
172.0
141.0
139.0
171.0
142.0
137.0
132.0
170.0
142.0
173.0
141.0
177.0
140.0
173.0
141.0
145.0
144.0
175.0
144.0
171.0
139.0
191.0
150.0
173.0
145.0
141.0
170.0
144.0
145.0
178.0
148.0
144.0
135.0
141.0
146.0
138.0
174.0
141.0
144.0
143.0
140.0
148.0
175.0
142.0
177.0
138.0
174.0
146.0
144.0
174.0
138.0
176.0
144.0
146.0
176.0
145.0
175.0
146.0
177.0
143.0
136.0
178.0
144.0
173.0
140.0
175.0
138.0
176.0
141.0
143.0
176.0
144.0
176.0
148.0
141.0
178.0
141.0
141.0
174.0
140.0
266.0
171.0
134.0
171.0
142.0
144.0
146.0
170.0
138.0
177.0
203.0
171.0
139.0
171.0
144.0
143.0
142.0
175.0
145.0
178.0
142.0
176.0
144.0
177.0
140.0
174.0
138.0
174.0
144.0
177.0
144.0
173.0
146.0
174.0
139.0
173.0
138.0
145.0
175.0
140.0
171.0
141.0
170.0
144.0
169.0
260.0
169.0
144.0
171.0
142.0
174.0
144.0
175.0
145.0
142.0
136.0
175.0
145.0
174.0
140.0
145.0
176.0
142.0
173.0
144.0
146.0
145.0
140.0
134.0
144.0
174.0
140.0
176.0
136.0
178.0
138.0
173.0
142.0
178.0
142.0
175.0
140.0
141.0
142.0
177.0
141.0
177.0
142.0
144.0
177.0
145.0
173.0
142.0
173.0
143.0
130.0
139.0
173.0
146.0
178.0
150.0
142.0
177.0
144.0
177.0
141.0
174.0
144.0
140.0
176.0
146.0
173.0
139.0
174.0
141.0
174.0
142.0
178.0
139.0
172.0
142.0
172.0
144.0
176.0
139.0
139.0
179.0
134.0
176.0
141.0
145.0
136.0
175.0
141.0
176.0
147.0
139.0
139.0
145.0
146.0
141.0
174.0
142.0
175.0
148.0
175.0
144.0
181.0
142.0
172.0
136.0
139.0
308.0
149.0
143.0
177.0
145.0
174.0
138.0
170.0
145.0
172.0
139.0
141.0
144.0
138.0
145.0
173.0
143.0
141.0
145.0
175.0
138.0
172.0
134.0
177.0
138.0
177.0
135.0
176.0
140.0
175.0
142.0
174.0
142.0
178.0
144.0
176.0
142.0
175.0
144.0
175.0
212.0
141.0
163.0
174.0
141.0
173.0
141.0
171.0
138.0
135.0
176.0
144.0
174.0
137.0
174.0
139.0
141.0
146.0
144.0
173.0
144.0
177.0
134.0
141.0
141.0
176.0
141.0
178.0
143.0
173.0
145.0
171.0
144.0
143.0
176.0
144.0
177.0
142.0
142.0
177.0
145.0
174.0
141.0
177.0
142.0
144.0
171.0
133.0
177.0
138.0
171.0
139.0
177.0
140.0
170.0
141.0
144.0
144.0
139.0
178.0
571.0
148.0
141.0
173.0
142.0
177.0
142.0
148.0
140.0
173.0
138.0
138.0
139.0
176.0
146.0
338.0
172.0
139.0
173.0
142.0
171.0
142.0
141.0
252.0
144.0
171.0
135.0
176.0
139.0
144.0
176.0
143.0
175.0
141.0
147.0
171.0
146.0
144.0
173.0
136.0
176.0
149.0
130.0
145.0
180.0
144.0
123.0
172.0
137.0
141.0
174.0
133.0
132.0
173.0
146.0
171.0
142.0
176.0
144.0
143.0
177.0
146.0
138.0
181.0
147.0
169.0
141.0
142.0
168.0
149.0
177.0
145.0
175.0
502.0
170.0
141.0
170.0
138.0
141.0
209.0
175.0
141.0
144.0
148.0
141.0
138.0
147.0
175.0
144.0
176.0
506.0
173.0
145.0
173.0
144.0
138.0
181.0
141.0
145.0
174.0
143.0
144.0
176.0
139.0
171.0
145.0
141.0
141.0
176.0
140.0
177.0
134.0
172.0
142.0
173.0
138.0
176.0
145.0
136.0
179.0
138.0
172.0
142.0
174.0
144.0
173.0
146.0
144.0
148.0
145.0
176.0
132.0
173.0
144.0
145.0
177.0
126.0
179.0
142.0
177.0
139.0
174.0
142.0
144.0
168.0
141.0
175.0
141.0
144.0
138.0
173.0
142.0
140.0
141.0
137.0
144.0
138.0
173.0
139.0
180.0
141.0
173.0
147.0
146.0
174.0
142.0
144.0
170.0
141.0
139.0
145.0
141.0
141.0
180.0
148.0
174.0
142.0
140.0
174.0
136.0
144.0
144.0
133.0
141.0
140.0
173.0
139.0
175.0
143.0
176.0
139.0
141.0
178.0
142.0
144.0
174.0
144.0
141.0
176.0
145.0
174.0
141.0
143.0
176.0
215.0
172.0
138.0
177.0
143.0
146.0
173.0
147.0
130.0
145.0
174.0
138.0
144.0
181.0
144.0
139.0
173.0
144.0
177.0
142.0
179.0
138.0
178.0
146.0
145.0
174.0
142.0
142.0
174.0
149.0
176.0
139.0
177.0
142.0
141.0
173.0
144.0
144.0
141.0
146.0
179.0
137.0
141.0
171.0
143.0
176.0
141.0
141.0
171.0
140.0
146.0
176.0
138.0
144.0
137.0
179.0
145.0
175.0
137.0
181.0
131.0
140.0
171.0
491.0
172.0
145.0
131.0
174.0
147.0
177.0
136.0
142.0
175.0
487.0
131.0
181.0
140.0
177.0
143.0
173.0
143.0
172.0
146.0
175.0
146.0
173.0
141.0
144.0
174.0
141.0
144.0
176.0
137.0
136.0
172.0
144.0
140.0
130.0
174.0
139.0
138.0
142.0
138.0
174.0
142.0
174.0
149.0
177.0
144.0
175.0
148.0
143.0
145.0
142.0
146.0
138.0
177.0
139.0
176.0
144.0
142.0
176.0
144.0
173.0
144.0
134.0
140.0
175.0
146.0
172.0
146.0
145.0
143.0
176.0
465.0
171.0
141.0
146.0
141.0
179.0
144.0
174.0
140.0
145.0
139.0
175.0
144.0
170.0
137.0
174.0
138.0
178.0
144.0
139.0
138.0
176.0
145.0
142.0
173.0
145.0
148.0
178.0
145.0
178.0
142.0
179.0
143.0
145.0
123.0
173.0
141.0
178.0
382.0
138.0
140.0
146.0
174.0
148.0
148.0
174.0
141.0
137.0
173.0
141.0
147.0
175.0
145.0
148.0
178.0
139.0
177.0
151.0
144.0
173.0
141.0
175.0
143.0
140.0
176.0
142.0
176.0
146.0
136.0
179.0
140.0
170.0
142.0
143.0
174.0
146.0
176.0
143.0
143.0
172.0
127.0
177.0
193.0
145.0
148.0
173.0
143.0
175.0
144.0
174.0
146.0
175.0
148.0
141.0
175.0
146.0
178.0
141.0
176.0
148.0
172.0
143.0
176.0
145.0
176.0
144.0
141.0
175.0
146.0
176.0
146.0
144.0
442.0
140.0
178.0
142.0
174.0
208.0
140.0
176.0
137.0
174.0
141.0
174.0
144.0
144.0
141.0
176.0
142.0
174.0
146.0
141.0
148.0
146.0
146.0
177.0
140.0
139.0
173.0
141.0
179.0
144.0
140.0
170.0
137.0
174.0
141.0
178.0
138.0
171.0
137.0
142.0
138.0
181.0
142.0
120.0
174.0
136.0
174.0
140.0
177.0
144.0
138.0
174.0
146.0
175.0
141.0
139.0
134.0
175.0
322.0
141.0
144.0
146.0
146.0
141.0
145.0
173.0
144.0
145.0
172.0
142.0
141.0
176.0
146.0
175.0
144.0
146.0
146.0
146.0
176.0
146.0
144.0
174.0
137.0
144.0
142.0
146.0
144.0
145.0
176.0
145.0
137.0
139.0
143.0
128.0
174.0
197.0
139.0
139.0
175.0
138.0
142.0
146.0
173.0
142.0
171.0
143.0
173.0
133.0
178.0
140.0
176.0
145.0
140.0
177.0
148.0
138.0
170.0
144.0
130.0
180.0
146.0
173.0
142.0
145.0
133.0
177.0
140.0
140.0
174.0
129.0
144.0
138.0
142.0
142.0
141.0
177.0
144.0
176.0
145.0
176.0
143.0
176.0
143.0
177.0
146.0
140.0
174.0
142.0
142.0
140.0
139.0
142.0
133.0
172.0
139.0
172.0
145.0
139.0
171.0
141.0
176.0
144.0
177.0
139.0
173.0
145.0
177.0
141.0
172.0
139.0
176.0
146.0
133.0
176.0
146.0
141.0
173.0
144.0
178.0
141.0
171.0
142.0
171.0
141.0
173.0
139.0
145.0
141.0
146.0
141.0
174.0
147.0
139.0
146.0
139.0
137.0
172.0
137.0
172.0
142.0
141.0
182.0
140.0
174.0
142.0
173.0
143.0
146.0
141.0
173.0
145.0
174.0
144.0
146.0
141.0
172.0
144.0
130.0
177.0
144.0
178.0
142.0
175.0
141.0
138.0
145.0
173.0
148.0
178.0
141.0
175.0
146.0
142.0
142.0
174.0
145.0
176.0
145.0
170.0
142.0
171.0
144.0
146.0
141.0
174.0
146.0
144.0
145.0
137.0
177.0
138.0
141.0
178.0
139.0
177.0
146.0
174.0
141.0
142.0
146.0
177.0
144.0
178.0
145.0
138.0
174.0
142.0
176.0
139.0
175.0
145.0
174.0
148.0
142.0
176.0
144.0
144.0
176.0
144.0
170.0
140.0
173.0
136.0
174.0
139.0
140.0
175.0
143.0
177.0
145.0
146.0
174.0
130.0
173.0
137.0
147.0
142.0
145.0
144.0
141.0
174.0
144.0
144.0
177.0
251.0
170.0
146.0
144.0
180.0
127.0
173.0
145.0
173.0
142.0
146.0
139.0
172.0
141.0
176.0
143.0
176.0
141.0
170.0
114.0
182.0
141.0
142.0
144.0
173.0
253.0
130.0
180.0
144.0
178.0
144.0
172.0
141.0
142.0
141.0
141.0
288.0
144.0
172.0
144.0
139.0
176.0
141.0
141.0
144.0
175.0
141.0
176.0
143.0
138.0
138.0
138.0
175.0
141.0
179.0
143.0
146.0
145.0
172.0
142.0
139.0
144.0
171.0
169.0
138.0
145.0
171.0
145.0
182.0
139.0
142.0
172.0
148.0
141.0
175.0
141.0
146.0
142.0
143.0
175.0
146.0
177.0
141.0
146.0
146.0
173.0
141.0
173.0
142.0
141.0
176.0
141.0
175.0
145.0
143.0
173.0
144.0
180.0
144.0
144.0
175.0
143.0
173.0
142.0
289.0
143.0
180.0
144.0
144.0
176.0
144.0
144.0
139.0
176.0
140.0
142.0
144.0
144.0
144.0
177.0
132.0
176.0
139.0
174.0
145.0
173.0
141.0
147.0
144.0
143.0
138.0
137.0
141.0
142.0
147.0
138.0
178.0
148.0
146.0
283.0
137.0
176.0
144.0
141.0
172.0
140.0
140.0
144.0
180.0
144.0
144.0
146.0
147.0
137.0
178.0
140.0
142.0
175.0
141.0
175.0
138.0
146.0
171.0
145.0
144.0
142.0
174.0
139.0
173.0
137.0
176.0
136.0
146.0
148.0
173.0
138.0
173.0
141.0
139.0
175.0
140.0
141.0
176.0
141.0
143.0
140.0
144.0
178.0
133.0
144.0
142.0
208.0
142.0
172.0
144.0
139.0
178.0
140.0
142.0
141.0
144.0
176.0
144.0
146.0
144.0
170.0
251.0
138.0
147.0
144.0
145.0
180.0
308.0
176.0
138.0
142.0
174.0
145.0
173.0
141.0
142.0
178.0
144.0
140.0
173.0
145.0
176.0
148.0
145.0
146.0
175.0
141.0
172.0
142.0
247.0
146.0
176.0
142.0
175.0
136.0
174.0
144.0
142.0
177.0
146.0
176.0
144.0
144.0
174.0
141.0
171.0
140.0
144.0
173.0
150.0
145.0
174.0
142.0
173.0
138.0
174.0
149.0
146.0
145.0
177.0
141.0
177.0
140.0
262.0
142.0
175.0
144.0
142.0
148.0
144.0
141.0
143.0
142.0
179.0
140.0
138.0
178.0
142.0
145.0
167.0
150.0
143.0
175.0
149.0
148.0
145.0
170.0
134.0
178.0
140.0
144.0
565.0
142.0
138.0
174.0
145.0
178.0
144.0
176.0
141.0
173.0
143.0
175.0
146.0
144.0
141.0
172.0
141.0
145.0
142.0
173.0
144.0
175.0
141.0
144.0
141.0
135.0
176.0
138.0
178.0
142.0
178.0
137.0
174.0
136.0
139.0
137.0
175.0
140.0
142.0
142.0
176.0
144.0
180.0
144.0
176.0
141.0
180.0
139.0
142.0
148.0
146.0
138.0
171.0
137.0
140.0
129.0
176.0
140.0
174.0
127.0
177.0
145.0
173.0
144.0
145.0
173.0
140.0
174.0
145.0
174.0
144.0
178.0
142.0
145.0
171.0
146.0
177.0
144.0
173.0
143.0
173.0
142.0
144.0
128.0
177.0
146.0
134.0
140.0
176.0
481.0
174.0
146.0
133.0
141.0
142.0
142.0
181.0
195.0
141.0
141.0
178.0
141.0
146.0
176.0
145.0
173.0
142.0
145.0
144.0
138.0
177.0
145.0
138.0
140.0
170.0
141.0
144.0
134.0
171.0
145.0
140.0
145.0
178.0
137.0
178.0
141.0
136.0
144.0
177.0
141.0
141.0
147.0
144.0
141.0
142.0
142.0
177.0
145.0
177.0
145.0
131.0
180.0
139.0
138.0
146.0
174.0
139.0
178.0
145.0
177.0
146.0
144.0
139.0
180.0
141.0
143.0
179.0
142.0
140.0
178.0
144.0
144.0
173.0
146.0
140.0
173.0
139.0
142.0
139.0
174.0
135.0
177.0
144.0
177.0
142.0
179.0
144.0
173.0
146.0
178.0
142.0
144.0
169.0
144.0
140.0
138.0
144.0
142.0
177.0
137.0
139.0
141.0
146.0
142.0
177.0
144.0
139.0
173.0
146.0
140.0
138.0
177.0
133.0
176.0
149.0
170.0
144.0
140.0
173.0
129.0
177.0
136.0
138.0
142.0
356.0
141.0
176.0
139.0
170.0
144.0
172.0
141.0
174.0
140.0
173.0
141.0
144.0
177.0
144.0
174.0
146.0
141.0
140.0
141.0
142.0
144.0
139.0
142.0
144.0
175.0
146.0
144.0
172.0
142.0
180.0
145.0
142.0
180.0
144.0
142.0
174.0
141.0
146.0
137.0
135.0
145.0
177.0
138.0
140.0
144.0
148.0
145.0
174.0
150.0
172.0
146.0
174.0
142.0
173.0
139.0
178.0
140.0
177.0
146.0
176.0
139.0
148.0
144.0
142.0
142.0
173.0
576.0
146.0
143.0
147.0
149.0
170.0
141.0
138.0
148.0
142.0
141.0
178.0
146.0
138.0
141.0
171.0
144.0
145.0
171.0
141.0
172.0
139.0
150.0
145.0
171.0
139.0
176.0
477.0
171.0
144.0
175.0
145.0
146.0
176.0
136.0
130.0
179.0
145.0
175.0
145.0
178.0
146.0
144.0
142.0
142.0
179.0
141.0
134.0
179.0
142.0
148.0
176.0
145.0
145.0
178.0
139.0
176.0
147.0
170.0
133.0
175.0
141.0
140.0
142.0
175.0
142.0
145.0
137.0
139.0
149.0
146.0
172.0
145.0
146.0
173.0
138.0
140.0
141.0
142.0
141.0
177.0
142.0
181.0
136.0
178.0
147.0
132.0
173.0
258.0
146.0
145.0
141.0
178.0
143.0
142.0
178.0
150.0
176.0
142.0
144.0
144.0
142.0
178.0
145.0
146.0
177.0
134.0
172.0
137.0
142.0
139.0
149.0
139.0
142.0
174.0
142.0
174.0
141.0
143.0
179.0
333.0
178.0
145.0
136.0
136.0
181.0
142.0
174.0
146.0
145.0
174.0
141.0
173.0
142.0
142.0
142.0
171.0
141.0
179.0
148.0
178.0
142.0
177.0
146.0
171.0
136.0
176.0
138.0
178.0
136.0
177.0
137.0
178.0
137.0
139.0
178.0
141.0
138.0
140.0
142.0
173.0
141.0
174.0
144.0
138.0
144.0
145.0
173.0
139.0
144.0
133.0
173.0
144.0
137.0
175.0
272.0
172.0
144.0
174.0
145.0
142.0
172.0
140.0
176.0
141.0
175.0
144.0
147.0
142.0
140.0
174.0
145.0
145.0
145.0
138.0
144.0
141.0
172.0
142.0
148.0
141.0
145.0
174.0
142.0
144.0
138.0
140.0
140.0
178.0
141.0
173.0
145.0
141.0
169.0
144.0
174.0
145.0
142.0
173.0
142.0
141.0
173.0
138.0
176.0
149.0
178.0
144.0
171.0
138.0
141.0
146.0
139.0
171.0
144.0
178.0
138.0
141.0
141.0
138.0
177.0
144.0
174.0
136.0
176.0
137.0
179.0
142.0
141.0
176.0
137.0
175.0
144.0
176.0
142.0
147.0
146.0
137.0
174.0
138.0
142.0
141.0
178.0
144.0
174.0
143.0
178.0
145.0
178.0
144.0
169.0
137.0
177.0
146.0
143.0
180.0
144.0
177.0
142.0
175.0
148.0
141.0
174.0
140.0
141.0
149.0
140.0
172.0
142.0
176.0
142.0
178.0
139.0
176.0
144.0
173.0
141.0
142.0
176.0
142.0
180.0
143.0
171.0
145.0
173.0
143.0
126.0
182.0
146.0
172.0
141.0
141.0
173.0
141.0
173.0
144.0
142.0
141.0
175.0
146.0
146.0
176.0
142.0
176.0
142.0
176.0
140.0
181.0
142.0
210.0
357.0
146.0
175.0
137.0
177.0
147.0
144.0
171.0
144.0
137.0
174.0
140.0
138.0
175.0
112.0
183.0
143.0
177.0
139.0
177.0
145.0
174.0
142.0
176.0
128.0
177.0
135.0
176.0
144.0
142.0
173.0
145.0
143.0
173.0
140.0
140.0
175.0
147.0
176.0
145.0
180.0
141.0
174.0
142.0
144.0
322.0
168.0
137.0
174.0
480.0
146.0
171.0
138.0
134.0
144.0
142.0
173.0
141.0
171.0
140.0
171.0
137.0
174.0
143.0
142.0
137.0
139.0
141.0
465.0
145.0
175.0
140.0
141.0
475.0
175.0
144.0
177.0
142.0
141.0
198.0
173.0
143.0
144.0
177.0
144.0
174.0
139.0
148.0
141.0
175.0
140.0
175.0
138.0
139.0
143.0
178.0
142.0
139.0
142.0
140.0
211.0
174.0
140.0
173.0
145.0
172.0
142.0
132.0
178.0
142.0
145.0
177.0
137.0
177.0
145.0
145.0
142.0
176.0
140.0
142.0
145.0
139.0
178.0
145.0
172.0
146.0
177.0
146.0
143.0
175.0
144.0
142.0
144.0
177.0
142.0
173.0
139.0
176.0
138.0
175.0
144.0
214.0
140.0
475.0
175.0
143.0
174.0
141.0
143.0
176.0
142.0
177.0
141.0
179.0
144.0
173.0
138.0
145.0
142.0
140.0
144.0
177.0
142.0
171.0
139.0
142.0
144.0
146.0
176.0
143.0
147.0
169.0
145.0
177.0
142.0
175.0
145.0
148.0
140.0
142.0
171.0
144.0
193.0
138.0
169.0
146.0
137.0
172.0
137.0
149.0
146.0
177.0
136.0
175.0
339.0
141.0
144.0
174.0
146.0
142.0
172.0
437.0
172.0
138.0
178.0
132.0
145.0
173.0
136.0
177.0
136.0
174.0
142.0
137.0
170.0
142.0
176.0
140.0
180.0
139.0
175.0
141.0
175.0
139.0
179.0
141.0
174.0
144.0
178.0
191.0
171.0
140.0
177.0
144.0
148.0
171.0
162.0
136.0
174.0
145.0
176.0
145.0
142.0
141.0
175.0
140.0
139.0
144.0
135.0
174.0
142.0
147.0
177.0
132.0
173.0
144.0
180.0
146.0
175.0
139.0
174.0
138.0
171.0
142.0
145.0
177.0
139.0
141.0
146.0
140.0
143.0
169.0
141.0
173.0
141.0
176.0
142.0
136.0
174.0
145.0
142.0
140.0
143.0
143.0
138.0
144.0
132.0
177.0
137.0
178.0
142.0
145.0
176.0
144.0
173.0
140.0
179.0
146.0
173.0
139.0
175.0
141.0
178.0
142.0
144.0
126.0
178.0
143.0
176.0
143.0
141.0
173.0
141.0
180.0
135.0
180.0
138.0
179.0
146.0
137.0
312.0
171.0
144.0
177.0
126.0
179.0
144.0
177.0
142.0
178.0
145.0
172.0
142.0
175.0
139.0
178.0
143.0
146.0
141.0
177.0
141.0
172.0
138.0
177.0
144.0
142.0
175.0
140.0
239.0
172.0
139.0
121.0
180.0
136.0
174.0
143.0
177.0
142.0
138.0
174.0
147.0
139.0
142.0
176.0
146.0
141.0
175.0
140.0
132.0
142.0
176.0
143.0
138.0
141.0
146.0
