116.0
117.0
120.0
116.0
122.0
149.0
117.0
150.0
118.0
152.0
119.0
116.0
117.0
147.0
113.0
154.0
117.0
143.0
144.0
147.0
147.0
117.0
150.0
114.0
117.0
119.0
118.0
146.0
124.0
114.0
146.0
117.0
114.0
111.0
151.0
117.0
152.0
119.0
155.0
123.0
154.0
118.0
151.0
114.0
151.0
114.0
155.0
118.0
149.0
119.0
122.0
111.0
153.0
116.0
153.0
119.0
145.0
120.0
120.0
120.0
151.0
118.0
113.0
121.0
148.0
115.0
187.0
149.0
116.0
118.0
119.0
122.0
150.0
116.0
111.0
117.0
153.0
118.0
146.0
105.0
148.0
113.0
151.0
121.0
115.0
117.0
149.0
119.0
149.0
119.0
148.0
122.0
149.0
117.0
146.0
177.0
149.0
119.0
110.0
148.0
120.0
118.0
147.0
116.0
149.0
116.0
153.0
115.0
153.0
118.0
149.0
112.0
120.0
144.0
118.0
148.0
114.0
149.0
119.0
146.0
115.0
149.0
113.0
154.0
119.0
119.0
148.0
116.0
155.0
119.0
150.0
113.0
118.0
147.0
98.0
148.0
124.0
159.0
120.0
149.0
109.0
119.0
120.0
151.0
114.0
122.0
117.0
145.0
120.0
114.0
148.0
117.0
148.0
117.0
148.0
124.0
151.0
118.0
118.0
152.0
113.0
146.0
117.0
357.0
116.0
146.0
122.0
146.0
117.0
121.0
149.0
118.0
155.0
117.0
150.0
117.0
149.0
114.0
151.0
121.0
146.0
121.0
153.0
121.0
152.0
122.0
237.0
150.0
109.0
150.0
114.0
148.0
116.0
151.0
122.0
151.0
187.0
112.0
146.0
117.0
150.0
114.0
112.0
146.0
112.0
149.0
117.0
152.0
106.0
149.0
112.0
148.0
86.0
160.0
113.0
153.0
109.0
152.0
117.0
114.0
146.0
118.0
149.0
118.0
146.0
118.0
148.0
117.0
146.0
120.0
148.0
117.0
151.0
116.0
148.0
118.0
119.0
151.0
122.0
115.0
117.0
124.0
114.0
148.0
123.0
117.0
121.0
120.0
119.0
438.0
151.0
117.0
121.0
114.0
119.0
149.0
115.0
149.0
120.0
152.0
118.0
149.0
117.0
150.0
115.0
117.0
148.0
118.0
149.0
118.0
149.0
114.0
149.0
117.0
154.0
120.0
147.0
120.0
150.0
118.0
120.0
149.0
110.0
150.0
118.0
114.0
148.0
120.0
147.0
110.0
149.0
121.0
147.0
117.0
150.0
117.0
116.0
116.0
119.0
151.0
117.0
145.0
120.0
118.0
117.0
120.0
151.0
117.0
148.0
118.0
178.0
150.0
110.0
151.0
117.0
149.0
118.0
152.0
121.0
151.0
115.0
148.0
118.0
146.0
116.0
117.0
119.0
153.0
119.0
118.0
154.0
121.0
123.0
145.0
109.0
148.0
118.0
150.0
115.0
118.0
117.0
151.0
118.0
178.0
149.0
104.0
149.0
116.0
152.0
116.0
121.0
113.0
115.0
119.0
120.0
149.0
117.0
149.0
119.0
149.0
120.0
150.0
113.0
150.0
116.0
115.0
117.0
147.0
121.0
117.0
112.0
118.0
114.0
153.0
122.0
121.0
151.0
118.0
149.0
121.0
151.0
116.0
113.0
114.0
118.0
149.0
116.0
145.0
117.0
152.0
117.0
117.0
154.0
117.0
110.0
150.0
119.0
151.0
119.0
122.0
118.0
120.0
147.0
122.0
149.0
116.0
149.0
121.0
152.0
121.0
119.0
115.0
118.0
118.0
146.0
121.0
113.0
152.0
117.0
149.0
112.0
114.0
152.0
118.0
147.0
115.0
147.0
114.0
150.0
115.0
149.0
121.0
117.0
153.0
118.0
148.0
119.0
113.0
146.0
114.0
151.0
119.0
147.0
120.0
152.0
121.0
148.0
118.0
122.0
149.0
118.0
152.0
117.0
117.0
146.0
118.0
117.0
116.0
116.0
148.0
115.0
112.0
117.0
150.0
121.0
114.0
116.0
119.0
149.0
112.0
148.0
123.0
155.0
117.0
119.0
149.0
115.0
152.0
116.0
119.0
117.0
149.0
117.0
118.0
148.0
117.0
120.0
114.0
118.0
120.0
118.0
149.0
120.0
116.0
147.0
121.0
116.0
148.0
118.0
120.0
149.0
116.0
150.0
119.0
271.0
150.0
116.0
152.0
120.0
117.0
122.0
120.0
119.0
149.0
111.0
115.0
149.0
117.0
114.0
151.0
111.0
151.0
117.0
149.0
117.0
148.0
112.0
118.0
150.0
116.0
119.0
118.0
147.0
122.0
149.0
123.0
150.0
115.0
152.0
120.0
118.0
148.0
114.0
552.0
150.0
120.0
149.0
118.0
151.0
118.0
147.0
116.0
117.0
119.0
117.0
149.0
118.0
117.0
119.0
149.0
121.0
145.0
119.0
150.0
117.0
114.0
150.0
119.0
149.0
112.0
116.0
115.0
147.0
122.0
117.0
150.0
117.0
146.0
120.0
153.0
120.0
117.0
152.0
115.0
146.0
118.0
148.0
108.0
151.0
121.0
114.0
150.0
117.0
151.0
118.0
111.0
148.0
120.0
149.0
117.0
149.0
121.0
145.0
116.0
115.0
150.0
114.0
103.0
152.0
120.0
152.0
117.0
145.0
117.0
149.0
116.0
122.0
120.0
150.0
110.0
151.0
117.0
109.0
151.0
113.0
118.0
148.0
122.0
120.0
148.0
117.0
152.0
116.0
148.0
114.0
119.0
150.0
114.0
117.0
116.0
118.0
122.0
118.0
152.0
116.0
146.0
118.0
118.0
148.0
121.0
118.0
122.0
151.0
116.0
153.0
116.0
118.0
117.0
150.0
120.0
118.0
117.0
152.0
186.0
149.0
114.0
116.0
110.0
146.0
117.0
118.0
118.0
152.0
116.0
150.0
117.0
118.0
150.0
118.0
143.0
120.0
152.0
117.0
150.0
121.0
151.0
115.0
149.0
121.0
114.0
149.0
115.0
116.0
153.0
125.0
148.0
112.0
117.0
148.0
116.0
151.0
470.0
118.0
120.0
122.0
149.0
120.0
149.0
116.0
151.0
119.0
144.0
108.0
150.0
119.0
120.0
148.0
118.0
120.0
149.0
122.0
150.0
114.0
146.0
117.0
149.0
120.0
114.0
119.0
144.0
118.0
147.0
119.0
153.0
114.0
153.0
116.0
149.0
119.0
146.0
118.0
109.0
99.0
153.0
119.0
148.0
115.0
121.0
150.0
119.0
119.0
148.0
106.0
150.0
118.0
122.0
148.0
114.0
149.0
122.0
120.0
119.0
118.0
149.0
118.0
144.0
112.0
148.0
115.0
148.0
118.0
146.0
117.0
118.0
116.0
114.0
117.0
146.0
117.0
111.0
154.0
118.0
148.0
513.0
147.0
117.0
125.0
148.0
118.0
113.0
151.0
113.0
145.0
116.0
119.0
147.0
115.0
148.0
119.0
123.0
149.0
114.0
118.0
115.0
149.0
332.0
114.0
149.0
117.0
117.0
114.0
153.0
118.0
150.0
140.0
115.0
148.0
122.0
119.0
151.0
121.0
121.0
119.0
118.0
153.0
119.0
121.0
122.0
116.0
118.0
119.0
150.0
118.0
152.0
108.0
150.0
116.0
147.0
119.0
152.0
115.0
146.0
118.0
149.0
107.0
147.0
118.0
117.0
119.0
104.0
150.0
120.0
148.0
118.0
151.0
123.0
146.0
122.0
149.0
118.0
119.0
123.0
153.0
114.0
154.0
123.0
152.0
110.0
145.0
117.0
149.0
116.0
120.0
149.0
119.0
145.0
121.0
116.0
117.0
110.0
146.0
116.0
120.0
149.0
114.0
153.0
119.0
150.0
116.0
153.0
117.0
148.0
104.0
118.0
147.0
117.0
151.0
119.0
151.0
115.0
150.0
116.0
150.0
118.0
149.0
112.0
118.0
152.0
117.0
149.0
117.0
107.0
119.0
117.0
152.0
118.0
113.0
150.0
118.0
151.0
116.0
150.0
114.0
114.0
121.0
118.0
151.0
117.0
148.0
113.0
146.0
117.0
116.0
148.0
114.0
150.0
117.0
148.0
115.0
148.0
119.0
117.0
194.0
148.0
119.0
146.0
123.0
117.0
151.0
122.0
149.0
112.0
117.0
148.0
117.0
148.0
118.0
149.0
118.0
150.0
120.0
122.0
151.0
116.0
149.0
117.0
150.0
120.0
117.0
113.0
148.0
116.0
152.0
122.0
144.0
119.0
120.0
120.0
115.0
148.0
196.0
146.0
120.0
148.0
117.0
117.0
106.0
152.0
118.0
118.0
122.0
146.0
118.0
117.0
149.0
118.0
146.0
118.0
117.0
122.0
111.0
148.0
116.0
153.0
117.0
151.0
122.0
149.0
120.0
117.0
121.0
146.0
119.0
144.0
116.0
119.0
155.0
119.0
152.0
114.0
150.0
569.0
146.0
123.0
118.0
154.0
120.0
150.0
117.0
149.0
118.0
114.0
122.0
113.0
152.0
117.0
150.0
118.0
118.0
148.0
119.0
149.0
113.0
148.0
119.0
120.0
146.0
119.0
149.0
97.0
151.0
114.0
117.0
146.0
118.0
148.0
125.0
149.0
114.0
109.0
151.0
119.0
119.0
119.0
151.0
121.0
119.0
151.0
116.0
117.0
150.0
103.0
150.0
110.0
120.0
120.0
122.0
118.0
150.0
114.0
151.0
121.0
151.0
119.0
117.0
149.0
123.0
119.0
151.0
121.0
152.0
119.0
121.0
150.0
118.0
142.0
114.0
147.0
118.0
148.0
111.0
151.0
108.0
155.0
118.0
147.0
117.0
117.0
117.0
151.0
109.0
151.0
116.0
153.0
122.0
117.0
117.0
119.0
119.0
148.0
117.0
194.0
111.0
154.0
117.0
152.0
114.0
149.0
116.0
150.0
114.0
150.0
113.0
155.0
119.0
151.0
121.0
118.0
156.0
279.0
118.0
148.0
119.0
145.0
113.0
148.0
122.0
150.0
118.0
116.0
115.0
151.0
119.0
150.0
117.0
148.0
122.0
153.0
220.0
146.0
117.0
151.0
245.0
149.0
116.0
149.0
110.0
149.0
118.0
150.0
118.0
119.0
149.0
117.0
151.0
117.0
119.0
123.0
150.0
117.0
121.0
154.0
115.0
146.0
117.0
147.0
118.0
114.0
116.0
148.0
117.0
109.0
145.0
114.0
148.0
122.0
116.0
117.0
146.0
118.0
119.0
149.0
119.0
146.0
110.0
149.0
121.0
149.0
117.0
153.0
118.0
151.0
120.0
118.0
152.0
121.0
115.0
149.0
121.0
118.0
117.0
116.0
114.0
148.0
117.0
118.0
151.0
117.0
148.0
114.0
150.0
121.0
144.0
117.0
151.0
114.0
149.0
122.0
118.0
148.0
114.0
147.0
117.0
148.0
121.0
151.0
117.0
123.0
118.0
118.0
117.0
149.0
117.0
149.0
122.0
150.0
119.0
150.0
118.0
114.0
121.0
105.0
152.0
120.0
121.0
146.0
116.0
146.0
118.0
117.0
118.0
184.0
117.0
153.0
121.0
116.0
148.0
119.0
150.0
117.0
150.0
116.0
153.0
121.0
212.0
120.0
150.0
117.0
151.0
118.0
117.0
119.0
114.0
153.0
121.0
150.0
116.0
119.0
150.0
119.0
115.0
153.0
117.0
121.0
112.0
315.0
148.0
112.0
149.0
116.0
149.0
119.0
120.0
117.0
123.0
146.0
118.0
122.0
122.0
124.0
145.0
117.0
149.0
123.0
149.0
117.0
197.0
121.0
80.0
164.0
120.0
119.0
114.0
148.0
119.0
148.0
114.0
298.0
149.0
512.0
152.0
119.0
115.0
120.0
148.0
122.0
149.0
97.0
157.0
117.0
117.0
120.0
149.0
123.0
117.0
136.0
149.0
118.0
104.0
154.0
121.0
118.0
116.0
117.0
122.0
116.0
150.0
118.0
117.0
153.0
119.0
114.0
117.0
150.0
121.0
120.0
107.0
116.0
150.0
118.0
150.0
114.0
119.0
149.0
117.0
117.0
147.0
118.0
147.0
118.0
149.0
119.0
117.0
115.0
122.0
113.0
115.0
148.0
125.0
122.0
148.0
116.0
119.0
148.0
114.0
146.0
120.0
116.0
122.0
150.0
121.0
117.0
149.0
109.0
151.0
119.0
119.0
119.0
108.0
148.0
119.0
316.0
148.0
121.0
120.0
116.0
147.0
114.0
118.0
154.0
119.0
149.0
120.0
155.0
118.0
121.0
149.0
118.0
148.0
118.0
150.0
116.0
149.0
120.0
149.0
121.0
119.0
149.0
101.0
117.0
119.0
151.0
119.0
148.0
115.0
100.0
149.0
114.0
114.0
114.0
118.0
117.0
119.0
148.0
116.0
113.0
149.0
120.0
148.0
120.0
146.0
115.0
117.0
151.0
114.0
106.0
120.0
122.0
150.0
117.0
121.0
107.0
151.0
120.0
118.0
152.0
116.0
117.0
150.0
121.0
153.0
117.0
148.0
120.0
112.0
118.0
122.0
154.0
118.0
152.0
118.0
116.0
149.0
114.0
118.0
119.0
149.0
120.0
123.0
148.0
118.0
117.0
116.0
145.0
112.0
116.0
119.0
120.0
153.0
113.0
117.0
149.0
118.0
118.0
148.0
118.0
152.0
117.0
151.0
115.0
117.0
147.0
116.0
151.0
117.0
153.0
118.0
110.0
153.0
261.0
117.0
152.0
117.0
143.0
114.0
148.0
117.0
107.0
151.0
117.0
148.0
119.0
151.0
120.0
149.0
116.0
113.0
148.0
118.0
145.0
116.0
109.0
121.0
118.0
147.0
120.0
118.0
118.0
154.0
121.0
119.0
122.0
117.0
148.0
120.0
119.0
118.0
152.0
118.0
114.0
120.0
116.0
114.0
123.0
119.0
153.0
107.0
112.0
151.0
107.0
154.0
120.0
93.0
152.0
116.0
147.0
116.0
118.0
154.0
401.0
118.0
149.0
115.0
148.0
112.0
150.0
118.0
112.0
148.0
119.0
149.0
115.0
154.0
117.0
146.0
116.0
147.0
116.0
147.0
122.0
148.0
116.0
117.0
155.0
118.0
146.0
116.0
149.0
118.0
119.0
148.0
116.0
149.0
107.0
146.0
114.0
119.0
147.0
120.0
122.0
154.0
118.0
147.0
107.0
150.0
120.0
150.0
119.0
154.0
119.0
150.0
117.0
114.0
117.0
148.0
112.0
116.0
155.0
121.0
147.0
116.0
146.0
115.0
150.0
107.0
151.0
114.0
121.0
150.0
115.0
153.0
114.0
152.0
121.0
154.0
114.0
118.0
149.0
121.0
109.0
152.0
115.0
148.0
118.0
331.0
149.0
114.0
149.0
123.0
117.0
148.0
118.0
121.0
119.0
148.0
122.0
147.0
117.0
149.0
121.0
219.0
151.0
119.0
146.0
110.0
153.0
110.0
147.0
116.0
150.0
117.0
154.0
120.0
122.0
150.0
117.0
149.0
118.0
147.0
117.0
149.0
121.0
117.0
120.0
151.0
116.0
118.0
117.0
115.0
147.0
120.0
121.0
123.0
146.0
118.0
152.0
117.0
149.0
121.0
149.0
114.0
153.0
120.0
150.0
106.0
153.0
114.0
116.0
155.0
119.0
112.0
150.0
119.0
116.0
122.0
104.0
149.0
119.0
153.0
120.0
148.0
118.0
117.0
148.0
118.0
157.0
114.0
148.0
117.0
151.0
116.0
149.0
119.0
147.0
121.0
150.0
117.0
149.0
121.0
148.0
117.0
149.0
119.0
119.0
114.0
117.0
124.0
121.0
121.0
118.0
153.0
121.0
151.0
118.0
118.0
343.0
146.0
118.0
180.0
151.0
120.0
149.0
118.0
154.0
114.0
119.0
149.0
118.0
146.0
113.0
149.0
119.0
540.0
154.0
118.0
153.0
502.0
150.0
121.0
117.0
120.0
114.0
151.0
114.0
148.0
122.0
150.0
118.0
153.0
297.0
150.0
116.0
149.0
122.0
146.0
119.0
146.0
116.0
154.0
119.0
149.0
120.0
123.0
150.0
119.0
121.0
120.0
146.0
118.0
153.0
118.0
150.0
114.0
149.0
175.0
150.0
120.0
120.0
117.0
145.0
114.0
150.0
265.0
153.0
121.0
150.0
115.0
108.0
121.0
116.0
148.0
119.0
151.0
116.0
150.0
120.0
121.0
143.0
116.0
148.0
117.0
149.0
118.0
148.0
119.0
151.0
119.0
118.0
120.0
149.0
117.0
118.0
150.0
121.0
117.0
148.0
109.0
149.0
105.0
154.0
118.0
148.0
117.0
153.0
114.0
117.0
118.0
118.0
114.0
150.0
121.0
121.0
149.0
118.0
116.0
149.0
121.0
153.0
115.0
148.0
119.0
148.0
123.0
117.0
119.0
120.0
119.0
112.0
151.0
117.0
108.0
150.0
117.0
146.0
117.0
152.0
119.0
146.0
117.0
121.0
104.0
148.0
113.0
200.0
151.0
121.0
120.0
146.0
117.0
149.0
118.0
149.0
124.0
114.0
121.0
149.0
118.0
122.0
118.0
118.0
152.0
494.0
151.0
113.0
148.0
193.0
150.0
117.0
150.0
116.0
150.0
117.0
154.0
116.0
150.0
116.0
152.0
120.0
119.0
118.0
121.0
122.0
121.0
147.0
110.0
116.0
118.0
120.0
149.0
123.0
149.0
116.0
146.0
119.0
153.0
86.0
159.0
116.0
150.0
112.0
149.0
189.0
115.0
152.0
117.0
150.0
117.0
144.0
114.0
148.0
112.0
148.0
119.0
152.0
117.0
149.0
117.0
150.0
116.0
149.0
117.0
123.0
151.0
119.0
148.0
117.0
120.0
113.0
151.0
122.0
118.0
148.0
116.0
150.0
117.0
152.0
119.0
147.0
118.0
117.0
118.0
121.0
120.0
146.0
117.0
152.0
119.0
150.0
123.0
147.0
120.0
150.0
117.0
121.0
117.0
151.0
118.0
142.0
120.0
122.0
143.0
119.0
152.0
118.0
148.0
118.0
119.0
151.0
119.0
156.0
114.0
119.0
150.0
116.0
162.0
114.0
116.0
124.0
146.0
116.0
150.0
114.0
149.0
116.0
120.0
150.0
118.0
151.0
118.0
119.0
150.0
112.0
117.0
148.0
112.0
152.0
119.0
117.0
150.0
122.0
149.0
117.0
148.0
117.0
118.0
119.0
109.0
117.0
154.0
116.0
152.0
118.0
149.0
115.0
150.0
113.0
150.0
115.0
151.0
114.0
148.0
119.0
146.0
188.0
150.0
122.0
148.0
117.0
151.0
119.0
148.0
116.0
150.0
117.0
113.0
150.0
116.0
156.0
120.0
116.0
148.0
106.0
148.0
111.0
153.0
117.0
149.0
117.0
152.0
114.0
151.0
118.0
120.0
114.0
114.0
150.0
117.0
149.0
117.0
119.0
149.0
121.0
150.0
114.0
150.0
119.0
146.0
119.0
149.0
116.0
144.0
112.0
121.0
117.0
124.0
147.0
121.0
152.0
116.0
152.0
120.0
115.0
121.0
113.0
147.0
118.0
113.0
178.0
117.0
147.0
114.0
113.0
120.0
148.0
121.0
149.0
118.0
146.0
120.0
269.0
147.0
104.0
149.0
113.0
149.0
118.0
151.0
120.0
115.0
119.0
114.0
145.0
118.0
118.0
149.0
114.0
116.0
146.0
118.0
114.0
120.0
146.0
118.0
149.0
119.0
150.0
118.0
119.0
150.0
120.0
149.0
114.0
146.0
115.0
188.0
113.0
154.0
123.0
147.0
121.0
114.0
149.0
117.0
122.0
119.0
118.0
153.0
118.0
150.0
118.0
147.0
122.0
148.0
117.0
148.0
283.0
118.0
154.0
118.0
151.0
122.0
152.0
117.0
151.0
118.0
116.0
150.0
116.0
93.0
156.0
116.0
149.0
117.0
148.0
105.0
122.0
146.0
121.0
114.0
116.0
116.0
117.0
149.0
121.0
116.0
151.0
114.0
148.0
116.0
150.0
119.0
148.0
118.0
149.0
116.0
154.0
114.0
153.0
115.0
117.0
149.0
116.0
154.0
118.0
148.0
117.0
151.0
117.0
122.0
148.0
118.0
553.0
151.0
118.0
144.0
120.0
146.0
107.0
121.0
148.0
116.0
144.0
119.0
150.0
122.0
153.0
117.0
118.0
110.0
146.0
101.0
118.0
154.0
118.0
118.0
117.0
117.0
122.0
148.0
118.0
149.0
119.0
116.0
115.0
147.0
108.0
151.0
110.0
150.0
120.0
120.0
149.0
109.0
153.0
119.0
118.0
117.0
149.0
117.0
120.0
152.0
117.0
119.0
123.0
117.0
120.0
117.0
118.0
120.0
145.0
111.0
119.0
113.0
145.0
119.0
111.0
150.0
118.0
151.0
104.0
149.0
119.0
118.0
116.0
149.0
113.0
148.0
123.0
118.0
150.0
120.0
118.0
118.0
153.0
118.0
146.0
118.0
149.0
115.0
148.0
120.0
150.0
105.0
153.0
117.0
150.0
118.0
150.0
226.0
115.0
148.0
119.0
116.0
147.0
123.0
147.0
115.0
115.0
117.0
148.0
120.0
119.0
146.0
116.0
149.0
118.0
116.0
149.0
454.0
154.0
118.0
149.0
122.0
115.0
149.0
120.0
121.0
109.0
114.0
119.0
151.0
121.0
149.0
115.0
121.0
149.0
120.0
120.0
122.0
146.0
117.0
122.0
119.0
119.0
120.0
120.0
149.0
120.0
119.0
117.0
114.0
117.0
145.0
116.0
152.0
119.0
120.0
147.0
118.0
115.0
121.0
118.0
119.0
151.0
112.0
121.0
150.0
121.0
117.0
148.0
119.0
116.0
115.0
146.0
117.0
113.0
149.0
119.0
150.0
120.0
117.0
149.0
117.0
153.0
118.0
150.0
117.0
150.0
120.0
116.0
99.0
151.0
106.0
149.0
123.0
149.0
119.0
120.0
122.0
154.0
117.0
119.0
117.0
149.0
116.0
117.0
119.0
153.0
115.0
308.0
119.0
149.0
114.0
119.0
119.0
151.0
118.0
113.0
119.0
148.0
116.0
111.0
113.0
150.0
114.0
116.0
148.0
116.0
148.0
117.0
149.0
116.0
150.0
123.0
116.0
150.0
119.0
120.0
154.0
115.0
152.0
120.0
119.0
150.0
119.0
114.0
117.0
117.0
122.0
151.0
116.0
151.0
118.0
117.0
111.0
145.0
118.0
116.0
116.0
118.0
121.0
145.0
119.0
150.0
120.0
122.0
117.0
146.0
110.0
150.0
115.0
117.0
154.0
116.0
149.0
211.0
110.0
116.0
116.0
148.0
121.0
148.0
117.0
149.0
118.0
226.0
115.0
148.0
117.0
114.0
148.0
110.0
145.0
125.0
116.0
148.0
119.0
157.0
120.0
117.0
150.0
121.0
119.0
115.0
152.0
117.0
152.0
115.0
152.0
114.0
152.0
120.0
153.0
110.0
149.0
471.0
148.0
119.0
122.0
116.0
144.0
249.0
118.0
118.0
120.0
145.0
120.0
118.0
147.0
114.0
114.0
153.0
119.0
286.0
149.0
116.0
149.0
121.0
149.0
107.0
150.0
118.0
150.0
123.0
117.0
157.0
117.0
117.0
115.0
117.0
116.0
114.0
150.0
112.0
149.0
108.0
154.0
121.0
150.0
112.0
148.0
119.0
149.0
118.0
148.0
122.0
118.0
150.0
241.0
117.0
117.0
117.0
148.0
122.0
186.0
149.0
117.0
123.0
149.0
120.0
149.0
116.0
152.0
120.0
121.0
118.0
148.0
120.0
146.0
116.0
149.0
200.0
151.0
121.0
150.0
118.0
121.0
149.0
117.0
118.0
149.0
121.0
149.0
116.0
150.0
118.0
148.0
119.0
117.0
118.0
220.0
117.0
149.0
119.0
148.0
114.0
154.0
91.0
156.0
120.0
116.0
150.0
118.0
119.0
118.0
148.0
117.0
122.0
119.0
119.0
150.0
119.0
148.0
111.0
152.0
112.0
150.0
116.0
118.0
120.0
150.0
118.0
149.0
117.0
114.0
150.0
118.0
114.0
148.0
117.0
149.0
122.0
115.0
154.0
121.0
120.0
112.0
149.0
117.0
156.0
113.0
150.0
117.0
120.0
121.0
118.0
149.0
121.0
120.0
118.0
117.0
150.0
118.0
114.0
146.0
196.0
151.0
123.0
118.0
115.0
151.0
122.0
151.0
116.0
115.0
154.0
118.0
150.0
121.0
152.0
120.0
149.0
117.0
122.0
119.0
149.0
180.0
154.0
117.0
120.0
148.0
118.0
150.0
118.0
150.0
113.0
148.0
122.0
150.0
122.0
118.0
115.0
151.0
119.0
151.0
121.0
149.0
122.0
118.0
149.0
121.0
107.0
149.0
119.0
152.0
118.0
114.0
123.0
108.0
151.0
116.0
153.0
118.0
117.0
116.0
119.0
118.0
146.0
118.0
154.0
115.0
152.0
116.0
117.0
119.0
150.0
119.0
145.0
121.0
151.0
116.0
152.0
112.0
115.0
152.0
108.0
153.0
123.0
120.0
146.0
116.0
152.0
119.0
148.0
119.0
218.0
150.0
116.0
122.0
114.0
114.0
115.0
149.0
119.0
151.0
117.0
149.0
118.0
146.0
118.0
119.0
118.0
149.0
114.0
149.0
116.0
145.0
114.0
148.0
119.0
120.0
148.0
113.0
150.0
120.0
118.0
146.0
119.0
151.0
117.0
150.0
114.0
123.0
149.0
116.0
150.0
120.0
149.0
117.0
153.0
122.0
153.0
120.0
147.0
120.0
149.0
118.0
151.0
119.0
117.0
145.0
118.0
121.0
146.0
114.0
120.0
119.0
150.0
117.0
149.0
117.0
150.0
121.0
119.0
117.0
146.0
116.0
148.0
118.0
121.0
116.0
147.0
117.0
114.0
147.0
117.0
107.0
149.0
117.0
118.0
118.0
147.0
115.0
120.0
148.0
120.0
119.0
149.0
119.0
112.0
149.0
123.0
116.0
147.0
111.0
120.0
150.0
117.0
122.0
146.0
115.0
149.0
117.0
148.0
120.0
118.0
118.0
113.0
149.0
113.0
123.0
149.0
406.0
152.0
121.0
149.0
119.0
146.0
115.0
115.0
153.0
122.0
121.0
150.0
119.0
146.0
114.0
118.0
118.0
148.0
113.0
150.0
119.0
149.0
109.0
146.0
116.0
120.0
150.0
115.0
148.0
119.0
149.0
116.0
410.0
154.0
125.0
121.0
151.0
118.0
146.0
118.0
148.0
107.0
149.0
120.0
117.0
121.0
146.0
117.0
121.0
119.0
118.0
120.0
118.0
151.0
118.0
122.0
125.0
151.0
119.0
112.0
148.0
117.0
151.0
119.0
119.0
145.0
106.0
148.0
117.0
149.0
121.0
114.0
145.0
118.0
148.0
106.0
154.0
118.0
151.0
117.0
150.0
119.0
118.0
119.0
146.0
109.0
341.0
153.0
116.0
152.0
112.0
117.0
148.0
118.0
148.0
107.0
156.0
121.0
150.0
118.0
149.0
111.0
149.0
112.0
153.0
118.0
151.0
119.0
152.0
120.0
150.0
122.0
114.0
149.0
117.0
149.0
116.0
148.0
117.0
151.0
117.0
108.0
148.0
120.0
152.0
122.0
121.0
145.0
120.0
152.0
117.0
150.0
118.0
119.0
148.0
112.0
112.0
150.0
108.0
124.0
113.0
117.0
122.0
145.0
121.0
120.0
531.0
153.0
119.0
146.0
202.0
120.0
153.0
117.0
115.0
149.0
118.0
150.0
120.0
116.0
114.0
146.0
122.0
114.0
150.0
117.0
148.0
117.0
151.0
114.0
151.0
121.0
150.0
121.0
146.0
118.0
121.0
181.0
151.0
118.0
113.0
151.0
111.0
119.0
123.0
145.0
112.0
150.0
118.0
146.0
107.0
149.0
120.0
123.0
117.0
149.0
114.0
145.0
121.0
115.0
147.0
117.0
111.0
151.0
116.0
153.0
116.0
150.0
120.0
117.0
149.0
121.0
120.0
117.0
153.0
116.0
119.0
154.0
118.0
122.0
147.0
125.0
118.0
144.0
116.0
116.0
118.0
122.0
116.0
119.0
120.0
144.0
117.0
146.0
119.0
120.0
149.0
123.0
119.0
153.0
121.0
152.0
114.0
150.0
114.0
150.0
117.0
143.0
117.0
150.0
118.0
149.0
122.0
124.0
117.0
119.0
121.0
118.0
121.0
148.0
116.0
116.0
117.0
146.0
117.0
148.0
118.0
114.0
118.0
151.0
121.0
147.0
120.0
118.0
153.0
118.0
119.0
121.0
118.0
121.0
115.0
149.0
113.0
148.0
120.0
148.0
113.0
145.0
118.0
149.0
116.0
121.0
114.0
149.0
122.0
153.0
117.0
122.0
124.0
117.0
149.0
114.0
121.0
146.0
118.0
150.0
118.0
146.0
116.0
117.0
145.0
118.0
121.0
115.0
151.0
114.0
121.0
119.0
575.0
146.0
115.0
152.0
122.0
151.0
95.0
153.0
121.0
116.0
117.0
152.0
118.0
148.0
120.0
147.0
69.0
170.0
123.0
148.0
117.0
149.0
117.0
117.0
115.0
116.0
148.0
116.0
149.0
114.0
149.0
118.0
150.0
117.0
120.0
148.0
121.0
148.0
119.0
148.0
203.0
115.0
119.0
108.0
117.0
150.0
103.0
149.0
117.0
119.0
116.0
149.0
116.0
149.0
119.0
146.0
109.0
152.0
113.0
149.0
119.0
149.0
118.0
150.0
114.0
152.0
113.0
146.0
118.0
147.0
106.0
148.0
118.0
151.0
114.0
119.0
144.0
118.0
151.0
119.0
148.0
117.0
147.0
119.0
117.0
147.0
115.0
117.0
148.0
116.0
150.0
117.0
119.0
114.0
149.0
113.0
116.0
148.0
118.0
150.0
114.0
149.0
117.0
114.0
115.0
117.0
148.0
116.0
121.0
117.0
117.0
150.0
114.0
147.0
116.0
119.0
150.0
119.0
152.0
119.0
114.0
147.0
113.0
148.0
117.0
114.0
117.0
108.0
116.0
117.0
146.0
119.0
150.0
118.0
101.0
149.0
118.0
119.0
144.0
90.0
152.0
125.0
150.0
112.0
117.0
118.0
117.0
147.0
116.0
118.0
115.0
114.0
114.0
150.0
117.0
120.0
150.0
117.0
149.0
118.0
153.0
118.0
150.0
110.0
141.0
123.0
148.0
107.0
152.0
118.0
119.0
119.0
153.0
120.0
150.0
120.0
149.0
121.0
149.0
117.0
117.0
148.0
117.0
151.0
118.0
120.0
152.0
120.0
148.0
117.0
149.0
116.0
148.0
121.0
191.0
151.0
117.0
146.0
118.0
149.0
123.0
145.0
117.0
149.0
126.0
152.0
125.0
117.0
114.0
117.0
152.0
212.0
142.0
120.0
117.0
149.0
120.0
117.0
114.0
152.0
121.0
150.0
110.0
152.0
124.0
114.0
149.0
119.0
146.0
117.0
112.0
148.0
118.0
117.0
150.0
119.0
112.0
150.0
109.0
118.0
149.0
106.0
153.0
114.0
116.0
150.0
114.0
114.0
146.0
492.0
155.0
118.0
116.0
117.0
119.0
120.0
149.0
117.0
114.0
149.0
120.0
145.0
121.0
117.0
148.0
119.0
150.0
121.0
117.0
150.0
116.0
151.0
118.0
106.0
151.0
117.0
149.0
116.0
117.0
150.0
119.0
119.0
150.0
124.0
118.0
147.0
117.0
149.0
113.0
115.0
154.0
117.0
150.0
120.0
120.0
150.0
117.0
151.0
119.0
116.0
117.0
151.0
115.0
117.0
150.0
117.0
146.0
117.0
153.0
114.0
149.0
115.0
120.0
118.0
149.0
120.0
149.0
90.0
157.0
121.0
148.0
113.0
99.0
154.0
117.0
149.0
118.0
117.0
148.0
120.0
119.0
119.0
157.0
112.0
121.0
149.0
117.0
119.0
149.0
114.0
146.0
114.0
117.0
118.0
146.0
616.0
125.0
116.0
149.0
101.0
117.0
114.0
151.0
108.0
109.0
119.0
116.0
177.0
149.0
116.0
117.0
117.0
152.0
118.0
113.0
149.0
297.0
150.0
113.0
146.0
97.0
150.0
117.0
121.0
148.0
116.0
105.0
151.0
121.0
120.0
118.0
119.0
151.0
123.0
116.0
150.0
122.0
151.0
120.0
151.0
111.0
146.0
112.0
116.0
148.0
116.0
150.0
116.0
117.0
154.0
120.0
151.0
118.0
118.0
120.0
147.0
118.0
118.0
119.0
117.0
146.0
114.0
150.0
122.0
146.0
323.0
117.0
151.0
110.0
150.0
113.0
113.0
149.0
117.0
146.0
114.0
118.0
147.0
119.0
123.0
142.0
120.0
120.0
149.0
115.0
121.0
146.0
118.0
122.0
112.0
144.0
109.0
148.0
123.0
103.0
152.0
109.0
149.0
116.0
146.0
118.0
155.0
119.0
115.0
151.0
120.0
150.0
116.0
150.0
114.0
151.0
117.0
146.0
113.0
149.0
116.0
149.0
124.0
114.0
145.0
116.0
114.0
117.0
118.0
146.0
117.0
118.0
151.0
120.0
149.0
117.0
156.0
120.0
114.0
147.0
120.0
112.0
120.0
149.0
66.0
173.0
118.0
120.0
116.0
148.0
107.0
147.0
118.0
118.0
154.0
122.0
112.0
148.0
118.0
119.0
124.0
114.0
119.0
150.0
118.0
147.0
118.0
207.0
146.0
117.0
151.0
118.0
119.0
149.0
114.0
149.0
113.0
114.0
119.0
149.0
115.0
144.0
123.0
121.0
148.0
116.0
114.0
150.0
117.0
119.0
149.0
114.0
118.0
120.0
153.0
117.0
154.0
116.0
149.0
117.0
150.0
117.0
120.0
150.0
121.0
147.0
111.0
151.0
115.0
118.0
119.0
121.0
153.0
118.0
122.0
117.0
152.0
112.0
119.0
152.0
121.0
114.0
117.0
152.0
117.0
118.0
115.0
120.0
106.0
119.0
149.0
121.0
146.0
121.0
115.0
151.0
122.0
112.0
118.0
121.0
113.0
118.0
121.0
118.0
151.0
117.0
144.0
121.0
149.0
122.0
118.0
151.0
117.0
148.0
116.0
150.0
118.0
107.0
150.0
120.0
145.0
118.0
148.0
118.0
149.0
124.0
112.0
153.0
122.0
151.0
243.0
147.0
120.0
148.0
118.0
150.0
119.0
152.0
114.0
148.0
119.0
119.0
122.0
147.0
107.0
149.0
117.0
150.0
117.0
149.0
118.0
122.0
117.0
117.0
149.0
111.0
121.0
152.0
116.0
152.0
115.0
116.0
150.0
118.0
119.0
154.0
111.0
145.0
118.0
150.0
122.0
196.0
152.0
116.0
148.0
119.0
114.0
114.0
98.0
152.0
118.0
117.0
125.0
150.0
117.0
149.0
117.0
121.0
121.0
149.0
434.0
148.0
413.0
154.0
121.0
118.0
150.0
117.0
156.0
114.0
150.0
119.0
150.0
119.0
149.0
118.0
117.0
116.0
112.0
118.0
121.0
116.0
121.0
122.0
147.0
117.0
149.0
118.0
149.0
117.0
149.0
121.0
118.0
122.0
154.0
118.0
123.0
148.0
116.0
149.0
120.0
121.0
149.0
123.0
145.0
119.0
151.0
119.0
261.0
117.0
123.0
149.0
119.0
122.0
118.0
114.0
144.0
114.0
80.0
163.0
123.0
146.0
119.0
119.0
146.0
117.0
114.0
152.0
114.0
115.0
148.0
115.0
147.0
120.0
202.0
105.0
99.0
150.0
119.0
149.0
120.0
116.0
148.0
121.0
122.0
150.0
114.0
109.0
149.0
100.0
148.0
109.0
115.0
147.0
118.0
122.0
117.0
114.0
113.0
153.0
112.0
150.0
117.0
117.0
149.0
117.0
148.0
118.0
147.0
117.0
151.0
118.0
146.0
117.0
148.0
115.0
146.0
121.0
120.0
149.0
112.0
147.0
118.0
150.0
118.0
150.0
114.0
114.0
121.0
122.0
152.0
177.0
149.0
117.0
145.0
118.0
154.0
120.0
113.0
151.0
116.0
113.0
149.0
117.0
154.0
123.0
116.0
148.0
124.0
116.0
151.0
117.0
149.0
116.0
152.0
117.0
117.0
148.0
116.0
153.0
119.0
119.0
146.0
114.0
117.0
154.0
116.0
122.0
126.0
116.0
122.0
121.0
151.0
118.0
114.0
148.0
113.0
150.0
113.0
121.0
105.0
118.0
151.0
117.0
150.0
121.0
113.0
120.0
119.0
151.0
122.0
122.0
146.0
115.0
118.0
114.0
151.0
116.0
122.0
119.0
118.0
115.0
100.0
153.0
118.0
118.0
117.0
118.0
116.0
148.0
121.0
149.0
116.0
148.0
116.0
148.0
116.0
148.0
118.0
114.0
120.0
147.0
117.0
146.0
115.0
117.0
150.0
116.0
116.0
146.0
120.0
151.0
117.0
147.0
116.0
115.0
150.0
115.0
118.0
147.0
117.0
114.0
106.0
146.0
114.0
151.0
118.0
152.0
114.0
150.0
121.0
121.0
120.0
149.0
116.0
146.0
112.0
163.0
120.0
148.0
116.0
115.0
146.0
117.0
116.0
154.0
120.0
116.0
112.0
117.0
121.0
115.0
149.0
117.0
119.0
120.0
114.0
118.0
147.0
119.0
149.0
117.0
147.0
116.0
116.0
149.0
116.0
151.0
117.0
119.0
149.0
118.0
150.0
121.0
152.0
119.0
107.0
152.0
122.0
148.0
118.0
151.0
113.0
152.0
119.0
119.0
149.0
120.0
150.0
122.0
227.0
149.0
122.0
119.0
148.0
120.0
116.0
148.0
118.0
146.0
121.0
119.0
121.0
152.0
112.0
153.0
116.0
147.0
114.0
150.0
118.0
120.0
116.0
155.0
122.0
151.0
117.0
145.0
116.0
145.0
110.0
150.0
115.0
145.0
117.0
153.0
118.0
149.0
119.0
148.0
109.0
149.0
116.0
116.0
151.0
114.0
147.0
118.0
151.0
118.0
145.0
121.0
141.0
118.0
150.0
121.0
151.0
121.0
149.0
119.0
118.0
117.0
145.0
121.0
150.0
116.0
118.0
147.0
116.0
150.0
190.0
118.0
118.0
115.0
113.0
118.0
149.0
116.0
147.0
109.0
151.0
113.0
149.0
524.0
153.0
115.0
153.0
117.0
113.0
118.0
151.0
113.0
148.0
119.0
118.0
151.0
114.0
146.0
122.0
150.0
118.0
104.0
115.0
146.0
120.0
154.0
121.0
118.0
152.0
121.0
147.0
117.0
148.0
117.0
117.0
149.0
117.0
149.0
113.0
149.0
114.0
150.0
116.0
155.0
114.0
148.0
117.0
144.0
116.0
146.0
117.0
114.0
149.0
110.0
151.0
116.0
120.0
114.0
152.0
118.0
154.0
118.0
114.0
113.0
117.0
117.0
114.0
154.0
114.0
150.0
118.0
149.0
117.0
157.0
120.0
148.0
115.0
114.0
117.0
119.0
119.0
152.0
119.0
149.0
112.0
145.0
116.0
148.0
117.0
117.0
120.0
116.0
210.0
147.0
117.0
119.0
117.0
152.0
109.0
148.0
111.0
151.0
114.0
155.0
499.0
152.0
115.0
144.0
119.0
148.0
124.0
148.0
116.0
148.0
117.0
149.0
122.0
150.0
115.0
117.0
109.0
149.0
118.0
148.0
116.0
149.0
119.0
114.0
149.0
117.0
150.0
116.0
150.0
117.0
116.0
121.0
118.0
147.0
118.0
149.0
117.0
123.0
121.0
146.0
117.0
152.0
120.0
154.0
122.0
149.0
119.0
119.0
149.0
356.0
153.0
120.0
118.0
152.0
117.0
149.0
119.0
146.0
116.0
116.0
146.0
109.0
149.0
118.0
149.0
109.0
152.0
118.0
145.0
119.0
122.0
116.0
118.0
150.0
104.0
151.0
116.0
148.0
119.0
148.0
119.0
120.0
118.0
147.0
118.0
116.0
116.0
148.0
120.0
117.0
148.0
121.0
148.0
119.0
150.0
118.0
119.0
121.0
123.0
146.0
111.0
153.0
118.0
118.0
148.0
117.0
149.0
114.0
119.0
149.0
200.0
119.0
148.0
110.0
150.0
122.0
106.0
120.0
151.0
120.0
98.0
153.0
114.0
116.0
149.0
109.0
108.0
150.0
114.0
149.0
119.0
148.0
122.0
117.0
155.0
118.0
338.0
157.0
119.0
145.0
118.0
118.0
146.0
122.0
147.0
118.0
152.0
106.0
145.0
116.0
149.0
119.0
118.0
119.0
146.0
118.0
117.0
121.0
122.0
117.0
120.0
150.0
118.0
152.0
101.0
152.0
118.0
153.0
121.0
111.0
151.0
116.0
119.0
151.0
120.0
120.0
150.0
114.0
152.0
121.0
114.0
122.0
151.0
118.0
150.0
109.0
146.0
116.0
143.0
115.0
149.0
120.0
114.0
152.0
118.0
148.0
116.0
148.0
118.0
148.0
121.0
120.0
121.0
119.0
147.0
112.0
147.0
119.0
117.0
154.0
100.0
151.0
116.0
151.0
111.0
153.0
117.0
122.0
150.0
119.0
151.0
117.0
120.0
109.0
150.0
118.0
116.0
124.0
119.0
120.0
117.0
149.0
116.0
150.0
114.0
146.0
121.0
288.0
151.0
114.0
119.0
145.0
117.0
117.0
117.0
112.0
117.0
149.0
121.0
150.0
117.0
118.0
151.0
117.0
123.0
118.0
109.0
122.0
120.0
149.0
118.0
152.0
119.0
152.0
119.0
117.0
148.0
116.0
120.0
146.0
271.0
114.0
152.0
116.0
147.0
117.0
122.0
148.0
109.0
145.0
115.0
153.0
122.0
122.0
149.0
125.0
110.0
119.0
155.0
118.0
120.0
150.0
123.0
120.0
149.0
119.0
151.0
118.0
150.0
116.0
152.0
124.0
117.0
153.0
118.0
114.0
151.0
121.0
149.0
114.0
150.0
117.0
123.0
148.0
120.0
188.0
113.0
121.0
150.0
114.0
117.0
146.0
118.0
149.0
116.0
117.0
147.0
118.0
119.0
149.0
418.0
121.0
117.0
153.0
122.0
149.0
113.0
151.0
108.0
122.0
146.0
116.0
146.0
121.0
110.0
148.0
122.0
154.0
110.0
116.0
149.0
110.0
102.0
153.0
114.0
150.0
117.0
145.0
116.0
148.0
119.0
152.0
116.0
149.0
121.0
117.0
149.0
117.0
122.0
145.0
115.0
115.0
148.0
120.0
120.0
106.0
150.0
116.0
114.0
117.0
118.0
148.0
120.0
152.0
122.0
151.0
119.0
151.0
119.0
118.0
123.0
121.0
120.0
118.0
150.0
443.0
150.0
118.0
119.0
154.0
117.0
150.0
117.0
110.0
114.0
149.0
118.0
150.0
122.0
115.0
122.0
148.0
112.0
148.0
114.0
123.0
117.0
150.0
120.0
149.0
118.0
121.0
114.0
150.0
119.0
150.0
115.0
150.0
118.0
151.0
117.0
114.0
113.0
150.0
118.0
120.0
149.0
120.0
119.0
153.0
121.0
152.0
120.0
151.0
115.0
120.0
101.0
149.0
117.0
151.0
117.0
116.0
117.0
122.0
149.0
123.0
119.0
149.0
116.0
114.0
148.0
117.0
121.0
147.0
118.0
118.0
152.0
117.0
149.0
121.0
187.0
146.0
114.0
148.0
122.0
116.0
154.0
116.0
152.0
117.0
117.0
151.0
114.0
149.0
117.0
121.0
150.0
122.0
152.0
118.0
119.0
147.0
101.0
149.0
117.0
118.0
119.0
149.0
117.0
150.0
117.0
150.0
118.0
150.0
125.0
122.0
149.0
118.0
149.0
118.0
149.0
122.0
150.0
121.0
147.0
121.0
150.0
121.0
119.0
149.0
120.0
151.0
126.0
118.0
117.0
119.0
152.0
117.0
148.0
121.0
120.0
152.0
454.0
148.0
116.0
149.0
121.0
119.0
117.0
150.0
117.0
149.0
118.0
117.0
122.0
119.0
120.0
150.0
117.0
114.0
146.0
118.0
149.0
117.0
114.0
146.0
110.0
148.0
116.0
149.0
121.0
146.0
117.0
118.0
110.0
151.0
114.0
100.0
150.0
113.0
149.0
118.0
155.0
119.0
118.0
151.0
120.0
150.0
117.0
117.0
114.0
149.0
114.0
112.0
118.0
117.0
120.0
117.0
117.0
149.0
120.0
123.0
149.0
116.0
116.0
148.0
120.0
150.0
120.0
119.0
121.0
117.0
149.0
118.0
118.0
152.0
113.0
122.0
117.0
125.0
122.0
119.0
152.0
120.0
117.0
116.0
117.0
99.0
152.0
118.0
111.0
114.0
148.0
113.0
114.0
124.0
147.0
117.0
147.0
114.0
148.0
108.0
152.0
114.0
149.0
118.0
117.0
154.0
119.0
118.0
146.0
118.0
528.0
152.0
119.0
150.0
120.0
117.0
111.0
153.0
119.0
114.0
149.0
101.0
122.0
117.0
118.0
117.0
116.0
148.0
120.0
148.0
125.0
148.0
116.0
152.0
122.0
150.0
118.0
114.0
150.0
117.0
120.0
118.0
111.0
119.0
113.0
148.0
116.0
146.0
121.0
173.0
143.0
113.0
149.0
118.0
152.0
115.0
150.0
116.0
149.0
114.0
149.0
119.0
150.0
121.0
113.0
148.0
119.0
118.0
151.0
120.0
146.0
116.0
150.0
120.0
148.0
414.0
152.0
119.0
121.0
116.0
119.0
115.0
148.0
122.0
117.0
118.0
119.0
117.0
147.0
112.0
149.0
121.0
114.0
150.0
117.0
148.0
117.0
146.0
115.0
117.0
119.0
148.0
126.0
153.0
121.0
119.0
121.0
148.0
120.0
108.0
151.0
124.0
151.0
120.0
149.0
115.0
115.0
116.0
147.0
119.0
153.0
122.0
153.0
116.0
120.0
119.0
152.0
117.0
154.0
118.0
142.0
187.0
149.0
122.0
118.0
117.0
149.0
119.0
117.0
119.0
112.0
151.0
120.0
116.0
148.0
117.0
149.0
119.0
147.0
115.0
120.0
120.0
150.0
119.0
153.0
118.0
118.0
150.0
116.0
149.0
113.0
149.0
119.0
149.0
120.0
117.0
150.0
120.0
119.0
150.0
118.0
151.0
116.0
150.0
110.0
150.0
122.0
117.0
150.0
117.0
149.0
121.0
118.0
150.0
104.0
150.0
114.0
125.0
119.0
121.0
121.0
114.0
152.0
118.0
120.0
149.0
119.0
146.0
117.0
119.0
152.0
102.0
148.0
116.0
146.0
118.0
117.0
117.0
150.0
121.0
146.0
114.0
148.0
116.0
146.0
93.0
154.0
117.0
114.0
117.0
153.0
119.0
546.0
153.0
114.0
149.0
116.0
144.0
118.0
115.0
117.0
123.0
115.0
115.0
148.0
117.0
116.0
146.0
115.0
116.0
109.0
148.0
118.0
149.0
117.0
114.0
118.0
121.0
149.0
112.0
154.0
116.0
118.0
117.0
147.0
120.0
114.0
117.0
105.0
146.0
115.0
121.0
148.0
210.0
154.0
119.0
117.0
150.0
219.0
118.0
151.0
116.0
119.0
117.0
119.0
150.0
123.0
146.0
119.0
122.0
116.0
150.0
119.0
148.0
147.0
119.0
149.0
117.0
150.0
122.0
122.0
149.0
118.0
153.0
119.0
115.0
146.0
118.0
150.0
120.0
118.0
118.0
151.0
119.0
119.0
147.0
117.0
121.0
117.0
149.0
118.0
118.0
118.0
119.0
114.0
150.0
110.0
153.0
116.0
151.0
120.0
148.0
116.0
221.0
122.0
118.0
114.0
114.0
117.0
122.0
122.0
116.0
149.0
119.0
116.0
118.0
111.0
150.0
116.0
118.0
147.0
115.0
114.0
117.0
148.0
114.0
114.0
121.0
122.0
113.0
149.0
233.0
115.0
149.0
119.0
151.0
121.0
117.0
149.0
119.0
114.0
118.0
148.0
115.0
149.0
115.0
153.0
116.0
117.0
115.0
148.0
158.0
148.0
118.0
119.0
146.0
116.0
118.0
149.0
117.0
119.0
122.0
116.0
151.0
109.0
118.0
120.0
121.0
117.0
149.0
121.0
116.0
150.0
120.0
118.0
117.0
119.0
148.0
117.0
118.0
122.0
152.0
116.0
113.0
124.0
122.0
118.0
150.0
110.0
151.0
117.0
120.0
152.0
122.0
150.0
117.0
117.0
150.0
119.0
111.0
144.0
122.0
149.0
123.0
121.0
122.0
149.0
115.0
144.0
120.0
121.0
122.0
148.0
115.0
153.0
110.0
150.0
122.0
117.0
149.0
116.0
148.0
116.0
118.0
147.0
118.0
146.0
120.0
114.0
149.0
124.0
260.0
150.0
117.0
151.0
117.0
146.0
120.0
134.0
121.0
149.0
117.0
153.0
114.0
118.0
117.0
149.0
117.0
116.0
120.0
118.0
117.0
115.0
120.0
150.0
121.0
113.0
151.0
117.0
118.0
148.0
122.0
120.0
152.0
121.0
118.0
117.0
145.0
104.0
155.0
114.0
119.0
106.0
119.0
114.0
148.0
118.0
151.0
120.0
150.0
120.0
148.0
117.0
154.0
186.0
118.0
122.0
149.0
121.0
118.0
116.0
148.0
118.0
151.0
117.0
119.0
115.0
113.0
150.0
115.0
151.0
117.0
149.0
115.0
151.0
109.0
112.0
115.0
151.0
119.0
181.0
116.0
154.0
236.0
152.0
119.0
153.0
122.0
152.0
116.0
118.0
122.0
121.0
113.0
146.0
108.0
114.0
102.0
154.0
117.0
148.0
100.0
152.0
121.0
149.0
117.0
122.0
149.0
121.0
145.0
119.0
155.0
118.0
152.0
118.0
118.0
149.0
253.0
150.0
120.0
146.0
118.0
150.0
123.0
116.0
570.0
148.0
117.0
108.0
109.0
153.0
114.0
149.0
117.0
109.0
118.0
117.0
118.0
149.0
174.0
114.0
117.0
155.0
116.0
116.0
153.0
122.0
150.0
120.0
118.0
118.0
118.0
151.0
117.0
117.0
120.0
147.0
117.0
117.0
114.0
151.0
122.0
114.0
118.0
152.0
116.0
150.0
117.0
109.0
235.0
153.0
116.0
120.0
122.0
121.0
117.0
117.0
117.0
149.0
120.0
151.0
118.0
107.0
154.0
114.0
112.0
120.0
145.0
110.0
148.0
118.0
147.0
118.0
119.0
113.0
154.0
117.0
119.0
151.0
118.0
114.0
150.0
120.0
118.0
146.0
118.0
115.0
147.0
120.0
119.0
118.0
147.0
111.0
154.0
122.0
151.0
122.0
152.0
120.0
147.0
122.0
152.0
113.0
119.0
150.0
121.0
117.0
118.0
115.0
116.0
150.0
119.0
118.0
118.0
120.0
119.0
150.0
119.0
117.0
147.0
120.0
115.0
116.0
151.0
106.0
147.0
117.0
144.0
121.0
115.0
150.0
101.0
154.0
112.0
114.0
121.0
338.0
118.0
154.0
119.0
153.0
120.0
144.0
117.0
146.0
117.0
146.0
119.0
116.0
146.0
119.0
150.0
118.0
118.0
118.0
277.0
118.0
123.0
118.0
120.0
123.0
150.0
117.0
118.0
147.0
116.0
153.0
121.0
117.0
150.0
117.0
119.0
146.0
116.0
119.0
114.0
114.0
117.0
150.0
108.0
120.0
117.0
122.0
194.0
149.0
120.0
149.0
207.0
151.0
118.0
149.0
111.0
150.0
114.0
150.0
124.0
144.0
117.0
122.0
211.0
117.0
117.0
146.0
98.0
147.0
120.0
121.0
121.0
149.0
116.0
117.0
120.0
115.0
120.0
148.0
118.0
115.0
119.0
145.0
117.0
119.0
142.0
116.0
150.0
120.0
130.0
121.0
155.0
117.0
149.0
113.0
147.0
119.0
152.0
116.0
120.0
149.0
112.0
105.0
150.0
116.0
155.0
118.0
155.0
119.0
228.0
120.0
117.0
151.0
115.0
109.0
151.0
118.0
124.0
150.0
125.0
117.0
150.0
111.0
153.0
119.0
145.0
107.0
151.0
116.0
119.0
119.0
151.0
120.0
125.0
112.0
112.0
120.0
121.0
151.0
114.0
117.0
148.0
115.0
112.0
119.0
119.0
217.0
152.0
118.0
155.0
109.0
153.0
121.0
103.0
147.0
112.0
123.0
118.0
118.0
154.0
125.0
114.0
153.0
123.0
148.0
120.0
122.0
118.0
118.0
151.0
121.0
123.0
146.0
114.0
146.0
113.0
116.0
113.0
125.0
115.0
121.0
151.0
116.0
149.0
118.0
119.0
151.0
117.0
150.0
118.0
112.0
108.0
150.0
120.0
151.0
119.0
122.0
148.0
115.0
152.0
119.0
117.0
121.0
146.0
119.0
146.0
118.0
154.0
117.0
151.0
124.0
151.0
117.0
147.0
114.0
151.0
116.0
151.0
114.0
150.0
115.0
114.0
150.0
117.0
113.0
117.0
121.0
150.0
117.0
148.0
118.0
115.0
116.0
122.0
149.0
116.0
118.0
110.0
147.0
121.0
112.0
154.0
114.0
151.0
117.0
144.0
118.0
115.0
145.0
196.0
152.0
117.0
151.0
122.0
116.0
118.0
117.0
153.0
119.0
118.0
121.0
112.0
118.0
116.0
146.0
116.0
122.0
117.0
121.0
145.0
122.0
118.0
113.0
116.0
117.0
149.0
117.0
149.0
117.0
118.0
146.0
119.0
150.0
188.0
117.0
148.0
117.0
117.0
147.0
112.0
149.0
121.0
149.0
122.0
150.0
114.0
116.0
122.0
116.0
150.0
119.0
150.0
115.0
116.0
118.0
116.0
152.0
118.0
151.0
114.0
150.0
113.0
151.0
115.0
117.0
151.0
115.0
148.0
122.0
150.0
122.0
121.0
118.0
109.0
149.0
117.0
119.0
116.0
147.0
119.0
148.0
118.0
153.0
117.0
150.0
119.0
146.0
117.0
146.0
123.0
121.0
149.0
117.0
150.0
116.0
150.0
123.0
121.0
153.0
116.0
116.0
121.0
119.0
146.0
118.0
150.0
122.0
151.0
113.0
152.0
119.0
149.0
117.0
118.0
152.0
118.0
153.0
118.0
146.0
122.0
147.0
114.0
102.0
156.0
119.0
149.0
117.0
118.0
147.0
116.0
148.0
122.0
117.0
116.0
148.0
121.0
122.0
153.0
120.0
148.0
118.0
148.0
116.0
150.0
122.0
185.0
110.0
120.0
153.0
116.0
153.0
121.0
118.0
149.0
119.0
115.0
150.0
116.0
118.0
149.0
86.0
158.0
117.0
148.0
120.0
149.0
153.0
152.0
119.0
148.0
106.0
153.0
109.0
149.0
118.0
122.0
153.0
115.0
119.0
150.0
117.0
113.0
150.0
122.0
147.0
116.0
150.0
117.0
151.0
118.0
114.0
118.0
142.0
112.0
149.0
110.0
120.0
150.0
116.0
105.0
118.0
120.0
150.0
227.0
149.0
116.0
150.0
114.0
148.0
117.0
116.0
118.0
117.0
121.0
113.0
118.0
149.0
116.0
113.0
111.0
146.0
120.0
151.0
119.0
119.0
117.0
145.0
118.0
117.0
146.0
115.0
150.0
118.0
121.0
116.0
151.0
116.0
149.0
114.0
117.0
121.0
150.0
117.0
121.0
117.0
120.0
116.0
149.0
112.0
150.0
120.0
150.0
120.0
110.0
149.0
118.0
123.0
151.0
112.0
152.0
117.0
122.0
121.0
152.0
117.0
122.0
122.0
442.0
153.0
117.0
148.0
422.0
149.0
118.0
116.0
150.0
117.0
118.0
122.0
152.0
122.0
148.0
118.0
153.0
117.0
147.0
119.0
117.0
119.0
111.0
148.0
114.0
148.0
117.0
122.0
149.0
119.0
150.0
121.0
151.0
121.0
146.0
118.0
121.0
118.0
116.0
122.0
145.0
118.0
146.0
120.0
122.0
120.0
116.0
149.0
117.0
118.0
150.0
119.0
147.0
114.0
153.0
120.0
125.0
122.0
117.0
146.0
122.0
117.0
112.0
148.0
122.0
117.0
146.0
116.0
121.0
121.0
146.0
112.0
152.0
114.0
119.0
116.0
150.0
118.0
120.0
149.0
112.0
145.0
117.0
151.0
110.0
121.0
151.0
118.0
151.0
117.0
150.0
122.0
114.0
145.0
114.0
146.0
110.0
156.0
116.0
149.0
116.0
150.0
116.0
149.0
118.0
148.0
197.0
149.0
116.0
150.0
114.0
152.0
123.0
119.0
147.0
116.0
114.0
150.0
119.0
148.0
122.0
119.0
116.0
145.0
117.0
117.0
119.0
109.0
153.0
116.0
119.0
150.0
107.0
152.0
120.0
152.0
120.0
146.0
293.0
148.0
118.0
147.0
121.0
121.0
150.0
114.0
219.0
125.0
114.0
117.0
144.0
119.0
152.0
121.0
148.0
117.0
112.0
148.0
121.0
119.0
117.0
122.0
119.0
119.0
119.0
109.0
153.0
115.0
151.0
119.0
120.0
152.0
118.0
152.0
119.0
151.0
122.0
149.0
110.0
150.0
118.0
149.0
119.0
117.0
105.0
150.0
117.0
151.0
117.0
115.0
147.0
118.0
150.0
542.0
151.0
114.0
148.0
119.0
112.0
114.0
148.0
119.0
148.0
105.0
150.0
113.0
149.0
120.0
148.0
190.0
148.0
116.0
148.0
114.0
149.0
118.0
117.0
120.0
152.0
114.0
146.0
113.0
149.0
118.0
117.0
149.0
352.0
115.0
150.0
117.0
99.0
151.0
118.0
148.0
118.0
151.0
117.0
112.0
148.0
122.0
117.0
117.0
148.0
117.0
118.0
150.0
119.0
105.0
116.0
151.0
119.0
114.0
120.0
121.0
