108.0
106.0
245.0
106.0
107.0
135.0
103.0
137.0
102.0
139.0
108.0
106.0
102.0
133.0
103.0
137.0
104.0
135.0
134.0
109.0
138.0
105.0
137.0
104.0
104.0
107.0
105.0
135.0
106.0
99.0
137.0
101.0
102.0
93.0
139.0
103.0
136.0
108.0
140.0
109.0
137.0
102.0
138.0
100.0
139.0
105.0
138.0
105.0
136.0
106.0
109.0
98.0
140.0
104.0
142.0
108.0
136.0
109.0
107.0
106.0
139.0
107.0
105.0
109.0
138.0
104.0
106.0
137.0
107.0
104.0
105.0
103.0
137.0
107.0
99.0
109.0
138.0
106.0
138.0
90.0
136.0
104.0
135.0
105.0
108.0
102.0
137.0
109.0
138.0
104.0
134.0
106.0
140.0
102.0
137.0
106.0
138.0
109.0
98.0
139.0
101.0
109.0
137.0
102.0
136.0
101.0
141.0
105.0
142.0
105.0
136.0
104.0
107.0
136.0
106.0
141.0
104.0
137.0
112.0
135.0
107.0
133.0
101.0
137.0
104.0
106.0
135.0
108.0
136.0
104.0
137.0
100.0
105.0
142.0
93.0
142.0
110.0
133.0
106.0
139.0
97.0
105.0
106.0
141.0
106.0
104.0
106.0
139.0
109.0
101.0
136.0
106.0
141.0
106.0
136.0
110.0
136.0
105.0
104.0
139.0
101.0
138.0
245.0
105.0
108.0
134.0
110.0
135.0
103.0
106.0
138.0
103.0
141.0
106.0
138.0
105.0
138.0
102.0
138.0
109.0
133.0
108.0
138.0
105.0
138.0
104.0
105.0
142.0
97.0
138.0
104.0
136.0
105.0
141.0
105.0
139.0
106.0
102.0
139.0
103.0
134.0
100.0
102.0
136.0
100.0
136.0
104.0
140.0
87.0
135.0
100.0
138.0
75.0
148.0
96.0
140.0
97.0
140.0
106.0
105.0
138.0
104.0
133.0
106.0
138.0
108.0
136.0
105.0
136.0
109.0
136.0
109.0
140.0
103.0
138.0
109.0
106.0
137.0
110.0
152.0
104.0
109.0
102.0
135.0
105.0
101.0
106.0
106.0
106.0
98.0
140.0
105.0
105.0
106.0
105.0
135.0
105.0
136.0
106.0
137.0
104.0
138.0
105.0
142.0
106.0
101.0
138.0
104.0
138.0
102.0
137.0
105.0
137.0
107.0
136.0
106.0
133.0
104.0
137.0
106.0
110.0
135.0
98.0
138.0
105.0
104.0
135.0
104.0
138.0
98.0
138.0
106.0
136.0
107.0
138.0
104.0
101.0
104.0
106.0
138.0
104.0
130.0
104.0
104.0
106.0
106.0
141.0
105.0
138.0
107.0
99.0
138.0
101.0
139.0
104.0
142.0
106.0
136.0
106.0
134.0
103.0
137.0
191.0
133.0
101.0
106.0
105.0
138.0
107.0
107.0
139.0
167.0
109.0
136.0
95.0
136.0
101.0
136.0
234.0
106.0
108.0
138.0
107.0
101.0
136.0
94.0
139.0
107.0
139.0
108.0
106.0
96.0
106.0
106.0
107.0
136.0
105.0
136.0
109.0
139.0
107.0
135.0
98.0
137.0
107.0
106.0
104.0
140.0
218.0
101.0
101.0
106.0
104.0
136.0
108.0
109.0
134.0
108.0
138.0
109.0
135.0
105.0
99.0
102.0
107.0
139.0
219.0
135.0
106.0
139.0
106.0
102.0
143.0
106.0
99.0
141.0
104.0
136.0
104.0
106.0
106.0
107.0
139.0
104.0
138.0
105.0
135.0
107.0
137.0
106.0
110.0
107.0
101.0
103.0
133.0
106.0
104.0
135.0
101.0
137.0
105.0
101.0
138.0
300.0
138.0
106.0
137.0
101.0
138.0
106.0
136.0
109.0
98.0
134.0
101.0
131.0
104.0
107.0
136.0
100.0
138.0
107.0
135.0
108.0
140.0
103.0
133.0
103.0
109.0
142.0
103.0
136.0
105.0
106.0
133.0
106.0
101.0
100.0
106.0
138.0
102.0
98.0
105.0
142.0
106.0
107.0
101.0
100.0
141.0
103.0
137.0
109.0
140.0
105.0
108.0
138.0
105.0
138.0
103.0
108.0
105.0
137.0
102.0
104.0
141.0
106.0
103.0
100.0
106.0
107.0
101.0
134.0
107.0
103.0
137.0
105.0
108.0
137.0
109.0
106.0
138.0
103.0
141.0
105.0
106.0
138.0
104.0
141.0
107.0
105.0
106.0
103.0
105.0
140.0
96.0
103.0
137.0
106.0
105.0
142.0
101.0
137.0
106.0
137.0
102.0
138.0
104.0
104.0
136.0
105.0
106.0
107.0
135.0
104.0
136.0
108.0
133.0
101.0
140.0
107.0
106.0
136.0
104.0
96.0
139.0
106.0
139.0
108.0
139.0
107.0
136.0
259.0
106.0
108.0
107.0
139.0
107.0
106.0
106.0
142.0
109.0
140.0
104.0
138.0
104.0
104.0
140.0
108.0
135.0
104.0
104.0
108.0
136.0
109.0
107.0
139.0
101.0
135.0
109.0
139.0
106.0
105.0
139.0
100.0
137.0
104.0
136.0
97.0
140.0
109.0
100.0
138.0
106.0
136.0
109.0
93.0
134.0
104.0
138.0
105.0
133.0
106.0
136.0
106.0
103.0
138.0
104.0
92.0
143.0
108.0
137.0
107.0
137.0
102.0
136.0
109.0
109.0
106.0
139.0
97.0
137.0
110.0
94.0
137.0
105.0
101.0
138.0
107.0
106.0
136.0
104.0
144.0
104.0
141.0
102.0
103.0
136.0
106.0
106.0
109.0
101.0
108.0
105.0
135.0
104.0
137.0
105.0
106.0
140.0
104.0
109.0
106.0
139.0
106.0
138.0
107.0
109.0
105.0
141.0
106.0
107.0
102.0
137.0
225.0
134.0
101.0
106.0
102.0
134.0
107.0
101.0
106.0
140.0
104.0
137.0
100.0
102.0
138.0
104.0
134.0
105.0
138.0
108.0
137.0
108.0
141.0
106.0
136.0
109.0
105.0
137.0
104.0
105.0
139.0
112.0
139.0
103.0
108.0
138.0
106.0
141.0
109.0
108.0
108.0
109.0
138.0
110.0
137.0
102.0
137.0
170.0
136.0
97.0
138.0
109.0
112.0
137.0
107.0
105.0
135.0
103.0
137.0
486.0
132.0
109.0
141.0
107.0
106.0
109.0
139.0
107.0
141.0
105.0
139.0
106.0
142.0
109.0
137.0
109.0
138.0
102.0
100.0
87.0
138.0
108.0
140.0
100.0
107.0
138.0
108.0
102.0
132.0
94.0
137.0
109.0
104.0
139.0
101.0
137.0
106.0
170.0
111.0
105.0
137.0
105.0
136.0
102.0
133.0
451.0
136.0
105.0
138.0
102.0
105.0
107.0
102.0
105.0
140.0
107.0
99.0
139.0
107.0
138.0
97.0
138.0
106.0
110.0
139.0
105.0
99.0
137.0
104.0
137.0
105.0
103.0
134.0
155.0
141.0
101.0
107.0
136.0
102.0
104.0
103.0
138.0
102.0
104.0
136.0
107.0
107.0
105.0
137.0
106.0
140.0
128.0
104.0
138.0
102.0
108.0
141.0
106.0
106.0
106.0
108.0
138.0
101.0
107.0
107.0
106.0
107.0
106.0
139.0
105.0
138.0
100.0
140.0
107.0
134.0
109.0
136.0
106.0
140.0
109.0
139.0
94.0
134.0
104.0
105.0
102.0
90.0
141.0
106.0
139.0
107.0
138.0
106.0
136.0
107.0
136.0
112.0
111.0
109.0
137.0
101.0
137.0
106.0
141.0
97.0
133.0
106.0
135.0
103.0
105.0
138.0
109.0
137.0
111.0
106.0
107.0
535.0
134.0
244.0
105.0
136.0
104.0
140.0
110.0
139.0
102.0
137.0
109.0
133.0
88.0
109.0
138.0
106.0
140.0
185.0
138.0
102.0
138.0
102.0
135.0
107.0
141.0
106.0
104.0
138.0
106.0
139.0
105.0
93.0
104.0
108.0
139.0
102.0
105.0
135.0
107.0
139.0
107.0
138.0
101.0
105.0
109.0
106.0
142.0
110.0
137.0
484.0
137.0
104.0
102.0
137.0
100.0
138.0
103.0
137.0
104.0
138.0
107.0
101.0
178.0
137.0
105.0
134.0
110.0
108.0
141.0
109.0
134.0
100.0
106.0
137.0
106.0
138.0
106.0
137.0
100.0
135.0
111.0
106.0
139.0
104.0
131.0
103.0
142.0
107.0
103.0
93.0
138.0
105.0
139.0
109.0
135.0
101.0
104.0
106.0
101.0
136.0
106.0
135.0
106.0
138.0
108.0
109.0
89.0
136.0
101.0
102.0
104.0
134.0
106.0
105.0
136.0
105.0
133.0
106.0
107.0
112.0
96.0
138.0
106.0
141.0
105.0
135.0
107.0
140.0
109.0
106.0
107.0
136.0
105.0
137.0
105.0
105.0
141.0
106.0
139.0
104.0
139.0
97.0
136.0
109.0
106.0
136.0
107.0
138.0
103.0
132.0
108.0
106.0
107.0
102.0
136.0
107.0
141.0
103.0
104.0
133.0
106.0
137.0
107.0
138.0
103.0
258.0
138.0
103.0
138.0
85.0
139.0
105.0
106.0
138.0
102.0
138.0
106.0
133.0
101.0
95.0
144.0
106.0
107.0
102.0
140.0
105.0
107.0
138.0
102.0
102.0
139.0
599.0
117.0
100.0
110.0
108.0
106.0
106.0
138.0
106.0
139.0
106.0
136.0
106.0
108.0
138.0
105.0
109.0
139.0
107.0
139.0
103.0
105.0
136.0
104.0
132.0
105.0
137.0
104.0
136.0
101.0
139.0
92.0
139.0
107.0
135.0
104.0
107.0
107.0
136.0
97.0
141.0
104.0
138.0
110.0
108.0
106.0
109.0
106.0
137.0
104.0
104.0
99.0
139.0
104.0
144.0
101.0
140.0
105.0
141.0
106.0
139.0
100.0
139.0
107.0
139.0
105.0
106.0
139.0
243.0
106.0
135.0
106.0
135.0
96.0
138.0
110.0
142.0
108.0
101.0
106.0
139.0
106.0
136.0
105.0
137.0
106.0
145.0
106.0
136.0
107.0
138.0
109.0
139.0
102.0
133.0
96.0
140.0
106.0
134.0
105.0
108.0
139.0
99.0
140.0
103.0
104.0
108.0
138.0
108.0
106.0
142.0
101.0
132.0
105.0
136.0
107.0
105.0
102.0
138.0
101.0
95.0
134.0
105.0
133.0
114.0
210.0
108.0
134.0
106.0
105.0
138.0
106.0
134.0
94.0
134.0
105.0
138.0
107.0
137.0
105.0
139.0
109.0
107.0
141.0
107.0
104.0
137.0
106.0
102.0
104.0
106.0
105.0
134.0
107.0
108.0
138.0
105.0
137.0
108.0
137.0
105.0
137.0
103.0
139.0
105.0
133.0
105.0
262.0
136.0
98.0
135.0
108.0
137.0
108.0
138.0
107.0
106.0
105.0
105.0
107.0
133.0
106.0
137.0
107.0
137.0
106.0
140.0
110.0
99.0
108.0
96.0
141.0
109.0
264.0
134.0
104.0
138.0
103.0
105.0
107.0
104.0
108.0
140.0
267.0
106.0
138.0
106.0
138.0
103.0
139.0
102.0
135.0
104.0
114.0
104.0
137.0
105.0
139.0
103.0
108.0
104.0
108.0
138.0
111.0
138.0
104.0
109.0
137.0
109.0
104.0
139.0
105.0
102.0
101.0
102.0
142.0
101.0
133.0
109.0
135.0
107.0
110.0
107.0
105.0
135.0
106.0
108.0
109.0
108.0
138.0
107.0
136.0
106.0
138.0
107.0
106.0
110.0
66.0
156.0
102.0
106.0
104.0
139.0
106.0
134.0
103.0
105.0
139.0
102.0
140.0
106.0
104.0
102.0
138.0
183.0
137.0
81.0
145.0
104.0
105.0
109.0
141.0
112.0
102.0
175.0
133.0
107.0
93.0
141.0
106.0
106.0
104.0
104.0
110.0
105.0
131.0
109.0
104.0
139.0
107.0
102.0
106.0
136.0
106.0
106.0
97.0
105.0
139.0
105.0
138.0
104.0
103.0
138.0
105.0
103.0
136.0
106.0
138.0
106.0
136.0
109.0
108.0
104.0
107.0
103.0
105.0
136.0
108.0
106.0
139.0
104.0
105.0
137.0
102.0
131.0
108.0
104.0
106.0
140.0
105.0
105.0
138.0
99.0
140.0
106.0
107.0
162.0
94.0
137.0
106.0
104.0
139.0
106.0
102.0
104.0
135.0
106.0
104.0
137.0
106.0
136.0
109.0
138.0
109.0
108.0
135.0
106.0
140.0
107.0
138.0
106.0
133.0
106.0
137.0
109.0
109.0
136.0
89.0
105.0
104.0
136.0
104.0
138.0
100.0
83.0
138.0
104.0
100.0
101.0
107.0
105.0
106.0
136.0
99.0
100.0
139.0
106.0
136.0
107.0
136.0
101.0
104.0
139.0
104.0
89.0
105.0
110.0
138.0
102.0
104.0
100.0
136.0
106.0
107.0
139.0
103.0
107.0
136.0
107.0
141.0
105.0
138.0
107.0
104.0
106.0
106.0
139.0
105.0
142.0
102.0
104.0
138.0
104.0
102.0
106.0
140.0
103.0
105.0
133.0
108.0
103.0
105.0
134.0
101.0
104.0
108.0
106.0
139.0
104.0
107.0
140.0
101.0
107.0
139.0
106.0
141.0
108.0
136.0
109.0
109.0
136.0
104.0
139.0
101.0
138.0
104.0
98.0
138.0
101.0
104.0
137.0
100.0
135.0
466.0
138.0
107.0
94.0
137.0
100.0
134.0
107.0
139.0
111.0
137.0
104.0
102.0
136.0
105.0
134.0
104.0
100.0
108.0
102.0
134.0
105.0
109.0
108.0
136.0
104.0
104.0
106.0
106.0
137.0
107.0
109.0
107.0
136.0
320.0
98.0
106.0
106.0
105.0
106.0
106.0
137.0
101.0
99.0
139.0
96.0
142.0
106.0
634.0
102.0
109.0
134.0
102.0
107.0
142.0
100.0
105.0
132.0
107.0
136.0
101.0
137.0
106.0
102.0
133.0
107.0
137.0
107.0
145.0
101.0
134.0
101.0
134.0
106.0
136.0
105.0
136.0
107.0
106.0
140.0
107.0
134.0
106.0
137.0
104.0
104.0
135.0
101.0
138.0
501.0
138.0
104.0
106.0
134.0
108.0
109.0
138.0
106.0
136.0
93.0
140.0
104.0
134.0
108.0
141.0
103.0
140.0
106.0
104.0
110.0
133.0
99.0
108.0
139.0
112.0
134.0
101.0
131.0
102.0
139.0
94.0
141.0
104.0
102.0
139.0
104.0
141.0
103.0
137.0
108.0
143.0
101.0
105.0
139.0
106.0
98.0
141.0
98.0
137.0
105.0
271.0
136.0
102.0
136.0
107.0
106.0
138.0
201.0
108.0
106.0
138.0
106.0
139.0
104.0
138.0
104.0
102.0
138.0
108.0
133.0
98.0
139.0
97.0
138.0
102.0
136.0
102.0
141.0
107.0
171.0
136.0
109.0
137.0
106.0
134.0
103.0
137.0
105.0
106.0
110.0
139.0
102.0
109.0
106.0
109.0
136.0
104.0
106.0
105.0
137.0
106.0
136.0
105.0
136.0
109.0
137.0
102.0
138.0
105.0
139.0
96.0
139.0
107.0
103.0
141.0
107.0
104.0
137.0
109.0
107.0
108.0
96.0
136.0
107.0
140.0
106.0
137.0
109.0
106.0
141.0
106.0
138.0
105.0
136.0
102.0
134.0
105.0
136.0
109.0
135.0
107.0
141.0
108.0
137.0
104.0
133.0
105.0
138.0
109.0
108.0
105.0
105.0
201.0
108.0
105.0
106.0
139.0
106.0
143.0
105.0
108.0
106.0
140.0
108.0
104.0
137.0
105.0
133.0
102.0
136.0
219.0
108.0
138.0
108.0
134.0
102.0
134.0
106.0
92.0
141.0
104.0
138.0
96.0
135.0
105.0
106.0
108.0
106.0
135.0
106.0
138.0
106.0
137.0
104.0
138.0
104.0
144.0
105.0
134.0
107.0
135.0
106.0
137.0
102.0
142.0
107.0
136.0
102.0
110.0
139.0
106.0
108.0
105.0
137.0
104.0
138.0
102.0
133.0
105.0
138.0
106.0
139.0
107.0
106.0
105.0
136.0
104.0
137.0
150.0
138.0
106.0
138.0
108.0
93.0
106.0
105.0
133.0
109.0
136.0
107.0
142.0
109.0
106.0
138.0
101.0
138.0
104.0
136.0
106.0
137.0
104.0
139.0
156.0
106.0
109.0
139.0
109.0
107.0
141.0
106.0
104.0
137.0
96.0
140.0
92.0
141.0
105.0
141.0
108.0
139.0
99.0
106.0
105.0
105.0
98.0
141.0
105.0
106.0
137.0
105.0
104.0
136.0
104.0
140.0
194.0
139.0
107.0
135.0
105.0
105.0
108.0
106.0
105.0
97.0
138.0
101.0
97.0
139.0
107.0
137.0
107.0
134.0
107.0
134.0
111.0
107.0
96.0
138.0
107.0
104.0
139.0
107.0
106.0
134.0
100.0
138.0
108.0
137.0
107.0
98.0
107.0
138.0
107.0
113.0
107.0
109.0
136.0
101.0
141.0
106.0
137.0
107.0
137.0
104.0
139.0
106.0
137.0
105.0
141.0
102.0
140.0
109.0
141.0
104.0
101.0
104.0
105.0
107.0
105.0
135.0
98.0
98.0
421.0
106.0
133.0
108.0
138.0
105.0
134.0
106.0
139.0
76.0
146.0
104.0
139.0
93.0
138.0
178.0
104.0
139.0
107.0
136.0
102.0
135.0
105.0
139.0
101.0
141.0
101.0
137.0
105.0
138.0
104.0
137.0
105.0
138.0
104.0
107.0
138.0
106.0
137.0
105.0
102.0
99.0
137.0
108.0
105.0
137.0
104.0
138.0
109.0
136.0
109.0
133.0
104.0
106.0
107.0
109.0
107.0
137.0
102.0
142.0
106.0
138.0
104.0
135.0
109.0
134.0
107.0
107.0
106.0
139.0
107.0
136.0
108.0
106.0
134.0
104.0
141.0
103.0
137.0
109.0
109.0
138.0
108.0
143.0
102.0
107.0
136.0
104.0
152.0
106.0
104.0
107.0
136.0
104.0
134.0
106.0
137.0
100.0
109.0
139.0
105.0
138.0
106.0
106.0
138.0
100.0
104.0
137.0
97.0
143.0
103.0
106.0
138.0
106.0
138.0
105.0
139.0
106.0
105.0
101.0
99.0
104.0
141.0
104.0
140.0
106.0
136.0
104.0
141.0
107.0
136.0
106.0
136.0
105.0
137.0
106.0
136.0
103.0
136.0
107.0
137.0
105.0
141.0
101.0
135.0
102.0
139.0
105.0
101.0
138.0
104.0
139.0
105.0
104.0
132.0
93.0
140.0
101.0
138.0
107.0
141.0
106.0
139.0
105.0
139.0
106.0
106.0
99.0
105.0
138.0
108.0
135.0
250.0
104.0
137.0
107.0
133.0
105.0
139.0
108.0
137.0
107.0
138.0
107.0
136.0
99.0
109.0
104.0
105.0
138.0
106.0
136.0
104.0
138.0
105.0
105.0
111.0
97.0
133.0
106.0
104.0
104.0
106.0
137.0
104.0
102.0
107.0
135.0
104.0
136.0
106.0
135.0
102.0
104.0
140.0
566.0
137.0
104.0
139.0
108.0
138.0
104.0
106.0
107.0
105.0
133.0
106.0
106.0
137.0
107.0
107.0
138.0
106.0
104.0
403.0
134.0
102.0
138.0
108.0
141.0
105.0
105.0
137.0
105.0
137.0
103.0
133.0
104.0
110.0
103.0
139.0
107.0
135.0
104.0
103.0
133.0
102.0
102.0
106.0
109.0
137.0
106.0
137.0
109.0
135.0
109.0
137.0
104.0
137.0
101.0
106.0
138.0
102.0
137.0
110.0
137.0
107.0
138.0
103.0
104.0
137.0
106.0
82.0
144.0
103.0
136.0
105.0
138.0
98.0
109.0
138.0
108.0
105.0
108.0
106.0
102.0
134.0
110.0
213.0
137.0
104.0
137.0
106.0
135.0
109.0
135.0
108.0
140.0
106.0
141.0
101.0
141.0
106.0
106.0
136.0
108.0
139.0
106.0
134.0
107.0
137.0
106.0
109.0
137.0
102.0
94.0
140.0
107.0
136.0
106.0
138.0
96.0
109.0
136.0
101.0
132.0
104.0
142.0
106.0
138.0
102.0
106.0
97.0
138.0
94.0
103.0
139.0
105.0
105.0
102.0
106.0
107.0
137.0
105.0
135.0
104.0
104.0
105.0
134.0
98.0
138.0
100.0
136.0
114.0
106.0
136.0
98.0
139.0
108.0
108.0
102.0
134.0
106.0
110.0
134.0
106.0
101.0
203.0
106.0
104.0
108.0
104.0
109.0
137.0
102.0
101.0
102.0
137.0
103.0
98.0
136.0
104.0
137.0
96.0
135.0
106.0
107.0
103.0
134.0
103.0
138.0
106.0
107.0
138.0
105.0
104.0
107.0
138.0
105.0
139.0
109.0
139.0
101.0
139.0
108.0
141.0
97.0
141.0
106.0
139.0
104.0
139.0
213.0
104.0
136.0
104.0
106.0
138.0
106.0
133.0
104.0
105.0
105.0
136.0
110.0
106.0
136.0
103.0
138.0
110.0
104.0
136.0
95.0
139.0
102.0
139.0
109.0
100.0
138.0
107.0
105.0
97.0
102.0
110.0
138.0
109.0
137.0
106.0
107.0
138.0
102.0
109.0
213.0
137.0
106.0
106.0
106.0
105.0
102.0
107.0
136.0
107.0
107.0
106.0
104.0
108.0
138.0
101.0
139.0
106.0
104.0
138.0
101.0
108.0
109.0
105.0
108.0
138.0
98.0
110.0
137.0
106.0
101.0
137.0
108.0
101.0
100.0
139.0
111.0
101.0
136.0
106.0
138.0
104.0
104.0
137.0
106.0
139.0
107.0
137.0
102.0
138.0
106.0
104.0
85.0
138.0
562.0
137.0
108.0
134.0
106.0
107.0
108.0
135.0
107.0
106.0
101.0
137.0
103.0
104.0
103.0
139.0
106.0
102.0
108.0
138.0
101.0
244.0
104.0
139.0
104.0
101.0
108.0
138.0
102.0
99.0
102.0
138.0
105.0
106.0
139.0
102.0
137.0
104.0
134.0
106.0
136.0
108.0
106.0
142.0
246.0
105.0
139.0
104.0
138.0
110.0
103.0
139.0
108.0
100.0
104.0
102.0
109.0
137.0
101.0
138.0
105.0
103.0
506.0
134.0
105.0
106.0
105.0
174.0
105.0
133.0
102.0
138.0
106.0
107.0
106.0
136.0
98.0
138.0
104.0
108.0
139.0
107.0
136.0
105.0
101.0
103.0
105.0
135.0
108.0
136.0
196.0
137.0
103.0
109.0
104.0
139.0
106.0
102.0
136.0
101.0
132.0
106.0
105.0
140.0
108.0
144.0
108.0
102.0
138.0
109.0
106.0
102.0
137.0
106.0
137.0
100.0
138.0
98.0
141.0
105.0
144.0
101.0
139.0
94.0
138.0
101.0
109.0
162.0
136.0
105.0
106.0
98.0
111.0
136.0
108.0
107.0
134.0
100.0
105.0
140.0
105.0
105.0
137.0
105.0
133.0
106.0
136.0
96.0
137.0
103.0
137.0
108.0
108.0
141.0
106.0
106.0
101.0
100.0
106.0
104.0
133.0
101.0
134.0
89.0
141.0
105.0
134.0
100.0
138.0
102.0
138.0
103.0
135.0
106.0
107.0
138.0
105.0
105.0
105.0
224.0
138.0
107.0
107.0
139.0
106.0
106.0
136.0
106.0
136.0
209.0
139.0
108.0
106.0
106.0
138.0
106.0
136.0
104.0
138.0
105.0
140.0
110.0
140.0
109.0
110.0
138.0
103.0
101.0
136.0
108.0
136.0
102.0
134.0
106.0
138.0
104.0
104.0
105.0
107.0
108.0
138.0
108.0
138.0
101.0
138.0
80.0
138.0
104.0
104.0
138.0
104.0
104.0
106.0
134.0
108.0
106.0
106.0
107.0
138.0
107.0
139.0
102.0
138.0
96.0
136.0
104.0
104.0
104.0
137.0
101.0
137.0
101.0
195.0
135.0
109.0
102.0
138.0
104.0
137.0
107.0
101.0
139.0
106.0
106.0
104.0
136.0
102.0
141.0
97.0
137.0
108.0
108.0
109.0
109.0
136.0
106.0
107.0
103.0
108.0
136.0
103.0
104.0
136.0
107.0
141.0
109.0
106.0
177.0
137.0
108.0
140.0
105.0
106.0
141.0
107.0
139.0
107.0
137.0
109.0
136.0
108.0
109.0
106.0
134.0
104.0
137.0
105.0
105.0
136.0
106.0
138.0
106.0
141.0
101.0
137.0
107.0
137.0
109.0
104.0
108.0
139.0
108.0
141.0
106.0
137.0
109.0
105.0
138.0
247.0
96.0
138.0
106.0
139.0
109.0
101.0
110.0
93.0
141.0
104.0
136.0
106.0
104.0
103.0
106.0
110.0
137.0
103.0
139.0
104.0
142.0
106.0
105.0
106.0
137.0
102.0
134.0
106.0
138.0
102.0
142.0
98.0
102.0
138.0
93.0
139.0
242.0
107.0
134.0
102.0
134.0
106.0
134.0
102.0
106.0
136.0
102.0
107.0
101.0
104.0
108.0
137.0
104.0
139.0
108.0
138.0
104.0
137.0
109.0
107.0
105.0
142.0
380.0
139.0
106.0
137.0
100.0
136.0
109.0
102.0
136.0
100.0
144.0
104.0
101.0
138.0
105.0
140.0
101.0
141.0
105.0
104.0
138.0
100.0
130.0
105.0
138.0
104.0
138.0
112.0
138.0
106.0
137.0
105.0
138.0
105.0
138.0
106.0
102.0
134.0
105.0
105.0
134.0
102.0
109.0
107.0
137.0
104.0
138.0
109.0
136.0
103.0
105.0
103.0
134.0
106.0
137.0
106.0
107.0
104.0
138.0
105.0
104.0
137.0
222.0
98.0
136.0
102.0
106.0
105.0
141.0
100.0
105.0
136.0
107.0
107.0
139.0
106.0
101.0
138.0
167.0
105.0
140.0
488.0
105.0
138.0
105.0
106.0
136.0
107.0
140.0
107.0
135.0
105.0
106.0
104.0
103.0
137.0
102.0
107.0
136.0
103.0
140.0
107.0
135.0
109.0
139.0
100.0
104.0
138.0
105.0
107.0
140.0
106.0
134.0
100.0
109.0
104.0
134.0
100.0
144.0
105.0
141.0
93.0
137.0
108.0
106.0
139.0
109.0
137.0
104.0
138.0
108.0
96.0
140.0
111.0
110.0
138.0
226.0
136.0
105.0
135.0
90.0
138.0
109.0
105.0
139.0
139.0
104.0
104.0
104.0
107.0
106.0
104.0
136.0
107.0
106.0
105.0
137.0
101.0
98.0
138.0
101.0
135.0
104.0
291.0
135.0
96.0
134.0
106.0
138.0
105.0
104.0
138.0
112.0
138.0
96.0
142.0
107.0
139.0
105.0
134.0
105.0
104.0
104.0
140.0
98.0
103.0
138.0
103.0
136.0
103.0
107.0
136.0
104.0
136.0
98.0
144.0
108.0
137.0
106.0
142.0
100.0
138.0
100.0
137.0
105.0
140.0
101.0
136.0
105.0
138.0
107.0
105.0
139.0
105.0
138.0
103.0
137.0
106.0
141.0
104.0
98.0
136.0
109.0
141.0
105.0
105.0
134.0
108.0
140.0
102.0
139.0
107.0
104.0
137.0
98.0
103.0
141.0
98.0
108.0
98.0
105.0
106.0
133.0
106.0
107.0
97.0
141.0
104.0
136.0
109.0
106.0
138.0
106.0
105.0
134.0
101.0
138.0
110.0
106.0
101.0
133.0
107.0
102.0
132.0
109.0
140.0
106.0
140.0
101.0
140.0
106.0
141.0
106.0
135.0
109.0
108.0
107.0
139.0
106.0
98.0
142.0
99.0
104.0
105.0
133.0
99.0
136.0
109.0
136.0
97.0
136.0
109.0
106.0
108.0
138.0
101.0
133.0
109.0
104.0
133.0
104.0
101.0
141.0
106.0
139.0
104.0
137.0
108.0
106.0
138.0
107.0
103.0
106.0
138.0
106.0
103.0
146.0
101.0
105.0
142.0
109.0
107.0
135.0
105.0
102.0
109.0
106.0
107.0
107.0
99.0
139.0
104.0
136.0
102.0
102.0
136.0
106.0
105.0
139.0
106.0
138.0
100.0
136.0
100.0
139.0
105.0
133.0
104.0
137.0
106.0
139.0
109.0
103.0
104.0
106.0
106.0
107.0
106.0
133.0
104.0
107.0
105.0
137.0
105.0
136.0
106.0
97.0
107.0
138.0
105.0
132.0
105.0
108.0
139.0
108.0
108.0
105.0
106.0
106.0
103.0
137.0
347.0
137.0
105.0
138.0
99.0
138.0
106.0
138.0
286.0
104.0
101.0
136.0
104.0
141.0
102.0
106.0
105.0
105.0
138.0
105.0
111.0
133.0
109.0
138.0
102.0
134.0
102.0
113.0
133.0
106.0
102.0
102.0
136.0
102.0
107.0
107.0
91.0
140.0
98.0
141.0
107.0
141.0
83.0
138.0
106.0
104.0
106.0
139.0
105.0
133.0
109.0
133.0
57.0
157.0
109.0
134.0
106.0
139.0
106.0
106.0
107.0
105.0
137.0
104.0
140.0
108.0
136.0
107.0
137.0
104.0
105.0
138.0
104.0
141.0
105.0
137.0
111.0
105.0
108.0
98.0
104.0
137.0
90.0
136.0
106.0
108.0
106.0
137.0
101.0
140.0
104.0
136.0
97.0
139.0
101.0
137.0
105.0
137.0
109.0
136.0
101.0
137.0
104.0
138.0
105.0
136.0
95.0
134.0
106.0
137.0
101.0
106.0
134.0
105.0
140.0
101.0
139.0
106.0
139.0
106.0
106.0
136.0
106.0
105.0
137.0
105.0
137.0
101.0
105.0
105.0
136.0
104.0
104.0
140.0
107.0
138.0
103.0
139.0
104.0
104.0
107.0
104.0
138.0
100.0
112.0
106.0
105.0
136.0
110.0
136.0
106.0
105.0
139.0
107.0
139.0
107.0
106.0
139.0
105.0
139.0
104.0
103.0
102.0
103.0
106.0
107.0
137.0
105.0
141.0
104.0
86.0
141.0
106.0
107.0
134.0
78.0
144.0
105.0
138.0
102.0
103.0
105.0
104.0
136.0
106.0
106.0
287.0
102.0
101.0
134.0
106.0
107.0
136.0
101.0
141.0
106.0
140.0
106.0
137.0
96.0
134.0
108.0
137.0
97.0
136.0
107.0
107.0
107.0
138.0
105.0
136.0
103.0
136.0
104.0
133.0
105.0
103.0
137.0
103.0
141.0
104.0
107.0
138.0
109.0
136.0
104.0
134.0
218.0
135.0
113.0
107.0
142.0
106.0
134.0
108.0
134.0
200.0
138.0
102.0
139.0
111.0
137.0
104.0
101.0
98.0
107.0
138.0
106.0
133.0
110.0
105.0
139.0
107.0
106.0
108.0
135.0
105.0
137.0
97.0
138.0
111.0
101.0
137.0
106.0
138.0
216.0
466.0
137.0
421.0
105.0
140.0
102.0
101.0
140.0
98.0
109.0
138.0
93.0
136.0
104.0
104.0
140.0
100.0
104.0
139.0
72.0
145.0
107.0
101.0
106.0
189.0
104.0
136.0
102.0
107.0
139.0
109.0
136.0
108.0
109.0
138.0
107.0
138.0
106.0
103.0
136.0
101.0
138.0
102.0
92.0
136.0
106.0
137.0
108.0
104.0
140.0
107.0
106.0
136.0
110.0
102.0
137.0
101.0
138.0
100.0
106.0
141.0
104.0
139.0
109.0
110.0
138.0
106.0
136.0
108.0
104.0
105.0
141.0
105.0
106.0
138.0
105.0
133.0
104.0
142.0
104.0
141.0
102.0
105.0
100.0
136.0
198.0
136.0
76.0
148.0
106.0
137.0
106.0
85.0
139.0
109.0
137.0
105.0
105.0
137.0
106.0
104.0
103.0
137.0
103.0
106.0
139.0
101.0
105.0
139.0
105.0
137.0
99.0
104.0
108.0
138.0
85.0
142.0
106.0
134.0
91.0
103.0
106.0
138.0
92.0
100.0
104.0
107.0
107.0
139.0
468.0
102.0
107.0
146.0
104.0
98.0
138.0
108.0
139.0
105.0
138.0
82.0
141.0
107.0
109.0
137.0
107.0
91.0
138.0
100.0
104.0
107.0
107.0
140.0
104.0
102.0
137.0
102.0
139.0
112.0
136.0
102.0
136.0
98.0
104.0
136.0
106.0
142.0
106.0
106.0
139.0
106.0
136.0
104.0
106.0
106.0
138.0
100.0
102.0
104.0
103.0
139.0
99.0
138.0
161.0
140.0
105.0
103.0
137.0
101.0
138.0
101.0
106.0
140.0
106.0
134.0
104.0
106.0
138.0
105.0
104.0
134.0
109.0
107.0
138.0
108.0
109.0
135.0
108.0
105.0
105.0
132.0
94.0
134.0
106.0
89.0
142.0
497.0
138.0
103.0
140.0
104.0
138.0
109.0
101.0
138.0
108.0
139.0
108.0
140.0
102.0
139.0
110.0
137.0
101.0
139.0
104.0
137.0
108.0
104.0
134.0
104.0
103.0
106.0
105.0
134.0
109.0
104.0
138.0
105.0
141.0
106.0
136.0
111.0
104.0
136.0
107.0
106.0
106.0
136.0
58.0
162.0
106.0
107.0
164.0
133.0
95.0
136.0
104.0
109.0
139.0
109.0
102.0
135.0
102.0
100.0
106.0
100.0
107.0
142.0
104.0
137.0
106.0
106.0
138.0
104.0
137.0
106.0
108.0
140.0
104.0
138.0
98.0
108.0
106.0
135.0
101.0
136.0
106.0
104.0
138.0
106.0
99.0
137.0
106.0
103.0
139.0
104.0
105.0
108.0
137.0
101.0
138.0
98.0
136.0
100.0
132.0
106.0
101.0
135.0
107.0
137.0
490.0
140.0
104.0
102.0
109.0
106.0
141.0
106.0
105.0
107.0
143.0
105.0
106.0
139.0
105.0
105.0
107.0
141.0
107.0
105.0
102.0
104.0
93.0
105.0
139.0
106.0
138.0
107.0
106.0
136.0
410.0
104.0
108.0
106.0
101.0
107.0
288.0
103.0
140.0
105.0
137.0
104.0
135.0
104.0
108.0
140.0
106.0
133.0
109.0
143.0
108.0
92.0
137.0
106.0
137.0
106.0
135.0
109.0
139.0
112.0
104.0
135.0
108.0
140.0
109.0
134.0
101.0
138.0
105.0
135.0
106.0
138.0
105.0
138.0
106.0
107.0
111.0
134.0
95.0
137.0
103.0
137.0
104.0
137.0
107.0
107.0
103.0
102.0
139.0
487.0
105.0
140.0
104.0
136.0
106.0
105.0
138.0
104.0
106.0
138.0
96.0
137.0
103.0
140.0
108.0
106.0
139.0
106.0
134.0
107.0
107.0
293.0
82.0
141.0
105.0
106.0
108.0
138.0
106.0
138.0
102.0
106.0
109.0
138.0
358.0
136.0
101.0
136.0
106.0
105.0
138.0
101.0
138.0
102.0
138.0
105.0
139.0
107.0
138.0
105.0
107.0
108.0
104.0
106.0
107.0
103.0
110.0
105.0
136.0
190.0
137.0
101.0
138.0
106.0
135.0
105.0
109.0
104.0
142.0
102.0
106.0
137.0
99.0
139.0
106.0
106.0
134.0
107.0
135.0
101.0
140.0
107.0
106.0
106.0
111.0
141.0
106.0
110.0
109.0
105.0
136.0
109.0
65.0
150.0
111.0
138.0
112.0
106.0
141.0
109.0
101.0
139.0
103.0
102.0
136.0
110.0
136.0
104.0
103.0
90.0
89.0
138.0
106.0
143.0
104.0
101.0
137.0
109.0
107.0
140.0
101.0
98.0
141.0
87.0
139.0
99.0
104.0
142.0
105.0
104.0
106.0
99.0
153.0
140.0
99.0
136.0
105.0
101.0
136.0
107.0
139.0
107.0
137.0
102.0
139.0
107.0
137.0
100.0
134.0
104.0
133.0
105.0
107.0
139.0
106.0
136.0
109.0
137.0
108.0
138.0
101.0
105.0
108.0
106.0
138.0
102.0
137.0
104.0
137.0
106.0
143.0
109.0
104.0
139.0
106.0
170.0
136.0
101.0
139.0
107.0
108.0
138.0
109.0
105.0
140.0
102.0
133.0
106.0
136.0
105.0
105.0
137.0
102.0
142.0
107.0
107.0
135.0
104.0
100.0
141.0
104.0
102.0
104.0
106.0
106.0
108.0
140.0
109.0
105.0
141.0
104.0
139.0
99.0
107.0
91.0
106.0
136.0
106.0
139.0
105.0
104.0
107.0
104.0
137.0
107.0
109.0
134.0
106.0
106.0
104.0
139.0
102.0
112.0
108.0
106.0
101.0
88.0
139.0
106.0
106.0
109.0
112.0
103.0
136.0
109.0
136.0
105.0
138.0
106.0
133.0
102.0
139.0
108.0
103.0
108.0
137.0
104.0
136.0
103.0
107.0
140.0
104.0
105.0
136.0
109.0
138.0
108.0
137.0
101.0
106.0
138.0
105.0
104.0
141.0
106.0
101.0
92.0
137.0
105.0
137.0
104.0
141.0
100.0
133.0
108.0
107.0
104.0
137.0
108.0
138.0
102.0
154.0
106.0
141.0
105.0
104.0
136.0
106.0
106.0
141.0
102.0
106.0
98.0
104.0
109.0
104.0
138.0
105.0
109.0
108.0
104.0
108.0
137.0
103.0
138.0
105.0
140.0
106.0
104.0
138.0
105.0
136.0
106.0
107.0
135.0
104.0
134.0
110.0
138.0
105.0
97.0
139.0
106.0
139.0
101.0
137.0
102.0
136.0
106.0
104.0
136.0
106.0
134.0
112.0
108.0
137.0
101.0
105.0
142.0
104.0
107.0
138.0
101.0
135.0
109.0
109.0
109.0
137.0
101.0
140.0
102.0
136.0
101.0
133.0
105.0
102.0
109.0
143.0
111.0
141.0
104.0
140.0
108.0
138.0
102.0
137.0
106.0
136.0
105.0
136.0
105.0
135.0
106.0
135.0
102.0
140.0
101.0
106.0
137.0
106.0
136.0
107.0
135.0
108.0
136.0
109.0
135.0
106.0
134.0
105.0
140.0
106.0
134.0
103.0
105.0
103.0
136.0
102.0
141.0
104.0
110.0
139.0
104.0
137.0
108.0
104.0
105.0
102.0
99.0
105.0
138.0
101.0
140.0
96.0
137.0
100.0
141.0
104.0
142.0
101.0
135.0
107.0
104.0
109.0
140.0
105.0
141.0
104.0
107.0
135.0
104.0
135.0
106.0
136.0
104.0
92.0
104.0
134.0
106.0
145.0
108.0
104.0
141.0
106.0
139.0
100.0
135.0
168.0
102.0
140.0
106.0
137.0
102.0
138.0
106.0
138.0
106.0
139.0
105.0
138.0
104.0
138.0
106.0
138.0
105.0
103.0
142.0
98.0
137.0
106.0
107.0
100.0
135.0
105.0
138.0
109.0
103.0
102.0
105.0
107.0
105.0
139.0
104.0
139.0
111.0
137.0
103.0
141.0
105.0
137.0
98.0
100.0
105.0
105.0
106.0
141.0
104.0
141.0
100.0
136.0
106.0
134.0
102.0
106.0
109.0
106.0
109.0
138.0
107.0
106.0
106.0
142.0
98.0
138.0
97.0
137.0
104.0
138.0
101.0
139.0
101.0
138.0
105.0
138.0
109.0
137.0
106.0
136.0
109.0
138.0
110.0
133.0
101.0
105.0
97.0
138.0
108.0
133.0
104.0
137.0
106.0
99.0
139.0
104.0
139.0
101.0
136.0
106.0
104.0
106.0
106.0
136.0
102.0
141.0
104.0
106.0
105.0
138.0
106.0
136.0
105.0
137.0
107.0
132.0
109.0
109.0
140.0
104.0
139.0
108.0
106.0
136.0
105.0
139.0
106.0
133.0
106.0
107.0
138.0
96.0
141.0
102.0
133.0
98.0
136.0
105.0
134.0
102.0
106.0
106.0
104.0
144.0
90.0
137.0
105.0
137.0
105.0
139.0
107.0
106.0
108.0
141.0
102.0
107.0
426.0
137.0
106.0
104.0
133.0
105.0
137.0
106.0
133.0
106.0
105.0
108.0
110.0
136.0
100.0
142.0
105.0
106.0
135.0
104.0
138.0
102.0
103.0
136.0
108.0
106.0
136.0
102.0
138.0
109.0
94.0
107.0
137.0
107.0
90.0
139.0
107.0
106.0
134.0
102.0
94.0
138.0
105.0
136.0
112.0
136.0
107.0
107.0
136.0
106.0
99.0
141.0
107.0
133.0
103.0
106.0
136.0
106.0
138.0
106.0
133.0
98.0
138.0
108.0
132.0
102.0
106.0
107.0
133.0
105.0
107.0
106.0
104.0
107.0
105.0
138.0
110.0
139.0
93.0
139.0
107.0
137.0
107.0
104.0
139.0
102.0
108.0
137.0
100.0
109.0
141.0
104.0
141.0
107.0
106.0
106.0
134.0
103.0
138.0
98.0
135.0
108.0
138.0
103.0
132.0
106.0
101.0
136.0
104.0
136.0
105.0
140.0
106.0
139.0
104.0
105.0
109.0
108.0
139.0
97.0
137.0
102.0
106.0
140.0
90.0
143.0
100.0
139.0
98.0
136.0
107.0
107.0
138.0
102.0
137.0
106.0
107.0
98.0
138.0
100.0
103.0
109.0
103.0
109.0
105.0
133.0
105.0
140.0
108.0
138.0
108.0
110.0
140.0
107.0
237.0
133.0
104.0
110.0
108.0
105.0
105.0
140.0
109.0
141.0
102.0
106.0
136.0
98.0
108.0
104.0
97.0
109.0
103.0
136.0
105.0
138.0
108.0
140.0
106.0
105.0
136.0
102.0
105.0
136.0
104.0
104.0
136.0
110.0
141.0
107.0
105.0
136.0
99.0
133.0
100.0
141.0
106.0
104.0
140.0
106.0
98.0
109.0
138.0
105.0
102.0
138.0
110.0
101.0
139.0
107.0
141.0
104.0
140.0
103.0
140.0
109.0
107.0
138.0
109.0
104.0
136.0
108.0
136.0
107.0
134.0
109.0
108.0
138.0
107.0
101.0
99.0
105.0
144.0
101.0
106.0
132.0
107.0
136.0
99.0
104.0
139.0
105.0
108.0
137.0
104.0
106.0
105.0
141.0
105.0
138.0
101.0
139.0
98.0
108.0
137.0
99.0
138.0
107.0
94.0
132.0
109.0
142.0
515.0
102.0
136.0
100.0
94.0
142.0
102.0
138.0
101.0
133.0
103.0
132.0
108.0
139.0
107.0
137.0
105.0
101.0
141.0
105.0
198.0
135.0
101.0
98.0
138.0
187.0
105.0
92.0
134.0
105.0
98.0
101.0
104.0
137.0
104.0
140.0
109.0
136.0
107.0
134.0
104.0
107.0
101.0
108.0
107.0
102.0
137.0
136.0
138.0
105.0
107.0
140.0
103.0
137.0
107.0
98.0
106.0
137.0
105.0
140.0
109.0
106.0
107.0
134.0
100.0
135.0
105.0
109.0
105.0
142.0
105.0
138.0
106.0
109.0
104.0
140.0
105.0
136.0
102.0
140.0
107.0
138.0
104.0
104.0
106.0
138.0
107.0
110.0
135.0
104.0
109.0
138.0
106.0
142.0
106.0
138.0
106.0
107.0
88.0
140.0
105.0
140.0
101.0
471.0
108.0
107.0
136.0
110.0
104.0
139.0
104.0
101.0
137.0
104.0
109.0
136.0
108.0
110.0
141.0
102.0
133.0
104.0
314.0
137.0
102.0
139.0
107.0
103.0
137.0
109.0
139.0
110.0
99.0
138.0
102.0
136.0
105.0
105.0
137.0
110.0
138.0
102.0
105.0
133.0
90.0
137.0
105.0
107.0
101.0
133.0
108.0
141.0
105.0
137.0
106.0
138.0
112.0
109.0
139.0
106.0
140.0
103.0
137.0
109.0
137.0
102.0
135.0
108.0
134.0
105.0
108.0
138.0
109.0
135.0
108.0
107.0
101.0
101.0
138.0
109.0
138.0
108.0
105.0
139.0
97.0
140.0
106.0
137.0
107.0
109.0
106.0
138.0
106.0
137.0
108.0
105.0
109.0
107.0
108.0
139.0
105.0
106.0
134.0
105.0
140.0
103.0
103.0
134.0
99.0
138.0
104.0
138.0
110.0
132.0
106.0
105.0
100.0
142.0
106.0
81.0
141.0
104.0
138.0
107.0
141.0
107.0
105.0
139.0
105.0
139.0
105.0
104.0
98.0
138.0
104.0
100.0
105.0
105.0
111.0
109.0
107.0
140.0
107.0
108.0
142.0
107.0
104.0
135.0
105.0
139.0
109.0
106.0
109.0
104.0
138.0
107.0
105.0
138.0
94.0
110.0
325.0
108.0
109.0
106.0
139.0
104.0
105.0
106.0
105.0
89.0
142.0
101.0
101.0
103.0
136.0
100.0
102.0
170.0
134.0
106.0
137.0
106.0
142.0
93.0
139.0
106.0
140.0
103.0
103.0
139.0
110.0
102.0
133.0
107.0
96.0
136.0
106.0
133.0
109.0
106.0
100.0
139.0
101.0
105.0
137.0
91.0
107.0
104.0
108.0
102.0
106.0
137.0
109.0
139.0
109.0
138.0
104.0
139.0
106.0
137.0
108.0
106.0
136.0
106.0
106.0
106.0
97.0
105.0
98.0
136.0
104.0
134.0
107.0
507.0
132.0
105.0
139.0
105.0
140.0
102.0
139.0
106.0
136.0
102.0
137.0
102.0
139.0
106.0
101.0
137.0
105.0
106.0
139.0
110.0
136.0
107.0
138.0
110.0
134.0
105.0
138.0
102.0
109.0
102.0
160.0
106.0
137.0
108.0
106.0
108.0
106.0
104.0
136.0
101.0
138.0
106.0
105.0
139.0
104.0
136.0
104.0
138.0
104.0
110.0
109.0
134.0
107.0
138.0
108.0
105.0
104.0
138.0
107.0
90.0
141.0
109.0
141.0
105.0
136.0
105.0
104.0
102.0
136.0
111.0
141.0
107.0
138.0
104.0
105.0
105.0
137.0
102.0
143.0
105.0
136.0
105.0
137.0
107.0
109.0
104.0
136.0
107.0
109.0
107.0
107.0
136.0
101.0
102.0
137.0
106.0
139.0
109.0
137.0
110.0
106.0
105.0
138.0
107.0
137.0
106.0
104.0
137.0
108.0
138.0
105.0
137.0
106.0
140.0
110.0
103.0
140.0
113.0
107.0
140.0
107.0
136.0
101.0
138.0
101.0
138.0
104.0
108.0
137.0
103.0
137.0
109.0
108.0
137.0
553.0
133.0
106.0
111.0
105.0
112.0
110.0
106.0
137.0
106.0
106.0
137.0
107.0
137.0
107.0
106.0
141.0
94.0
137.0
106.0
136.0
107.0
108.0
106.0
139.0
104.0
137.0
107.0
133.0
101.0
134.0
75.0
143.0
108.0
101.0
103.0
143.0
101.0
89.0
146.0
103.0
137.0
104.0
136.0
106.0
108.0
106.0
106.0
102.0
107.0
136.0
105.0
106.0
139.0
104.0
106.0
100.0
138.0
106.0
140.0
107.0
107.0
105.0
106.0
138.0
105.0
139.0
105.0
106.0
106.0
140.0
105.0
106.0
108.0
95.0
136.0
100.0
107.0
134.0
105.0
141.0
101.0
104.0
133.0
109.0
107.0
137.0
104.0
104.0
106.0
106.0
139.0
107.0
138.0
106.0
106.0
106.0
136.0
103.0
136.0
173.0
107.0
139.0
105.0
135.0
101.0
105.0
139.0
105.0
138.0
106.0
107.0
136.0
106.0
141.0
104.0
107.0
104.0
138.0
109.0
111.0
136.0
106.0
106.0
106.0
137.0
304.0
107.0
109.0
106.0
108.0
138.0
97.0
140.0
104.0
139.0
107.0
139.0
105.0
110.0
107.0
109.0
104.0
105.0
109.0
108.0
108.0
100.0
138.0
107.0
106.0
105.0
104.0
141.0
102.0
104.0
135.0
105.0
105.0
106.0
141.0
106.0
100.0
111.0
106.0
98.0
139.0
110.0
107.0
133.0
107.0
142.0
106.0
105.0
138.0
103.0
106.0
105.0
139.0
106.0
137.0
102.0
141.0
103.0
104.0
104.0
137.0
100.0
133.0
107.0
104.0
135.0
107.0
107.0
139.0
104.0
104.0
106.0
106.0
136.0
526.0
106.0
104.0
106.0
107.0
140.0
109.0
103.0
138.0
104.0
108.0
102.0
105.0
138.0
109.0
106.0
105.0
136.0
105.0
101.0
107.0
105.0
108.0
143.0
98.0
138.0
104.0
107.0
137.0
108.0
136.0
101.0
104.0
140.0
107.0
103.0
130.0
107.0
137.0
106.0
110.0
108.0
138.0
336.0
134.0
106.0
108.0
109.0
138.0
102.0
139.0
99.0
140.0
169.0
107.0
141.0
106.0
138.0
107.0
104.0
137.0
103.0
133.0
102.0
106.0
137.0
107.0
109.0
134.0
105.0
137.0
104.0
133.0
105.0
105.0
106.0
134.0
104.0
139.0
101.0
109.0
104.0
136.0
106.0
105.0
106.0
110.0
108.0
109.0
106.0
141.0
103.0
98.0
142.0
101.0
107.0
137.0
112.0
102.0
140.0
109.0
109.0
106.0
132.0
91.0
141.0
106.0
106.0
95.0
109.0
455.0
138.0
158.0
138.0
108.0
137.0
103.0
138.0
106.0
142.0
108.0
109.0
110.0
134.0
105.0
108.0
108.0
136.0
108.0
139.0
102.0
103.0
104.0
99.0
139.0
107.0
140.0
105.0
137.0
106.0
134.0
93.0
103.0
105.0
143.0
107.0
102.0
102.0
138.0
110.0
138.0
107.0
134.0
106.0
138.0
105.0
101.0
109.0
107.0
98.0
133.0
98.0
404.0
92.0
138.0
101.0
141.0
89.0
138.0
105.0
138.0
108.0
110.0
136.0
104.0
136.0
106.0
138.0
105.0
139.0
105.0
109.0
133.0
106.0
138.0
107.0
138.0
104.0
138.0
105.0
108.0
93.0
140.0
110.0
96.0
97.0
137.0
98.0
136.0
107.0
97.0
105.0
102.0
106.0
138.0
162.0
104.0
101.0
137.0
101.0
104.0
144.0
110.0
134.0
108.0
108.0
106.0
104.0
138.0
104.0
106.0
106.0
137.0
102.0
105.0
98.0
138.0
107.0
109.0
109.0
136.0
100.0
139.0
106.0
95.0
111.0
141.0
105.0
102.0
109.0
107.0
101.0
108.0
104.0
136.0
102.0
141.0
107.0
94.0
137.0
98.0
103.0
108.0
134.0
97.0
137.0
106.0
138.0
104.0
109.0
102.0
140.0
107.0
102.0
137.0
105.0
101.0
139.0
104.0
110.0
136.0
106.0
102.0
137.0
104.0
106.0
105.0
138.0
102.0
138.0
106.0
139.0
113.0
139.0
107.0
137.0
111.0
140.0
105.0
107.0
135.0
110.0
104.0
107.0
108.0
107.0
139.0
103.0
101.0
106.0
107.0
106.0
138.0
109.0
101.0
134.0
106.0
104.0
426.0
136.0
96.0
138.0
109.0
136.0
107.0
104.0
139.0
88.0
140.0
461.0
100.0
109.0
328.0
104.0
140.0
103.0
139.0
108.0
134.0
106.0
139.0
106.0
138.0
102.0
107.0
138.0
110.0
137.0
111.0
101.0
105.0
100.0
107.0
105.0
106.0
105.0
106.0
138.0
106.0
105.0
142.0
104.0
138.0
109.0
108.0
141.0
106.0
104.0
138.0
101.0
109.0
103.0
98.0
106.0
138.0
98.0
105.0
107.0
110.0
104.0
134.0
109.0
136.0
106.0
139.0
104.0
136.0
97.0
143.0
100.0
138.0
109.0
136.0
103.0
110.0
109.0
109.0
99.0
138.0
91.0
138.0
108.0
105.0
106.0
136.0
105.0
104.0
103.0
101.0
106.0
138.0
106.0
103.0
104.0
134.0
105.0
104.0
134.0
106.0
134.0
102.0
114.0
107.0
139.0
101.0
138.0
105.0
138.0
107.0
138.0
107.0
106.0
142.0
98.0
97.0
141.0
109.0
141.0
109.0
138.0
106.0
110.0
103.0
158.0
139.0
102.0
99.0
141.0
106.0
103.0
137.0
110.0
109.0
141.0
99.0
139.0
261.0
134.0
99.0
138.0
105.0
104.0
101.0
138.0
105.0
170.0
455.0
98.0
107.0
106.0
137.0
104.0
112.0
134.0
98.0
430.0
104.0
103.0
105.0
136.0
108.0
142.0
95.0
138.0
109.0
93.0
134.0
102.0
109.0
108.0
106.0
141.0
111.0
102.0
138.0
111.0
139.0
106.0
107.0
109.0
107.0
139.0
108.0
108.0
135.0
105.0
132.0
100.0
107.0
98.0
112.0
106.0
110.0
141.0
106.0
139.0
103.0
105.0
141.0
104.0
145.0
107.0
98.0
96.0
145.0
104.0
139.0
105.0
108.0
133.0
394.0
135.0
106.0
106.0
102.0
138.0
109.0
136.0
109.0
139.0
106.0
138.0
108.0
135.0
103.0
140.0
103.0
140.0
98.0
140.0
101.0
138.0
100.0
102.0
136.0
100.0
101.0
105.0
105.0
133.0
106.0
135.0
106.0
102.0
104.0
107.0
136.0
101.0
106.0
512.0
137.0
107.0
100.0
140.0
98.0
132.0
104.0
137.0
111.0
106.0
138.0
105.0
139.0
104.0
138.0
106.0
106.0
107.0
104.0
138.0
107.0
102.0
107.0
475.0
106.0
106.0
137.0
102.0
109.0
105.0
109.0
138.0
104.0
110.0
100.0
104.0
109.0
134.0
108.0
137.0
104.0
107.0
136.0
109.0
141.0
101.0
106.0
141.0
101.0
106.0
134.0
102.0
137.0
107.0
141.0
109.0
138.0
102.0
107.0
111.0
100.0
137.0
104.0
137.0
103.0
170.0
107.0
105.0
139.0
105.0
140.0
97.0
137.0
98.0
138.0
102.0
103.0
138.0
98.0
138.0
111.0
136.0
105.0
107.0
106.0
507.0
137.0
104.0
107.0
103.0
137.0
106.0
141.0
105.0
140.0
105.0
141.0
108.0
136.0
102.0
139.0
109.0
107.0
137.0
105.0
141.0
104.0
137.0
109.0
107.0
138.0
105.0
107.0
105.0
107.0
133.0
109.0
141.0
108.0
136.0
104.0
141.0
104.0
139.0
107.0
106.0
140.0
105.0
138.0
108.0
136.0
104.0
136.0
104.0
88.0
141.0
107.0
133.0
104.0
156.0
136.0
101.0
133.0
108.0
108.0
101.0
141.0
104.0
103.0
137.0
110.0
138.0
107.0
134.0
106.0
138.0
106.0
177.0
101.0
107.0
139.0
108.0
140.0
106.0
102.0
137.0
109.0
104.0
136.0
102.0
104.0
140.0
75.0
147.0
105.0
137.0
102.0
136.0
110.0
137.0
105.0
136.0
91.0
143.0
97.0
134.0
106.0
105.0
138.0
109.0
109.0
137.0
108.0
105.0
137.0
108.0
138.0
109.0
138.0
105.0
138.0
102.0
104.0
101.0
131.0
101.0
133.0
98.0
109.0
135.0
104.0
95.0
104.0
105.0
139.0
105.0
136.0
104.0
137.0
100.0
135.0
107.0
156.0
362.0
102.0
103.0
99.0
107.0
140.0
101.0
106.0
100.0
138.0
108.0
138.0
107.0
104.0
102.0
134.0
109.0
106.0
137.0
106.0
140.0
104.0
106.0
103.0
137.0
103.0
137.0
99.0
103.0
107.0
141.0
102.0
110.0
106.0
103.0
106.0
133.0
102.0
138.0
105.0
138.0
105.0
94.0
141.0
292.0
107.0
136.0
100.0
135.0
106.0
104.0
102.0
137.0
103.0
104.0
106.0
102.0
138.0
106.0
138.0
105.0
135.0
108.0
105.0
136.0
105.0
109.0
108.0
140.0
105.0
135.0
109.0
135.0
105.0
138.0
110.0
105.0
104.0
100.0
137.0
104.0
136.0
105.0
109.0
137.0
103.0
138.0
106.0
138.0
107.0
138.0
102.0
106.0
106.0
107.0
107.0
135.0
105.0
138.0
102.0
161.0
112.0
104.0
138.0
108.0
106.0
137.0
106.0
137.0
98.0
136.0
106.0
107.0
109.0
104.0
134.0
106.0
101.0
100.0
136.0
107.0
105.0
135.0
102.0
106.0
105.0
134.0
98.0
140.0
104.0
109.0
105.0
136.0
105.0
107.0
136.0
98.0
134.0
100.0
138.0
512.0
109.0
137.0
104.0
141.0
106.0
139.0
106.0
105.0
137.0
106.0
136.0
101.0
141.0
102.0
141.0
107.0
138.0
105.0
139.0
108.0
138.0
106.0
138.0
100.0
134.0
104.0
138.0
105.0
105.0
137.0
105.0
97.0
136.0
108.0
138.0
109.0
106.0
106.0
138.0
104.0
105.0
103.0
95.0
136.0
106.0
108.0
140.0
96.0
140.0
104.0
137.0
106.0
133.0
101.0
133.0
216.0
139.0
103.0
109.0
136.0
100.0
101.0
106.0
103.0
107.0
134.0
106.0
141.0
109.0
136.0
104.0
100.0
138.0
106.0
105.0
101.0
109.0
108.0
352.0
104.0
94.0
138.0
101.0
137.0
103.0
104.0
137.0
109.0
138.0
104.0
140.0
107.0
134.0
98.0
140.0
104.0
140.0
104.0
105.0
93.0
139.0
105.0
138.0
109.0
106.0
136.0
102.0
139.0
93.0
146.0
102.0
139.0
105.0
98.0
100.0
136.0
107.0
135.0
90.0
138.0
104.0
138.0
107.0
136.0
106.0
137.0
102.0
136.0
104.0
139.0
105.0
106.0
106.0
139.0
100.0
134.0
103.0
137.0
102.0
105.0
138.0
107.0
104.0
135.0
102.0
83.0
140.0
101.0
140.0
105.0
138.0
106.0
102.0
133.0
107.0
105.0
101.0
138.0
106.0
106.0
138.0
105.0
91.0
101.0
138.0
104.0
102.0
104.0
108.0
