136.0
137.0
138.0
139.0
141.0
165.0
135.0
169.0
139.0
168.0
137.0
138.0
138.0
162.0
137.0
171.0
141.0
162.0
161.0
145.0
168.0
142.0
164.0
140.0
138.0
133.0
136.0
158.0
141.0
139.0
168.0
132.0
125.0
134.0
165.0
144.0
164.0
141.0
167.0
138.0
161.0
138.0
169.0
140.0
169.0
133.0
165.0
140.0
166.0
133.0
133.0
137.0
173.0
134.0
163.0
135.0
165.0
142.0
136.0
135.0
164.0
133.0
132.0
139.0
164.0
134.0
144.0
165.0
246.0
138.0
136.0
141.0
164.0
141.0
131.0
139.0
167.0
138.0
160.0
138.0
167.0
136.0
166.0
140.0
138.0
138.0
162.0
137.0
165.0
138.0
161.0
134.0
164.0
211.0
163.0
139.0
166.0
134.0
139.0
166.0
137.0
134.0
162.0
136.0
166.0
141.0
174.0
141.0
164.0
138.0
165.0
137.0
140.0
164.0
139.0
161.0
140.0
166.0
137.0
164.0
140.0
161.0
144.0
162.0
137.0
138.0
164.0
133.0
166.0
141.0
164.0
138.0
142.0
165.0
134.0
168.0
141.0
164.0
136.0
165.0
138.0
134.0
141.0
162.0
144.0
139.0
138.0
162.0
138.0
137.0
165.0
137.0
164.0
137.0
169.0
147.0
162.0
134.0
139.0
164.0
138.0
164.0
138.0
141.0
136.0
165.0
141.0
167.0
138.0
138.0
165.0
141.0
160.0
131.0
163.0
143.0
172.0
132.0
168.0
142.0
166.0
144.0
167.0
139.0
162.0
140.0
137.0
164.0
141.0
165.0
143.0
165.0
139.0
170.0
124.0
165.0
140.0
139.0
164.0
138.0
165.0
140.0
138.0
165.0
207.0
166.0
140.0
168.0
138.0
162.0
136.0
165.0
139.0
168.0
138.0
167.0
138.0
163.0
138.0
139.0
170.0
138.0
167.0
135.0
164.0
139.0
169.0
140.0
160.0
139.0
163.0
142.0
173.0
139.0
162.0
135.0
142.0
161.0
136.0
139.0
138.0
142.0
125.0
165.0
138.0
139.0
138.0
137.0
135.0
139.0
169.0
139.0
133.0
141.0
136.0
165.0
135.0
166.0
131.0
165.0
138.0
165.0
137.0
168.0
138.0
139.0
165.0
140.0
164.0
136.0
160.0
142.0
166.0
140.0
167.0
138.0
165.0
202.0
162.0
144.0
142.0
166.0
138.0
167.0
131.0
138.0
167.0
139.0
162.0
137.0
171.0
136.0
164.0
136.0
163.0
126.0
132.0
138.0
140.0
164.0
142.0
164.0
141.0
141.0
135.0
138.0
161.0
128.0
169.0
137.0
141.0
165.0
137.0
165.0
138.0
164.0
133.0
171.0
140.0
163.0
138.0
159.0
138.0
161.0
133.0
142.0
137.0
167.0
135.0
142.0
168.0
142.0
142.0
164.0
139.0
165.0
136.0
161.0
138.0
141.0
142.0
170.0
142.0
144.0
162.0
139.0
164.0
142.0
168.0
138.0
138.0
137.0
122.0
134.0
133.0
167.0
136.0
162.0
140.0
162.0
219.0
166.0
134.0
165.0
138.0
139.0
142.0
165.0
138.0
138.0
142.0
138.0
138.0
166.0
140.0
137.0
161.0
139.0
165.0
138.0
165.0
137.0
137.0
141.0
140.0
164.0
138.0
166.0
138.0
168.0
137.0
139.0
162.0
134.0
135.0
173.0
122.0
166.0
141.0
139.0
138.0
138.0
160.0
138.0
166.0
138.0
160.0
137.0
163.0
137.0
141.0
140.0
234.0
139.0
165.0
138.0
136.0
162.0
133.0
162.0
141.0
142.0
165.0
137.0
164.0
141.0
164.0
236.0
166.0
138.0
164.0
138.0
140.0
163.0
136.0
162.0
132.0
141.0
165.0
136.0
164.0
142.0
163.0
132.0
166.0
142.0
168.0
138.0
136.0
166.0
138.0
166.0
276.0
141.0
164.0
142.0
128.0
141.0
133.0
164.0
135.0
141.0
120.0
169.0
143.0
135.0
137.0
131.0
165.0
139.0
164.0
138.0
168.0
135.0
137.0
166.0
123.0
166.0
134.0
133.0
137.0
164.0
137.0
129.0
165.0
140.0
133.0
136.0
141.0
137.0
131.0
165.0
133.0
138.0
169.0
276.0
141.0
160.0
141.0
138.0
166.0
130.0
162.0
333.0
140.0
162.0
138.0
162.0
140.0
135.0
133.0
138.0
140.0
164.0
135.0
139.0
164.0
135.0
143.0
164.0
121.0
165.0
126.0
162.0
137.0
166.0
141.0
134.0
168.0
137.0
261.0
283.0
167.0
136.0
166.0
140.0
161.0
122.0
164.0
132.0
137.0
168.0
140.0
136.0
161.0
140.0
162.0
142.0
168.0
364.0
161.0
134.0
141.0
137.0
142.0
166.0
141.0
141.0
138.0
166.0
139.0
165.0
136.0
165.0
125.0
139.0
165.0
144.0
170.0
132.0
142.0
140.0
165.0
137.0
132.0
165.0
141.0
160.0
140.0
162.0
140.0
127.0
165.0
139.0
160.0
138.0
167.0
137.0
169.0
281.0
139.0
170.0
136.0
166.0
134.0
133.0
165.0
138.0
164.0
136.0
166.0
139.0
166.0
141.0
139.0
162.0
136.0
141.0
167.0
138.0
164.0
133.0
165.0
140.0
166.0
135.0
137.0
138.0
163.0
137.0
164.0
132.0
142.0
163.0
136.0
138.0
160.0
138.0
132.0
165.0
136.0
167.0
138.0
166.0
134.0
117.0
171.0
137.0
136.0
138.0
139.0
137.0
138.0
164.0
133.0
165.0
141.0
138.0
168.0
137.0
142.0
133.0
168.0
138.0
160.0
138.0
139.0
135.0
166.0
136.0
139.0
145.0
163.0
142.0
165.0
133.0
138.0
137.0
162.0
138.0
136.0
136.0
165.0
139.0
164.0
133.0
136.0
166.0
139.0
161.0
142.0
164.0
142.0
165.0
141.0
165.0
138.0
161.0
534.0
134.0
165.0
138.0
141.0
170.0
140.0
166.0
137.0
141.0
168.0
141.0
169.0
141.0
140.0
146.0
142.0
163.0
153.0
165.0
138.0
163.0
140.0
165.0
138.0
165.0
141.0
138.0
166.0
136.0
141.0
164.0
136.0
166.0
141.0
166.0
140.0
165.0
140.0
139.0
139.0
169.0
134.0
163.0
141.0
167.0
137.0
168.0
124.0
165.0
133.0
163.0
137.0
136.0
138.0
164.0
141.0
165.0
140.0
144.0
165.0
137.0
137.0
167.0
136.0
162.0
136.0
125.0
169.0
142.0
166.0
136.0
140.0
138.0
138.0
166.0
137.0
165.0
137.0
164.0
136.0
161.0
140.0
169.0
142.0
141.0
138.0
128.0
139.0
166.0
139.0
142.0
168.0
140.0
165.0
140.0
165.0
139.0
140.0
164.0
134.0
138.0
165.0
139.0
168.0
140.0
138.0
164.0
138.0
163.0
140.0
192.0
164.0
138.0
138.0
133.0
164.0
136.0
138.0
165.0
136.0
134.0
136.0
169.0
140.0
166.0
160.0
139.0
166.0
136.0
139.0
168.0
142.0
135.0
134.0
144.0
162.0
139.0
143.0
132.0
140.0
139.0
139.0
170.0
144.0
169.0
141.0
166.0
142.0
170.0
127.0
166.0
140.0
165.0
141.0
163.0
141.0
166.0
137.0
136.0
141.0
138.0
166.0
267.0
168.0
138.0
167.0
140.0
162.0
144.0
165.0
140.0
140.0
139.0
166.0
138.0
168.0
142.0
170.0
136.0
161.0
139.0
162.0
130.0
139.0
166.0
135.0
166.0
142.0
135.0
137.0
138.0
163.0
141.0
135.0
167.0
138.0
169.0
135.0
162.0
138.0
165.0
142.0
164.0
135.0
136.0
165.0
139.0
165.0
136.0
161.0
139.0
165.0
141.0
165.0
138.0
164.0
139.0
134.0
165.0
125.0
169.0
138.0
140.0
136.0
141.0
166.0
130.0
132.0
167.0
134.0
163.0
142.0
162.0
140.0
136.0
138.0
141.0
172.0
143.0
165.0
144.0
164.0
138.0
133.0
165.0
138.0
168.0
141.0
164.0
132.0
162.0
141.0
137.0
140.0
168.0
143.0
162.0
137.0
138.0
166.0
141.0
163.0
139.0
144.0
166.0
144.0
166.0
141.0
160.0
137.0
165.0
139.0
136.0
165.0
138.0
164.0
139.0
169.0
145.0
138.0
139.0
168.0
137.0
165.0
455.0
160.0
135.0
138.0
505.0
138.0
166.0
140.0
166.0
141.0
169.0
134.0
138.0
140.0
164.0
139.0
136.0
141.0
163.0
136.0
136.0
165.0
138.0
164.0
139.0
137.0
141.0
127.0
168.0
138.0
164.0
140.0
168.0
140.0
166.0
137.0
139.0
140.0
163.0
139.0
168.0
119.0
131.0
168.0
139.0
167.0
138.0
170.0
136.0
166.0
141.0
136.0
169.0
141.0
167.0
139.0
168.0
138.0
145.0
138.0
136.0
168.0
138.0
163.0
135.0
141.0
158.0
149.0
161.0
139.0
169.0
142.0
138.0
168.0
139.0
165.0
140.0
166.0
135.0
141.0
166.0
133.0
166.0
142.0
161.0
141.0
138.0
165.0
267.0
140.0
131.0
171.0
139.0
132.0
168.0
137.0
124.0
168.0
137.0
164.0
139.0
141.0
144.0
139.0
216.0
170.0
139.0
164.0
138.0
165.0
140.0
141.0
163.0
141.0
130.0
164.0
134.0
165.0
138.0
137.0
164.0
137.0
162.0
138.0
166.0
139.0
165.0
140.0
170.0
138.0
164.0
138.0
165.0
139.0
145.0
139.0
160.0
132.0
164.0
130.0
170.0
145.0
140.0
141.0
141.0
144.0
165.0
137.0
136.0
142.0
167.0
199.0
169.0
140.0
165.0
135.0
165.0
140.0
164.0
125.0
169.0
137.0
165.0
140.0
135.0
167.0
138.0
140.0
168.0
142.0
164.0
138.0
166.0
134.0
164.0
138.0
137.0
125.0
167.0
139.0
166.0
142.0
165.0
132.0
172.0
138.0
162.0
136.0
164.0
139.0
168.0
138.0
162.0
137.0
166.0
142.0
166.0
141.0
142.0
168.0
140.0
163.0
127.0
136.0
141.0
170.0
138.0
143.0
164.0
142.0
165.0
202.0
166.0
136.0
137.0
138.0
164.0
136.0
138.0
162.0
138.0
162.0
130.0
141.0
141.0
163.0
139.0
140.0
165.0
137.0
158.0
137.0
165.0
125.0
166.0
139.0
169.0
133.0
165.0
137.0
311.0
159.0
137.0
127.0
168.0
141.0
138.0
141.0
141.0
139.0
164.0
141.0
138.0
166.0
138.0
168.0
129.0
166.0
134.0
166.0
138.0
165.0
140.0
165.0
141.0
140.0
160.0
141.0
166.0
134.0
168.0
345.0
162.0
137.0
138.0
139.0
140.0
139.0
164.0
145.0
164.0
137.0
164.0
133.0
164.0
136.0
144.0
125.0
138.0
165.0
142.0
140.0
166.0
136.0
163.0
141.0
140.0
139.0
137.0
141.0
170.0
142.0
138.0
163.0
142.0
170.0
434.0
167.0
130.0
168.0
135.0
142.0
131.0
165.0
138.0
166.0
139.0
137.0
133.0
139.0
166.0
140.0
165.0
138.0
138.0
164.0
137.0
133.0
168.0
138.0
139.0
131.0
138.0
169.0
141.0
165.0
136.0
165.0
217.0
138.0
138.0
107.0
166.0
142.0
144.0
197.0
146.0
162.0
133.0
164.0
142.0
171.0
141.0
142.0
135.0
136.0
173.0
136.0
144.0
141.0
165.0
138.0
165.0
133.0
140.0
164.0
140.0
166.0
136.0
141.0
136.0
166.0
138.0
165.0
138.0
172.0
140.0
619.0
140.0
161.0
137.0
133.0
141.0
165.0
139.0
134.0
170.0
141.0
138.0
142.0
139.0
142.0
139.0
162.0
138.0
133.0
169.0
137.0
132.0
138.0
165.0
144.0
146.0
138.0
139.0
170.0
135.0
167.0
136.0
140.0
166.0
136.0
131.0
165.0
141.0
168.0
424.0
164.0
144.0
236.0
139.0
137.0
136.0
144.0
164.0
138.0
138.0
168.0
141.0
138.0
166.0
136.0
165.0
139.0
134.0
141.0
164.0
139.0
132.0
168.0
139.0
165.0
133.0
140.0
138.0
137.0
165.0
138.0
138.0
169.0
139.0
142.0
650.0
162.0
138.0
137.0
164.0
137.0
172.0
145.0
166.0
139.0
129.0
162.0
141.0
165.0
137.0
164.0
479.0
168.0
141.0
161.0
224.0
138.0
164.0
138.0
138.0
138.0
162.0
141.0
164.0
134.0
137.0
165.0
138.0
133.0
132.0
139.0
138.0
136.0
168.0
139.0
132.0
165.0
142.0
164.0
210.0
160.0
140.0
138.0
160.0
134.0
138.0
142.0
134.0
164.0
140.0
138.0
127.0
167.0
140.0
134.0
170.0
134.0
141.0
165.0
132.0
168.0
138.0
167.0
330.0
132.0
133.0
135.0
171.0
135.0
168.0
126.0
141.0
164.0
138.0
137.0
132.0
168.0
135.0
140.0
162.0
141.0
137.0
138.0
162.0
140.0
138.0
139.0
134.0
167.0
134.0
140.0
165.0
140.0
134.0
168.0
130.0
163.0
138.0
166.0
141.0
130.0
163.0
140.0
165.0
130.0
165.0
137.0
143.0
164.0
138.0
136.0
165.0
137.0
161.0
138.0
165.0
421.0
134.0
160.0
142.0
166.0
142.0
165.0
139.0
166.0
138.0
138.0
162.0
141.0
160.0
135.0
138.0
136.0
142.0
160.0
130.0
141.0
142.0
161.0
139.0
140.0
131.0
136.0
166.0
135.0
142.0
142.0
164.0
141.0
139.0
138.0
136.0
141.0
139.0
137.0
164.0
137.0
138.0
166.0
138.0
170.0
141.0
137.0
168.0
131.0
165.0
138.0
144.0
167.0
136.0
134.0
161.0
138.0
164.0
141.0
166.0
136.0
141.0
167.0
133.0
163.0
114.0
170.0
136.0
165.0
139.0
166.0
142.0
162.0
138.0
161.0
136.0
136.0
169.0
136.0
162.0
141.0
167.0
136.0
141.0
163.0
139.0
166.0
140.0
167.0
136.0
141.0
166.0
141.0
138.0
172.0
133.0
163.0
133.0
169.0
136.0
167.0
134.0
165.0
140.0
164.0
133.0
141.0
139.0
168.0
146.0
138.0
165.0
139.0
165.0
142.0
162.0
137.0
170.0
144.0
166.0
135.0
137.0
165.0
128.0
168.0
203.0
165.0
130.0
169.0
129.0
137.0
164.0
144.0
135.0
170.0
130.0
170.0
136.0
138.0
161.0
138.0
169.0
139.0
138.0
163.0
135.0
552.0
138.0
165.0
131.0
164.0
139.0
169.0
142.0
138.0
167.0
140.0
162.0
137.0
166.0
145.0
167.0
142.0
161.0
138.0
167.0
536.0
141.0
167.0
136.0
164.0
137.0
162.0
141.0
163.0
264.0
139.0
138.0
162.0
138.0
141.0
142.0
141.0
165.0
140.0
136.0
141.0
165.0
138.0
164.0
137.0
165.0
131.0
166.0
140.0
167.0
138.0
167.0
137.0
165.0
131.0
133.0
165.0
138.0
137.0
165.0
139.0
139.0
141.0
141.0
168.0
141.0
165.0
143.0
164.0
138.0
141.0
166.0
136.0
165.0
141.0
164.0
132.0
167.0
138.0
169.0
137.0
157.0
138.0
166.0
137.0
166.0
140.0
165.0
125.0
168.0
139.0
138.0
138.0
141.0
139.0
141.0
140.0
140.0
169.0
130.0
164.0
140.0
130.0
144.0
168.0
131.0
138.0
162.0
139.0
168.0
138.0
169.0
141.0
141.0
167.0
141.0
164.0
136.0
165.0
141.0
140.0
166.0
138.0
164.0
142.0
163.0
142.0
139.0
120.0
141.0
162.0
130.0
168.0
135.0
165.0
123.0
166.0
140.0
172.0
141.0
168.0
136.0
161.0
141.0
166.0
139.0
167.0
138.0
166.0
138.0
139.0
165.0
138.0
140.0
134.0
165.0
141.0
168.0
137.0
162.0
665.0
162.0
141.0
166.0
140.0
140.0
138.0
162.0
138.0
160.0
142.0
166.0
169.0
164.0
142.0
134.0
139.0
138.0
160.0
139.0
163.0
142.0
166.0
133.0
138.0
166.0
139.0
161.0
142.0
165.0
142.0
164.0
120.0
169.0
141.0
135.0
140.0
170.0
141.0
141.0
163.0
141.0
136.0
165.0
137.0
166.0
137.0
168.0
137.0
165.0
137.0
164.0
136.0
542.0
213.0
119.0
139.0
162.0
136.0
139.0
166.0
145.0
138.0
168.0
140.0
166.0
141.0
170.0
141.0
165.0
140.0
137.0
142.0
136.0
140.0
140.0
165.0
142.0
137.0
168.0
135.0
164.0
141.0
161.0
144.0
168.0
134.0
138.0
138.0
170.0
136.0
141.0
168.0
132.0
138.0
160.0
145.0
165.0
138.0
163.0
140.0
137.0
136.0
162.0
138.0
138.0
136.0
139.0
168.0
141.0
167.0
137.0
162.0
139.0
169.0
142.0
166.0
135.0
161.0
133.0
174.0
141.0
170.0
139.0
168.0
136.0
135.0
140.0
404.0
139.0
141.0
165.0
139.0
132.0
142.0
134.0
165.0
138.0
165.0
138.0
161.0
137.0
169.0
130.0
170.0
139.0
167.0
136.0
166.0
186.0
138.0
168.0
140.0
168.0
138.0
162.0
140.0
165.0
138.0
168.0
132.0
164.0
138.0
163.0
136.0
162.0
133.0
163.0
142.0
134.0
166.0
137.0
160.0
136.0
137.0
132.0
170.0
132.0
133.0
161.0
140.0
165.0
141.0
169.0
136.0
161.0
134.0
140.0
138.0
136.0
138.0
169.0
142.0
165.0
139.0
164.0
136.0
162.0
136.0
165.0
140.0
133.0
132.0
165.0
140.0
165.0
138.0
143.0
163.0
135.0
166.0
136.0
160.0
138.0
142.0
166.0
139.0
170.0
137.0
142.0
165.0
134.0
152.0
136.0
137.0
141.0
165.0
134.0
164.0
144.0
166.0
141.0
133.0
165.0
133.0
162.0
137.0
141.0
163.0
139.0
133.0
160.0
141.0
166.0
138.0
140.0
166.0
140.0
165.0
139.0
161.0
139.0
134.0
137.0
136.0
134.0
166.0
137.0
170.0
139.0
165.0
132.0
168.0
141.0
167.0
138.0
169.0
133.0
166.0
136.0
164.0
138.0
166.0
138.0
165.0
139.0
168.0
138.0
164.0
142.0
168.0
138.0
138.0
162.0
141.0
167.0
141.0
142.0
166.0
136.0
166.0
139.0
170.0
121.0
169.0
138.0
165.0
143.0
166.0
136.0
138.0
138.0
141.0
167.0
262.0
163.0
140.0
140.0
163.0
141.0
163.0
141.0
164.0
136.0
165.0
134.0
168.0
144.0
165.0
136.0
141.0
140.0
138.0
168.0
140.0
164.0
142.0
168.0
158.0
138.0
210.0
142.0
161.0
142.0
132.0
246.0
142.0
162.0
137.0
141.0
135.0
166.0
131.0
164.0
141.0
162.0
136.0
145.0
164.0
141.0
166.0
133.0
166.0
139.0
163.0
140.0
141.0
132.0
136.0
164.0
141.0
129.0
171.0
135.0
136.0
167.0
138.0
137.0
141.0
168.0
136.0
163.0
137.0
163.0
135.0
133.0
165.0
140.0
164.0
140.0
159.0
141.0
141.0
139.0
169.0
139.0
163.0
138.0
139.0
162.0
138.0
138.0
138.0
228.0
165.0
138.0
167.0
140.0
160.0
141.0
164.0
137.0
164.0
137.0
138.0
167.0
136.0
165.0
142.0
169.0
135.0
166.0
137.0
138.0
166.0
132.0
126.0
169.0
136.0
166.0
128.0
166.0
139.0
141.0
162.0
141.0
142.0
142.0
133.0
136.0
162.0
144.0
143.0
163.0
311.0
162.0
136.0
165.0
137.0
167.0
131.0
169.0
138.0
165.0
137.0
168.0
136.0
141.0
164.0
136.0
165.0
132.0
168.0
144.0
169.0
140.0
138.0
165.0
136.0
138.0
168.0
138.0
163.0
137.0
166.0
139.0
136.0
164.0
138.0
161.0
144.0
169.0
126.0
172.0
141.0
138.0
132.0
164.0
141.0
137.0
164.0
137.0
142.0
136.0
134.0
144.0
162.0
136.0
166.0
136.0
139.0
140.0
161.0
141.0
165.0
140.0
163.0
136.0
137.0
162.0
141.0
168.0
143.0
137.0
138.0
168.0
139.0
145.0
168.0
142.0
139.0
136.0
139.0
143.0
234.0
138.0
134.0
166.0
139.0
487.0
139.0
165.0
130.0
141.0
164.0
362.0
168.0
142.0
161.0
143.0
138.0
136.0
168.0
136.0
163.0
139.0
140.0
168.0
137.0
138.0
139.0
166.0
141.0
170.0
142.0
162.0
129.0
163.0
139.0
165.0
134.0
165.0
137.0
166.0
138.0
164.0
203.0
137.0
167.0
140.0
136.0
168.0
135.0
166.0
142.0
136.0
140.0
165.0
133.0
138.0
162.0
138.0
164.0
137.0
134.0
170.0
141.0
165.0
125.0
164.0
138.0
138.0
167.0
133.0
140.0
137.0
137.0
134.0
164.0
125.0
161.0
139.0
140.0
165.0
136.0
137.0
146.0
168.0
139.0
142.0
137.0
143.0
541.0
139.0
165.0
141.0
138.0
139.0
130.0
139.0
165.0
137.0
158.0
140.0
141.0
167.0
139.0
138.0
141.0
138.0
132.0
164.0
137.0
132.0
164.0
345.0
134.0
169.0
141.0
136.0
137.0
161.0
145.0
141.0
164.0
139.0
164.0
134.0
134.0
165.0
132.0
166.0
136.0
160.0
130.0
166.0
138.0
138.0
140.0
168.0
136.0
168.0
138.0
162.0
136.0
142.0
138.0
166.0
139.0
138.0
139.0
170.0
141.0
130.0
138.0
171.0
136.0
138.0
137.0
167.0
129.0
143.0
142.0
165.0
134.0
139.0
138.0
170.0
138.0
142.0
133.0
164.0
137.0
129.0
161.0
138.0
164.0
108.0
169.0
125.0
161.0
141.0
136.0
163.0
139.0
131.0
164.0
138.0
165.0
139.0
139.0
166.0
144.0
137.0
139.0
129.0
141.0
163.0
138.0
166.0
138.0
133.0
140.0
169.0
139.0
138.0
133.0
141.0
139.0
163.0
133.0
166.0
141.0
139.0
140.0
164.0
138.0
169.0
142.0
138.0
169.0
134.0
165.0
133.0
138.0
272.0
139.0
164.0
139.0
164.0
139.0
165.0
136.0
139.0
546.0
166.0
395.0
133.0
168.0
140.0
163.0
138.0
138.0
169.0
125.0
172.0
138.0
123.0
162.0
140.0
132.0
141.0
169.0
139.0
166.0
134.0
164.0
140.0
166.0
137.0
170.0
141.0
170.0
138.0
168.0
140.0
143.0
141.0
165.0
138.0
141.0
141.0
132.0
168.0
145.0
139.0
162.0
138.0
144.0
164.0
141.0
141.0
165.0
139.0
168.0
136.0
161.0
138.0
169.0
137.0
170.0
141.0
143.0
168.0
137.0
136.0
139.0
138.0
137.0
144.0
165.0
140.0
165.0
139.0
166.0
136.0
168.0
138.0
168.0
121.0
166.0
137.0
161.0
136.0
126.0
168.0
138.0
135.0
138.0
141.0
168.0
137.0
142.0
167.0
140.0
140.0
164.0
139.0
166.0
139.0
163.0
139.0
144.0
140.0
169.0
137.0
161.0
134.0
163.0
138.0
169.0
145.0
162.0
137.0
136.0
163.0
144.0
136.0
161.0
134.0
168.0
138.0
162.0
139.0
168.0
138.0
139.0
130.0
137.0
139.0
169.0
141.0
168.0
137.0
170.0
141.0
170.0
137.0
141.0
165.0
134.0
140.0
140.0
165.0
125.0
130.0
144.0
136.0
168.0
140.0
165.0
141.0
164.0
141.0
167.0
138.0
272.0
138.0
165.0
136.0
164.0
137.0
137.0
165.0
140.0
136.0
168.0
138.0
167.0
138.0
137.0
168.0
334.0
135.0
145.0
169.0
117.0
168.0
140.0
165.0
135.0
132.0
138.0
134.0
165.0
138.0
136.0
130.0
139.0
167.0
138.0
138.0
164.0
142.0
166.0
139.0
140.0
140.0
165.0
141.0
168.0
135.0
132.0
166.0
139.0
166.0
138.0
164.0
138.0
165.0
133.0
136.0
579.0
165.0
136.0
168.0
136.0
139.0
166.0
134.0
164.0
137.0
170.0
133.0
166.0
140.0
169.0
138.0
139.0
139.0
165.0
137.0
162.0
138.0
164.0
136.0
141.0
162.0
137.0
113.0
164.0
138.0
166.0
138.0
137.0
133.0
133.0
163.0
139.0
169.0
140.0
137.0
139.0
134.0
138.0
165.0
138.0
165.0
138.0
162.0
139.0
138.0
138.0
166.0
205.0
160.0
135.0
170.0
134.0
168.0
142.0
134.0
166.0
140.0
165.0
141.0
142.0
166.0
134.0
162.0
133.0
168.0
136.0
141.0
168.0
586.0
132.0
272.0
134.0
241.0
164.0
136.0
167.0
140.0
168.0
144.0
166.0
136.0
129.0
141.0
164.0
141.0
168.0
138.0
167.0
134.0
166.0
140.0
141.0
160.0
142.0
165.0
125.0
541.0
163.0
145.0
164.0
141.0
166.0
139.0
139.0
163.0
140.0
165.0
138.0
166.0
141.0
170.0
140.0
162.0
140.0
165.0
139.0
168.0
140.0
164.0
140.0
138.0
160.0
142.0
134.0
165.0
138.0
137.0
140.0
167.0
141.0
167.0
140.0
164.0
136.0
142.0
137.0
163.0
142.0
161.0
133.0
141.0
138.0
165.0
142.0
140.0
164.0
140.0
134.0
165.0
138.0
141.0
128.0
166.0
115.0
138.0
164.0
136.0
138.0
165.0
137.0
137.0
169.0
137.0
136.0
164.0
139.0
141.0
170.0
134.0
132.0
170.0
138.0
166.0
140.0
165.0
142.0
141.0
208.0
138.0
166.0
138.0
141.0
160.0
141.0
169.0
140.0
158.0
134.0
165.0
136.0
129.0
167.0
134.0
599.0
164.0
137.0
166.0
117.0
137.0
142.0
164.0
144.0
165.0
135.0
164.0
137.0
167.0
139.0
139.0
167.0
144.0
165.0
138.0
163.0
138.0
138.0
163.0
140.0
134.0
163.0
139.0
165.0
139.0
166.0
142.0
172.0
136.0
130.0
141.0
164.0
139.0
141.0
136.0
137.0
138.0
137.0
165.0
138.0
141.0
136.0
169.0
124.0
141.0
169.0
131.0
166.0
143.0
142.0
161.0
144.0
165.0
140.0
168.0
141.0
136.0
164.0
138.0
169.0
140.0
165.0
144.0
166.0
138.0
163.0
138.0
140.0
141.0
165.0
134.0
141.0
165.0
137.0
166.0
203.0
138.0
162.0
139.0
165.0
141.0
163.0
138.0
165.0
144.0
166.0
137.0
170.0
136.0
165.0
138.0
170.0
137.0
165.0
141.0
163.0
142.0
140.0
169.0
139.0
160.0
133.0
165.0
123.0
171.0
165.0
139.0
162.0
139.0
169.0
135.0
137.0
165.0
142.0
167.0
140.0
168.0
139.0
601.0
169.0
133.0
138.0
163.0
136.0
144.0
142.0
137.0
137.0
164.0
139.0
138.0
138.0
168.0
139.0
164.0
139.0
138.0
168.0
136.0
141.0
163.0
134.0
162.0
138.0
134.0
144.0
163.0
136.0
132.0
165.0
138.0
166.0
137.0
163.0
119.0
168.0
135.0
167.0
139.0
165.0
142.0
141.0
137.0
166.0
130.0
138.0
169.0
133.0
611.0
138.0
162.0
138.0
162.0
137.0
165.0
140.0
164.0
141.0
141.0
137.0
170.0
138.0
161.0
141.0
139.0
162.0
137.0
137.0
166.0
129.0
170.0
139.0
161.0
134.0
136.0
166.0
141.0
137.0
136.0
164.0
136.0
93.0
172.0
116.0
137.0
162.0
140.0
137.0
164.0
141.0
136.0
146.0
132.0
140.0
142.0
140.0
162.0
138.0
163.0
140.0
129.0
163.0
138.0
130.0
164.0
141.0
168.0
144.0
165.0
136.0
166.0
136.0
164.0
137.0
161.0
141.0
168.0
138.0
136.0
210.0
137.0
141.0
135.0
141.0
166.0
134.0
125.0
141.0
162.0
139.0
166.0
138.0
133.0
130.0
168.0
136.0
168.0
134.0
133.0
166.0
138.0
141.0
142.0
131.0
137.0
136.0
168.0
142.0
164.0
137.0
160.0
140.0
167.0
136.0
164.0
135.0
135.0
134.0
161.0
138.0
168.0
125.0
136.0
138.0
137.0
162.0
144.0
140.0
165.0
141.0
168.0
244.0
162.0
139.0
136.0
161.0
133.0
134.0
140.0
164.0
136.0
144.0
140.0
134.0
166.0
141.0
169.0
139.0
166.0
144.0
163.0
136.0
128.0
135.0
169.0
140.0
165.0
136.0
165.0
136.0
177.0
137.0
166.0
140.0
164.0
141.0
144.0
137.0
136.0
172.0
141.0
168.0
141.0
167.0
139.0
168.0
136.0
136.0
162.0
135.0
164.0
139.0
165.0
140.0
138.0
138.0
137.0
140.0
169.0
139.0
161.0
141.0
138.0
137.0
164.0
133.0
165.0
136.0
162.0
138.0
166.0
136.0
164.0
141.0
164.0
135.0
161.0
130.0
169.0
581.0
160.0
140.0
165.0
136.0
161.0
143.0
165.0
135.0
136.0
165.0
138.0
166.0
139.0
164.0
140.0
165.0
140.0
138.0
165.0
135.0
136.0
162.0
137.0
161.0
144.0
133.0
137.0
162.0
137.0
132.0
163.0
138.0
162.0
130.0
163.0
140.0
130.0
134.0
140.0
167.0
136.0
144.0
139.0
140.0
167.0
140.0
162.0
138.0
139.0
165.0
136.0
163.0
130.0
136.0
164.0
133.0
165.0
137.0
137.0
144.0
139.0
138.0
138.0
164.0
139.0
167.0
145.0
136.0
168.0
138.0
142.0
163.0
134.0
166.0
141.0
167.0
137.0
142.0
138.0
134.0
168.0
129.0
139.0
140.0
141.0
139.0
161.0
138.0
141.0
166.0
129.0
163.0
138.0
164.0
138.0
164.0
141.0
169.0
139.0
162.0
141.0
167.0
143.0
141.0
139.0
163.0
139.0
162.0
137.0
165.0
139.0
162.0
139.0
138.0
166.0
136.0
169.0
139.0
138.0
170.0
140.0
167.0
138.0
165.0
138.0
166.0
137.0
140.0
169.0
209.0
165.0
141.0
164.0
138.0
165.0
145.0
167.0
141.0
160.0
137.0
201.0
133.0
135.0
171.0
145.0
162.0
137.0
132.0
165.0
138.0
138.0
139.0
162.0
139.0
162.0
143.0
165.0
135.0
136.0
162.0
142.0
164.0
138.0
136.0
170.0
140.0
142.0
172.0
138.0
144.0
164.0
136.0
137.0
165.0
138.0
169.0
136.0
131.0
167.0
121.0
447.0
165.0
138.0
173.0
144.0
141.0
137.0
142.0
141.0
161.0
381.0
139.0
167.0
138.0
165.0
139.0
137.0
164.0
142.0
170.0
499.0
139.0
164.0
138.0
168.0
139.0
137.0
165.0
138.0
165.0
134.0
141.0
166.0
141.0
125.0
169.0
142.0
138.0
164.0
137.0
161.0
136.0
141.0
165.0
141.0
166.0
138.0
146.0
161.0
130.0
167.0
141.0
137.0
139.0
165.0
135.0
139.0
170.0
135.0
162.0
129.0
164.0
134.0
166.0
138.0
137.0
137.0
166.0
145.0
166.0
137.0
170.0
141.0
166.0
139.0
136.0
167.0
134.0
162.0
138.0
136.0
160.0
132.0
141.0
114.0
170.0
137.0
138.0
166.0
134.0
140.0
165.0
513.0
164.0
414.0
138.0
136.0
164.0
133.0
168.0
141.0
168.0
137.0
134.0
136.0
164.0
137.0
137.0
141.0
122.0
142.0
166.0
144.0
139.0
138.0
165.0
137.0
137.0
166.0
141.0
165.0
139.0
161.0
140.0
169.0
140.0
141.0
164.0
136.0
138.0
164.0
141.0
141.0
140.0
141.0
165.0
128.0
135.0
164.0
139.0
164.0
129.0
162.0
132.0
165.0
140.0
132.0
162.0
140.0
167.0
135.0
140.0
165.0
139.0
164.0
132.0
141.0
139.0
165.0
135.0
138.0
129.0
135.0
164.0
136.0
165.0
140.0
168.0
139.0
136.0
167.0
140.0
167.0
138.0
130.0
162.0
140.0
165.0
125.0
141.0
164.0
137.0
141.0
166.0
137.0
138.0
160.0
139.0
136.0
169.0
133.0
186.0
142.0
162.0
139.0
158.0
142.0
136.0
164.0
136.0
168.0
121.0
164.0
141.0
166.0
141.0
138.0
165.0
136.0
165.0
138.0
161.0
136.0
167.0
138.0
160.0
131.0
167.0
138.0
162.0
137.0
142.0
163.0
141.0
137.0
133.0
141.0
162.0
464.0
142.0
167.0
137.0
162.0
114.0
165.0
132.0
137.0
160.0
140.0
139.0
140.0
165.0
134.0
181.0
142.0
141.0
138.0
165.0
138.0
165.0
139.0
144.0
164.0
139.0
138.0
169.0
139.0
137.0
314.0
137.0
135.0
163.0
138.0
162.0
138.0
139.0
165.0
130.0
162.0
135.0
141.0
164.0
141.0
165.0
137.0
137.0
140.0
165.0
137.0
164.0
137.0
139.0
166.0
138.0
138.0
168.0
137.0
141.0
169.0
139.0
138.0
139.0
164.0
136.0
168.0
139.0
162.0
137.0
163.0
138.0
141.0
165.0
142.0
163.0
143.0
165.0
135.0
141.0
138.0
139.0
166.0
138.0
138.0
142.0
168.0
141.0
134.0
166.0
139.0
139.0
131.0
168.0
130.0
137.0
139.0
139.0
136.0
137.0
164.0
144.0
168.0
138.0
141.0
167.0
141.0
140.0
141.0
141.0
137.0
138.0
136.0
134.0
169.0
139.0
168.0
142.0
165.0
142.0
141.0
168.0
137.0
166.0
141.0
167.0
139.0
141.0
166.0
140.0
162.0
141.0
168.0
236.0
163.0
507.0
140.0
162.0
138.0
164.0
142.0
162.0
139.0
165.0
140.0
166.0
138.0
166.0
526.0
164.0
137.0
140.0
138.0
164.0
136.0
167.0
136.0
165.0
135.0
165.0
138.0
141.0
137.0
129.0
165.0
140.0
137.0
167.0
137.0
161.0
142.0
135.0
165.0
138.0
129.0
166.0
132.0
168.0
140.0
166.0
140.0
139.0
167.0
140.0
161.0
142.0
138.0
134.0
136.0
167.0
142.0
136.0
139.0
166.0
137.0
168.0
138.0
143.0
138.0
164.0
140.0
170.0
140.0
168.0
144.0
130.0
169.0
140.0
170.0
133.0
167.0
141.0
160.0
141.0
166.0
136.0
138.0
143.0
134.0
137.0
136.0
140.0
140.0
133.0
166.0
137.0
168.0
128.0
161.0
130.0
164.0
139.0
138.0
145.0
169.0
137.0
139.0
162.0
135.0
169.0
142.0
139.0
166.0
140.0
170.0
143.0
163.0
128.0
139.0
132.0
134.0
163.0
141.0
138.0
144.0
138.0
167.0
136.0
133.0
178.0
142.0
161.0
147.0
134.0
165.0
137.0
137.0
162.0
132.0
134.0
168.0
139.0
160.0
139.0
134.0
139.0
135.0
171.0
136.0
168.0
137.0
139.0
162.0
146.0
138.0
164.0
133.0
137.0
166.0
139.0
169.0
141.0
137.0
165.0
137.0
134.0
137.0
140.0
138.0
171.0
136.0
168.0
140.0
137.0
160.0
141.0
166.0
201.0
164.0
139.0
165.0
141.0
166.0
122.0
162.0
142.0
164.0
139.0
139.0
164.0
140.0
162.0
141.0
166.0
137.0
164.0
141.0
134.0
139.0
146.0
164.0
142.0
164.0
141.0
164.0
141.0
168.0
202.0
137.0
166.0
246.0
141.0
166.0
141.0
166.0
140.0
141.0
164.0
139.0
137.0
164.0
137.0
168.0
130.0
169.0
130.0
145.0
161.0
113.0
170.0
137.0
142.0
164.0
137.0
110.0
172.0
140.0
137.0
138.0
138.0
137.0
141.0
162.0
140.0
142.0
170.0
138.0
169.0
137.0
140.0
136.0
142.0
170.0
134.0
165.0
141.0
212.0
139.0
132.0
166.0
138.0
139.0
169.0
137.0
139.0
138.0
169.0
139.0
146.0
140.0
142.0
138.0
134.0
168.0
136.0
123.0
144.0
138.0
137.0
168.0
139.0
167.0
138.0
164.0
141.0
166.0
134.0
164.0
139.0
138.0
138.0
164.0
138.0
164.0
144.0
139.0
169.0
140.0
137.0
164.0
139.0
168.0
144.0
165.0
135.0
112.0
162.0
138.0
128.0
158.0
141.0
141.0
132.0
162.0
141.0
166.0
137.0
166.0
143.0
164.0
140.0
137.0
136.0
163.0
142.0
163.0
84.0
188.0
140.0
170.0
139.0
138.0
165.0
142.0
136.0
164.0
138.0
137.0
142.0
141.0
144.0
137.0
164.0
141.0
141.0
140.0
138.0
139.0
169.0
138.0
163.0
139.0
169.0
131.0
138.0
166.0
138.0
168.0
138.0
136.0
161.0
141.0
164.0
144.0
168.0
130.0
141.0
171.0
138.0
162.0
137.0
168.0
133.0
163.0
141.0
140.0
163.0
136.0
161.0
139.0
136.0
167.0
136.0
134.0
168.0
136.0
145.0
165.0
132.0
163.0
142.0
135.0
139.0
164.0
139.0
166.0
138.0
165.0
142.0
168.0
137.0
134.0
134.0
170.0
136.0
165.0
136.0
165.0
132.0
167.0
137.0
165.0
138.0
166.0
134.0
161.0
134.0
168.0
142.0
165.0
144.0
166.0
141.0
137.0
166.0
140.0
164.0
140.0
165.0
142.0
164.0
141.0
163.0
144.0
167.0
137.0
165.0
136.0
169.0
140.0
141.0
140.0
160.0
136.0
167.0
138.0
140.0
164.0
137.0
164.0
134.0
140.0
140.0
138.0
133.0
138.0
159.0
137.0
166.0
138.0
167.0
141.0
167.0
142.0
169.0
141.0
165.0
137.0
138.0
138.0
165.0
131.0
169.0
141.0
139.0
166.0
133.0
161.0
143.0
164.0
130.0
139.0
139.0
165.0
142.0
170.0
132.0
136.0
166.0
139.0
163.0
123.0
164.0
136.0
138.0
167.0
140.0
163.0
133.0
169.0
140.0
165.0
141.0
169.0
142.0
163.0
139.0
165.0
141.0
166.0
133.0
136.0
164.0
138.0
161.0
136.0
238.0
135.0
164.0
136.0
169.0
141.0
141.0
141.0
131.0
141.0
125.0
166.0
139.0
167.0
137.0
166.0
141.0
170.0
140.0
164.0
137.0
140.0
140.0
141.0
136.0
164.0
136.0
164.0
140.0
163.0
141.0
168.0
135.0
250.0
133.0
139.0
138.0
162.0
139.0
138.0
142.0
168.0
343.0
165.0
144.0
165.0
137.0
165.0
135.0
164.0
140.0
167.0
134.0
160.0
138.0
165.0
141.0
163.0
138.0
167.0
141.0
162.0
141.0
133.0
138.0
168.0
139.0
164.0
136.0
163.0
131.0
126.0
169.0
134.0
166.0
141.0
170.0
123.0
132.0
138.0
138.0
165.0
137.0
165.0
137.0
129.0
126.0
165.0
143.0
168.0
132.0
164.0
136.0
165.0
134.0
132.0
168.0
137.0
166.0
133.0
222.0
164.0
137.0
164.0
142.0
166.0
136.0
141.0
164.0
139.0
164.0
141.0
164.0
142.0
165.0
133.0
161.0
141.0
140.0
139.0
141.0
164.0
138.0
165.0
144.0
158.0
141.0
165.0
141.0
137.0
130.0
165.0
138.0
140.0
138.0
164.0
139.0
137.0
165.0
136.0
166.0
141.0
165.0
135.0
142.0
142.0
141.0
165.0
138.0
167.0
141.0
123.0
162.0
137.0
166.0
194.0
140.0
165.0
142.0
139.0
161.0
136.0
168.0
142.0
139.0
141.0
169.0
140.0
135.0
168.0
136.0
129.0
167.0
143.0
138.0
168.0
136.0
168.0
138.0
168.0
136.0
134.0
166.0
148.0
137.0
167.0
141.0
164.0
138.0
139.0
162.0
139.0
168.0
132.0
169.0
138.0
169.0
130.0
166.0
139.0
128.0
138.0
165.0
139.0
123.0
140.0
138.0
138.0
137.0
167.0
138.0
165.0
136.0
168.0
132.0
165.0
140.0
138.0
164.0
137.0
140.0
163.0
137.0
138.0
164.0
138.0
165.0
140.0
142.0
141.0
164.0
138.0
165.0
141.0
162.0
556.0
157.0
138.0
169.0
137.0
138.0
168.0
141.0
165.0
138.0
162.0
136.0
165.0
236.0
141.0
138.0
325.0
164.0
139.0
165.0
133.0
137.0
167.0
137.0
164.0
138.0
164.0
225.0
166.0
141.0
138.0
165.0
130.0
168.0
141.0
140.0
134.0
163.0
142.0
142.0
144.0
140.0
134.0
142.0
165.0
133.0
162.0
140.0
165.0
138.0
138.0
163.0
136.0
140.0
163.0
136.0
142.0
137.0
139.0
130.0
169.0
141.0
167.0
141.0
354.0
162.0
140.0
138.0
133.0
139.0
138.0
132.0
169.0
138.0
164.0
137.0
166.0
141.0
144.0
165.0
137.0
138.0
163.0
138.0
142.0
165.0
135.0
168.0
142.0
134.0
163.0
143.0
168.0
136.0
165.0
138.0
138.0
165.0
136.0
133.0
133.0
164.0
134.0
133.0
166.0
146.0
132.0
167.0
138.0
165.0
226.0
161.0
125.0
166.0
142.0
136.0
164.0
308.0
128.0
165.0
138.0
165.0
140.0
165.0
201.0
134.0
164.0
133.0
141.0
141.0
125.0
166.0
138.0
306.0
163.0
137.0
164.0
138.0
140.0
165.0
137.0
133.0
164.0
140.0
139.0
140.0
165.0
143.0
163.0
133.0
164.0
136.0
540.0
166.0
139.0
166.0
138.0
141.0
165.0
132.0
165.0
136.0
124.0
169.0
141.0
136.0
165.0
123.0
161.0
129.0
164.0
141.0
169.0
135.0
164.0
142.0
165.0
358.0
138.0
170.0
130.0
144.0
165.0
136.0
134.0
163.0
140.0
136.0
136.0
165.0
141.0
142.0
217.0
141.0
164.0
140.0
165.0
141.0
162.0
132.0
165.0
136.0
141.0
142.0
139.0
139.0
136.0
164.0
141.0
160.0
139.0
139.0
168.0
140.0
166.0
136.0
137.0
137.0
165.0
138.0
163.0
141.0
134.0
144.0
166.0
138.0
164.0
137.0
139.0
135.0
163.0
140.0
167.0
137.0
142.0
138.0
168.0
134.0
165.0
138.0
164.0
136.0
166.0
137.0
133.0
137.0
166.0
140.0
138.0
160.0
136.0
134.0
166.0
112.0
171.0
141.0
167.0
140.0
141.0
136.0
166.0
137.0
168.0
139.0
139.0
138.0
145.0
166.0
137.0
137.0
165.0
135.0
140.0
165.0
141.0
138.0
160.0
132.0
142.0
166.0
142.0
166.0
137.0
139.0
165.0
142.0
165.0
136.0
141.0
165.0
137.0
164.0
138.0
141.0
168.0
142.0
171.0
140.0
130.0
166.0
140.0
163.0
140.0
133.0
168.0
137.0
165.0
141.0
136.0
139.0
168.0
141.0
162.0
139.0
165.0
138.0
161.0
146.0
134.0
164.0
138.0
165.0
136.0
165.0
138.0
159.0
132.0
164.0
134.0
164.0
129.0
139.0
162.0
141.0
165.0
144.0
138.0
143.0
138.0
170.0
138.0
162.0
138.0
139.0
164.0
139.0
165.0
134.0
165.0
136.0
138.0
138.0
168.0
137.0
163.0
136.0
136.0
139.0
138.0
136.0
166.0
137.0
134.0
164.0
139.0
165.0
138.0
123.0
164.0
138.0
162.0
144.0
163.0
141.0
161.0
138.0
136.0
142.0
167.0
137.0
138.0
169.0
141.0
168.0
139.0
166.0
142.0
137.0
165.0
142.0
166.0
136.0
139.0
143.0
167.0
138.0
137.0
141.0
140.0
140.0
139.0
139.0
162.0
138.0
139.0
170.0
137.0
140.0
165.0
144.0
165.0
142.0
141.0
137.0
135.0
164.0
136.0
141.0
171.0
143.0
218.0
138.0
137.0
363.0
526.0
166.0
136.0
133.0
134.0
138.0
132.0
165.0
137.0
143.0
128.0
166.0
137.0
133.0
142.0
164.0
137.0
164.0
140.0
167.0
136.0
166.0
142.0
165.0
132.0
144.0
168.0
137.0
146.0
157.0
144.0
136.0
167.0
136.0
163.0
137.0
134.0
140.0
169.0
137.0
133.0
165.0
138.0
142.0
138.0
141.0
136.0
141.0
163.0
133.0
169.0
141.0
165.0
140.0
167.0
139.0
167.0
138.0
140.0
164.0
128.0
140.0
141.0
139.0
134.0
140.0
164.0
137.0
168.0
136.0
140.0
167.0
136.0
168.0
139.0
169.0
134.0
166.0
141.0
168.0
136.0
165.0
139.0
166.0
142.0
142.0
171.0
139.0
138.0
164.0
253.0
162.0
139.0
163.0
138.0
158.0
141.0
166.0
138.0
235.0
136.0
138.0
130.0
162.0
140.0
135.0
122.0
137.0
139.0
165.0
145.0
166.0
141.0
141.0
168.0
134.0
169.0
137.0
169.0
143.0
139.0
266.0
161.0
141.0
162.0
134.0
136.0
136.0
165.0
138.0
140.0
165.0
132.0
168.0
137.0
167.0
134.0
138.0
138.0
167.0
141.0
170.0
130.0
165.0
129.0
139.0
139.0
163.0
131.0
165.0
141.0
157.0
142.0
165.0
138.0
122.0
140.0
165.0
139.0
141.0
141.0
138.0
170.0
131.0
139.0
164.0
126.0
164.0
119.0
165.0
140.0
139.0
137.0
160.0
130.0
170.0
134.0
138.0
162.0
141.0
166.0
141.0
164.0
138.0
164.0
141.0
137.0
170.0
137.0
137.0
166.0
138.0
165.0
133.0
167.0
143.0
163.0
138.0
138.0
165.0
142.0
170.0
133.0
140.0
170.0
141.0
165.0
138.0
138.0
138.0
139.0
136.0
141.0
165.0
140.0
136.0
162.0
138.0
166.0
139.0
142.0
164.0
139.0
167.0
141.0
158.0
141.0
134.0
135.0
169.0
141.0
166.0
139.0
164.0
139.0
167.0
133.0
166.0
140.0
142.0
137.0
169.0
137.0
134.0
169.0
138.0
165.0
138.0
166.0
218.0
133.0
139.0
139.0
138.0
130.0
166.0
142.0
125.0
166.0
139.0
203.0
143.0
166.0
138.0
160.0
137.0
141.0
136.0
139.0
168.0
138.0
162.0
144.0
134.0
138.0
169.0
140.0
141.0
138.0
138.0
168.0
136.0
141.0
167.0
139.0
166.0
141.0
141.0
162.0
139.0
132.0
163.0
522.0
140.0
142.0
137.0
166.0
138.0
161.0
136.0
137.0
137.0
168.0
144.0
162.0
139.0
138.0
169.0
139.0
164.0
137.0
141.0
163.0
139.0
164.0
142.0
144.0
164.0
140.0
164.0
398.0
140.0
134.0
169.0
132.0
145.0
161.0
131.0
133.0
136.0
163.0
141.0
141.0
138.0
141.0
146.0
166.0
139.0
164.0
139.0
163.0
140.0
165.0
144.0
139.0
140.0
138.0
141.0
139.0
143.0
140.0
139.0
142.0
165.0
140.0
136.0
139.0
141.0
165.0
131.0
139.0
162.0
141.0
137.0
136.0
164.0
139.0
139.0
141.0
142.0
145.0
163.0
137.0
142.0
165.0
131.0
171.0
146.0
139.0
162.0
211.0
141.0
136.0
168.0
138.0
164.0
105.0
171.0
140.0
139.0
137.0
162.0
138.0
166.0
141.0
132.0
167.0
138.0
139.0
170.0
200.0
136.0
144.0
136.0
166.0
136.0
141.0
138.0
141.0
132.0
168.0
140.0
143.0
168.0
132.0
138.0
134.0
142.0
168.0
141.0
144.0
124.0
168.0
141.0
134.0
131.0
138.0
141.0
168.0
141.0
166.0
138.0
138.0
161.0
142.0
167.0
133.0
137.0
161.0
136.0
141.0
160.0
135.0
162.0
142.0
139.0
130.0
166.0
139.0
165.0
138.0
135.0
138.0
162.0
139.0
168.0
138.0
166.0
142.0
138.0
173.0
142.0
164.0
135.0
137.0
170.0
138.0
160.0
137.0
140.0
168.0
140.0
141.0
165.0
141.0
170.0
139.0
164.0
141.0
139.0
138.0
163.0
136.0
166.0
144.0
141.0
141.0
166.0
137.0
137.0
134.0
139.0
225.0
142.0
123.0
166.0
138.0
138.0
168.0
139.0
135.0
166.0
139.0
118.0
168.0
141.0
128.0
141.0
164.0
138.0
173.0
138.0
137.0
136.0
140.0
139.0
162.0
141.0
169.0
140.0
162.0
141.0
166.0
136.0
161.0
139.0
137.0
226.0
170.0
139.0
136.0
141.0
167.0
140.0
165.0
141.0
141.0
139.0
138.0
166.0
141.0
166.0
138.0
165.0
142.0
163.0
141.0
132.0
110.0
168.0
138.0
139.0
138.0
163.0
141.0
166.0
141.0
165.0
135.0
164.0
138.0
132.0
139.0
134.0
137.0
166.0
134.0
141.0
141.0
173.0
142.0
164.0
137.0
165.0
139.0
165.0
137.0
138.0
165.0
137.0
166.0
140.0
169.0
139.0
166.0
141.0
141.0
166.0
144.0
167.0
138.0
165.0
133.0
162.0
135.0
132.0
130.0
164.0
132.0
141.0
138.0
166.0
140.0
167.0
143.0
145.0
292.0
140.0
136.0
169.0
223.0
132.0
136.0
165.0
139.0
139.0
167.0
137.0
164.0
237.0
138.0
138.0
137.0
162.0
136.0
141.0
135.0
166.0
128.0
132.0
139.0
166.0
130.0
140.0
142.0
167.0
139.0
167.0
139.0
140.0
142.0
164.0
232.0
138.0
141.0
142.0
141.0
202.0
141.0
166.0
137.0
168.0
138.0
138.0
168.0
133.0
272.0
136.0
161.0
136.0
162.0
138.0
161.0
137.0
137.0
139.0
169.0
134.0
134.0
165.0
139.0
210.0
163.0
141.0
136.0
166.0
141.0
141.0
164.0
139.0
145.0
130.0
160.0
141.0
165.0
138.0
165.0
139.0
168.0
143.0
165.0
142.0
163.0
138.0
138.0
165.0
290.0
138.0
134.0
139.0
140.0
167.0
141.0
140.0
137.0
137.0
138.0
164.0
138.0
136.0
168.0
212.0
140.0
141.0
166.0
139.0
168.0
139.0
165.0
140.0
137.0
170.0
139.0
169.0
140.0
138.0
139.0
351.0
134.0
169.0
139.0
168.0
149.0
168.0
137.0
166.0
138.0
163.0
126.0
138.0
167.0
127.0
170.0
137.0
135.0
138.0
145.0
136.0
136.0
140.0
139.0
142.0
165.0
141.0
136.0
168.0
132.0
173.0
145.0
140.0
164.0
138.0
138.0
160.0
136.0
351.0
136.0
139.0
137.0
164.0
142.0
138.0
137.0
142.0
144.0
167.0
137.0
160.0
145.0
168.0
140.0
166.0
137.0
170.0
140.0
170.0
141.0
163.0
133.0
140.0
141.0
139.0
129.0
168.0
136.0
166.0
144.0
144.0
132.0
167.0
140.0
134.0
129.0
138.0
140.0
163.0
137.0
136.0
137.0
165.0
133.0
137.0
163.0
138.0
162.0
142.0
149.0
136.0
165.0
122.0
166.0
145.0
163.0
144.0
164.0
138.0
141.0
166.0
138.0
140.0
170.0
141.0
162.0
136.0
164.0
134.0
142.0
126.0
141.0
168.0
139.0
107.0
170.0
141.0
141.0
164.0
140.0
143.0
168.0
136.0
164.0
138.0
167.0
141.0
170.0
133.0
138.0
138.0
161.0
128.0
139.0
140.0
140.0
138.0
137.0
168.0
144.0
138.0
166.0
139.0
138.0
142.0
130.0
138.0
163.0
141.0
168.0
138.0
166.0
142.0
137.0
168.0
140.0
133.0
139.0
144.0
168.0
141.0
142.0
170.0
141.0
162.0
141.0
145.0
138.0
140.0
171.0
142.0
138.0
165.0
138.0
162.0
139.0
139.0
139.0
143.0
141.0
140.0
166.0
141.0
163.0
140.0
132.0
168.0
139.0
167.0
141.0
141.0
137.0
170.0
139.0
167.0
132.0
145.0
166.0
138.0
167.0
139.0
130.0
142.0
160.0
125.0
162.0
141.0
164.0
131.0
164.0
141.0
163.0
125.0
165.0
131.0
164.0
128.0
169.0
138.0
166.0
135.0
137.0
169.0
140.0
139.0
139.0
133.0
162.0
138.0
163.0
133.0
137.0
138.0
139.0
162.0
144.0
140.0
141.0
166.0
139.0
135.0
168.0
142.0
164.0
137.0
160.0
137.0
130.0
164.0
139.0
167.0
136.0
158.0
137.0
137.0
122.0
144.0
168.0
133.0
144.0
132.0
133.0
135.0
138.0
169.0
137.0
139.0
138.0
135.0
163.0
194.0
141.0
138.0
138.0
137.0
169.0
140.0
165.0
140.0
130.0
166.0
134.0
164.0
141.0
139.0
165.0
140.0
134.0
166.0
133.0
163.0
141.0
169.0
138.0
165.0
143.0
133.0
137.0
137.0
166.0
141.0
165.0
141.0
141.0
136.0
196.0
167.0
139.0
168.0
139.0
168.0
134.0
165.0
136.0
138.0
165.0
138.0
169.0
141.0
166.0
206.0
138.0
136.0
140.0
169.0
141.0
118.0
138.0
166.0
145.0
162.0
139.0
165.0
137.0
171.0
145.0
162.0
140.0
169.0
138.0
138.0
168.0
144.0
164.0
136.0
165.0
137.0
141.0
169.0
141.0
141.0
132.0
142.0
166.0
143.0
166.0
141.0
166.0
139.0
164.0
134.0
162.0
133.0
126.0
166.0
139.0
163.0
137.0
167.0
138.0
160.0
139.0
140.0
169.0
230.0
163.0
139.0
144.0
166.0
133.0
162.0
137.0
135.0
131.0
167.0
141.0
137.0
166.0
144.0
163.0
141.0
167.0
132.0
164.0
144.0
186.0
135.0
139.0
165.0
139.0
163.0
139.0
137.0
164.0
134.0
136.0
165.0
138.0
137.0
166.0
136.0
173.0
136.0
165.0
146.0
162.0
142.0
165.0
129.0
168.0
142.0
167.0
137.0
165.0
138.0
139.0
170.0
142.0
133.0
164.0
136.0
134.0
167.0
139.0
168.0
142.0
166.0
141.0
169.0
140.0
126.0
141.0
163.0
143.0
165.0
138.0
139.0
166.0
133.0
137.0
136.0
141.0
165.0
138.0
166.0
141.0
165.0
124.0
165.0
137.0
144.0
136.0
221.0
132.0
138.0
140.0
172.0
137.0
139.0
137.0
163.0
141.0
165.0
136.0
139.0
136.0
167.0
133.0
134.0
165.0
129.0
172.0
137.0
139.0
139.0
168.0
136.0
165.0
138.0
138.0
132.0
164.0
137.0
139.0
136.0
134.0
136.0
165.0
134.0
164.0
133.0
165.0
138.0
141.0
169.0
139.0
140.0
163.0
146.0
162.0
141.0
135.0
138.0
167.0
141.0
138.0
138.0
137.0
170.0
142.0
165.0
144.0
166.0
140.0
144.0
164.0
136.0
136.0
562.0
165.0
136.0
164.0
141.0
168.0
138.0
164.0
140.0
141.0
141.0
137.0
168.0
145.0
167.0
138.0
137.0
165.0
138.0
163.0
135.0
165.0
141.0
165.0
137.0
137.0
139.0
138.0
139.0
161.0
125.0
166.0
139.0
141.0
138.0
139.0
164.0
140.0
140.0
165.0
139.0
162.0
139.0
169.0
138.0
138.0
141.0
138.0
161.0
140.0
141.0
142.0
165.0
144.0
140.0
160.0
138.0
137.0
142.0
166.0
141.0
167.0
141.0
141.0
139.0
164.0
145.0
139.0
166.0
139.0
161.0
142.0
163.0
139.0
134.0
166.0
132.0
170.0
190.0
165.0
143.0
140.0
167.0
140.0
165.0
139.0
165.0
361.0
165.0
140.0
166.0
139.0
166.0
138.0
165.0
139.0
168.0
140.0
166.0
129.0
164.0
377.0
203.0
164.0
139.0
137.0
163.0
140.0
165.0
131.0
120.0
143.0
162.0
211.0
136.0
141.0
137.0
170.0
138.0
141.0
168.0
141.0
169.0
135.0
166.0
140.0
165.0
140.0
165.0
144.0
170.0
136.0
134.0
165.0
131.0
147.0
141.0
136.0
137.0
162.0
140.0
168.0
139.0
165.0
138.0
140.0
166.0
141.0
140.0
138.0
146.0
140.0
137.0
140.0
140.0
166.0
137.0
165.0
136.0
139.0
166.0
141.0
165.0
142.0
165.0
138.0
168.0
142.0
166.0
135.0
166.0
141.0
130.0
136.0
168.0
121.0
166.0
139.0
137.0
165.0
133.0
163.0
139.0
170.0
138.0
164.0
140.0
139.0
137.0
163.0
138.0
166.0
140.0
169.0
133.0
171.0
138.0
163.0
138.0
166.0
138.0
165.0
132.0
170.0
139.0
136.0
138.0
168.0
142.0
166.0
130.0
165.0
137.0
136.0
164.0
138.0
139.0
165.0
137.0
137.0
169.0
140.0
164.0
139.0
165.0
128.0
135.0
164.0
137.0
136.0
136.0
167.0
133.0
137.0
166.0
141.0
144.0
142.0
170.0
141.0
141.0
137.0
138.0
