120.0
115.0
113.0
117.0
118.0
147.0
113.0
149.0
110.0
149.0
116.0
232.0
109.0
148.0
117.0
149.0
116.0
148.0
146.0
117.0
149.0
120.0
149.0
114.0
117.0
119.0
120.0
146.0
121.0
113.0
146.0
116.0
113.0
125.0
151.0
116.0
151.0
119.0
148.0
116.0
150.0
117.0
151.0
110.0
151.0
113.0
152.0
117.0
148.0
115.0
121.0
111.0
151.0
117.0
150.0
113.0
149.0
116.0
118.0
114.0
150.0
116.0
113.0
118.0
144.0
115.0
119.0
146.0
114.0
119.0
116.0
118.0
155.0
121.0
114.0
117.0
147.0
120.0
146.0
103.0
148.0
114.0
147.0
120.0
306.0
111.0
145.0
122.0
147.0
116.0
144.0
115.0
145.0
117.0
148.0
114.0
149.0
118.0
112.0
147.0
114.0
117.0
144.0
113.0
151.0
113.0
149.0
116.0
153.0
118.0
147.0
106.0
112.0
145.0
117.0
148.0
113.0
148.0
119.0
148.0
114.0
150.0
111.0
151.0
117.0
118.0
146.0
118.0
149.0
121.0
149.0
114.0
119.0
149.0
100.0
149.0
119.0
147.0
118.0
148.0
107.0
116.0
118.0
152.0
111.0
120.0
119.0
147.0
180.0
111.0
146.0
117.0
145.0
115.0
148.0
223.0
141.0
116.0
118.0
150.0
115.0
148.0
301.0
114.0
118.0
145.0
118.0
148.0
114.0
113.0
147.0
113.0
150.0
118.0
147.0
116.0
149.0
116.0
152.0
116.0
146.0
117.0
148.0
116.0
152.0
117.0
114.0
149.0
109.0
149.0
114.0
145.0
114.0
151.0
120.0
148.0
118.0
114.0
149.0
116.0
144.0
113.0
114.0
145.0
113.0
150.0
117.0
148.0
99.0
147.0
109.0
145.0
81.0
160.0
498.0
149.0
107.0
148.0
117.0
115.0
141.0
113.0
147.0
121.0
142.0
117.0
153.0
112.0
146.0
120.0
148.0
120.0
157.0
186.0
147.0
119.0
121.0
146.0
121.0
116.0
113.0
123.0
113.0
147.0
118.0
114.0
121.0
117.0
118.0
111.0
154.0
121.0
122.0
114.0
117.0
142.0
112.0
148.0
115.0
151.0
114.0
146.0
118.0
149.0
119.0
142.0
151.0
118.0
147.0
119.0
150.0
116.0
148.0
120.0
150.0
117.0
148.0
117.0
151.0
119.0
121.0
147.0
107.0
147.0
114.0
112.0
145.0
117.0
145.0
108.0
144.0
114.0
147.0
117.0
145.0
116.0
116.0
117.0
119.0
148.0
116.0
139.0
114.0
114.0
116.0
120.0
154.0
116.0
146.0
113.0
110.0
145.0
109.0
146.0
114.0
146.0
117.0
151.0
119.0
146.0
117.0
149.0
117.0
142.0
116.0
116.0
117.0
149.0
116.0
118.0
148.0
120.0
117.0
146.0
111.0
148.0
120.0
149.0
114.0
116.0
118.0
151.0
119.0
116.0
143.0
104.0
153.0
119.0
153.0
112.0
116.0
106.0
116.0
116.0
117.0
148.0
112.0
148.0
120.0
147.0
119.0
148.0
113.0
149.0
121.0
114.0
114.0
146.0
150.0
114.0
113.0
118.0
113.0
150.0
114.0
122.0
142.0
115.0
150.0
116.0
148.0
117.0
102.0
118.0
114.0
151.0
117.0
144.0
122.0
150.0
121.0
119.0
153.0
122.0
107.0
149.0
117.0
150.0
122.0
116.0
119.0
122.0
143.0
114.0
148.0
112.0
148.0
117.0
152.0
121.0
114.0
113.0
113.0
121.0
139.0
120.0
112.0
147.0
113.0
149.0
113.0
111.0
149.0
116.0
142.0
114.0
149.0
110.0
149.0
117.0
149.0
118.0
111.0
149.0
114.0
142.0
116.0
191.0
146.0
110.0
150.0
116.0
141.0
117.0
149.0
117.0
152.0
238.0
122.0
149.0
114.0
147.0
114.0
184.0
147.0
117.0
114.0
114.0
117.0
146.0
117.0
108.0
113.0
154.0
118.0
116.0
117.0
118.0
149.0
110.0
149.0
122.0
148.0
115.0
111.0
148.0
115.0
146.0
121.0
123.0
120.0
151.0
110.0
115.0
145.0
116.0
118.0
114.0
113.0
117.0
116.0
146.0
119.0
116.0
148.0
118.0
123.0
146.0
120.0
114.0
148.0
114.0
149.0
118.0
113.0
146.0
112.0
154.0
116.0
117.0
120.0
114.0
117.0
147.0
111.0
116.0
147.0
119.0
113.0
151.0
111.0
146.0
117.0
148.0
117.0
145.0
113.0
118.0
148.0
354.0
115.0
117.0
146.0
116.0
147.0
119.0
146.0
112.0
151.0
117.0
113.0
146.0
117.0
105.0
149.0
119.0
144.0
114.0
146.0
118.0
145.0
115.0
117.0
120.0
114.0
148.0
120.0
121.0
111.0
150.0
292.0
149.0
114.0
149.0
116.0
114.0
152.0
116.0
148.0
112.0
117.0
118.0
146.0
121.0
114.0
149.0
111.0
147.0
117.0
149.0
114.0
118.0
150.0
114.0
148.0
145.0
150.0
105.0
148.0
117.0
107.0
154.0
116.0
150.0
117.0
104.0
148.0
118.0
149.0
114.0
144.0
120.0
149.0
119.0
116.0
147.0
112.0
100.0
152.0
118.0
152.0
114.0
147.0
113.0
145.0
118.0
114.0
114.0
149.0
188.0
148.0
117.0
110.0
149.0
113.0
115.0
145.0
121.0
117.0
145.0
115.0
150.0
119.0
148.0
119.0
119.0
152.0
119.0
116.0
113.0
115.0
118.0
118.0
149.0
114.0
144.0
118.0
111.0
145.0
115.0
122.0
118.0
146.0
405.0
148.0
117.0
116.0
117.0
147.0
117.0
118.0
116.0
146.0
118.0
149.0
109.0
114.0
112.0
144.0
117.0
114.0
117.0
150.0
116.0
147.0
117.0
115.0
146.0
116.0
141.0
117.0
148.0
121.0
149.0
121.0
150.0
114.0
148.0
110.0
114.0
145.0
121.0
112.0
149.0
117.0
145.0
116.0
115.0
150.0
116.0
150.0
108.0
122.0
235.0
120.0
148.0
118.0
149.0
114.0
144.0
118.0
148.0
106.0
152.0
118.0
115.0
148.0
114.0
116.0
146.0
115.0
149.0
113.0
146.0
278.0
149.0
117.0
116.0
118.0
149.0
116.0
150.0
119.0
147.0
118.0
149.0
114.0
147.0
119.0
150.0
116.0
105.0
95.0
150.0
117.0
143.0
115.0
118.0
148.0
122.0
111.0
143.0
104.0
149.0
118.0
118.0
149.0
113.0
145.0
116.0
118.0
118.0
118.0
146.0
116.0
149.0
111.0
147.0
109.0
145.0
119.0
148.0
115.0
117.0
114.0
109.0
119.0
144.0
116.0
111.0
146.0
116.0
148.0
106.0
145.0
117.0
122.0
149.0
115.0
109.0
151.0
116.0
147.0
113.0
116.0
147.0
125.0
149.0
111.0
114.0
147.0
109.0
114.0
112.0
149.0
117.0
115.0
148.0
117.0
118.0
193.0
147.0
114.0
148.0
138.0
475.0
151.0
116.0
118.0
150.0
118.0
117.0
113.0
122.0
145.0
114.0
117.0
115.0
114.0
116.0
122.0
144.0
210.0
152.0
110.0
152.0
113.0
149.0
119.0
146.0
117.0
152.0
119.0
149.0
112.0
145.0
118.0
115.0
116.0
100.0
145.0
114.0
149.0
118.0
149.0
122.0
144.0
119.0
146.0
120.0
117.0
121.0
149.0
544.0
149.0
121.0
155.0
112.0
139.0
117.0
141.0
115.0
119.0
149.0
121.0
148.0
121.0
111.0
117.0
105.0
150.0
223.0
115.0
144.0
113.0
149.0
120.0
152.0
118.0
150.0
119.0
148.0
101.0
116.0
146.0
112.0
148.0
119.0
148.0
114.0
149.0
114.0
148.0
117.0
149.0
118.0
117.0
148.0
118.0
150.0
116.0
105.0
208.0
119.0
149.0
115.0
115.0
150.0
118.0
150.0
111.0
151.0
114.0
116.0
119.0
119.0
150.0
376.0
148.0
111.0
145.0
117.0
116.0
148.0
115.0
150.0
117.0
145.0
114.0
146.0
117.0
115.0
117.0
149.0
114.0
148.0
119.0
120.0
147.0
118.0
143.0
108.0
120.0
150.0
114.0
146.0
118.0
149.0
113.0
150.0
116.0
119.0
147.0
119.0
144.0
114.0
149.0
117.0
115.0
108.0
152.0
114.0
149.0
122.0
144.0
116.0
114.0
116.0
116.0
145.0
117.0
149.0
120.0
148.0
122.0
118.0
97.0
146.0
120.0
114.0
117.0
152.0
113.0
119.0
148.0
116.0
140.0
179.0
120.0
118.0
113.0
145.0
120.0
147.0
117.0
149.0
116.0
147.0
116.0
303.0
123.0
143.0
116.0
148.0
119.0
117.0
157.0
118.0
148.0
112.0
148.0
105.0
150.0
125.0
120.0
150.0
117.0
149.0
117.0
149.0
118.0
114.0
117.0
110.0
149.0
119.0
149.0
113.0
114.0
147.0
112.0
149.0
116.0
150.0
114.0
119.0
141.0
117.0
146.0
95.0
150.0
116.0
118.0
148.0
120.0
150.0
118.0
145.0
362.0
103.0
149.0
114.0
117.0
115.0
151.0
114.0
117.0
147.0
117.0
110.0
146.0
96.0
148.0
112.0
117.0
118.0
123.0
117.0
152.0
119.0
153.0
120.0
150.0
115.0
112.0
147.0
119.0
120.0
147.0
119.0
149.0
116.0
114.0
149.0
111.0
145.0
116.0
148.0
123.0
145.0
298.0
153.0
110.0
149.0
118.0
144.0
117.0
117.0
342.0
148.0
109.0
150.0
114.0
150.0
120.0
116.0
113.0
121.0
118.0
146.0
110.0
117.0
107.0
149.0
114.0
152.0
117.0
148.0
114.0
148.0
114.0
148.0
110.0
154.0
117.0
149.0
117.0
118.0
152.0
115.0
118.0
146.0
119.0
146.0
107.0
145.0
116.0
147.0
114.0
115.0
114.0
145.0
121.0
147.0
117.0
150.0
119.0
153.0
119.0
147.0
117.0
150.0
121.0
151.0
114.0
146.0
110.0
148.0
115.0
148.0
116.0
122.0
149.0
113.0
148.0
117.0
117.0
118.0
149.0
113.0
114.0
147.0
113.0
146.0
121.0
145.0
119.0
118.0
114.0
149.0
117.0
105.0
143.0
113.0
144.0
118.0
112.0
117.0
145.0
110.0
122.0
148.0
116.0
144.0
107.0
146.0
119.0
146.0
118.0
149.0
114.0
149.0
118.0
117.0
149.0
117.0
115.0
144.0
119.0
115.0
114.0
114.0
116.0
147.0
116.0
115.0
148.0
118.0
145.0
115.0
145.0
118.0
145.0
117.0
150.0
118.0
145.0
118.0
115.0
143.0
111.0
145.0
116.0
149.0
117.0
147.0
114.0
118.0
113.0
198.0
122.0
145.0
120.0
148.0
116.0
147.0
114.0
153.0
122.0
109.0
114.0
105.0
149.0
117.0
117.0
147.0
118.0
144.0
115.0
114.0
115.0
117.0
112.0
155.0
112.0
118.0
149.0
114.0
148.0
117.0
149.0
116.0
147.0
116.0
117.0
117.0
151.0
116.0
149.0
121.0
115.0
117.0
114.0
152.0
121.0
152.0
114.0
117.0
146.0
122.0
115.0
150.0
117.0
112.0
117.0
110.0
149.0
111.0
142.0
117.0
150.0
114.0
118.0
120.0
119.0
146.0
116.0
119.0
116.0
117.0
148.0
117.0
147.0
119.0
150.0
113.0
120.0
117.0
77.0
163.0
117.0
119.0
118.0
147.0
117.0
147.0
116.0
118.0
147.0
108.0
154.0
117.0
117.0
117.0
146.0
119.0
148.0
90.0
154.0
117.0
114.0
118.0
149.0
123.0
242.0
114.0
145.0
116.0
105.0
149.0
118.0
119.0
114.0
117.0
122.0
113.0
146.0
118.0
116.0
150.0
116.0
116.0
121.0
149.0
203.0
121.0
110.0
114.0
149.0
116.0
148.0
113.0
116.0
144.0
116.0
117.0
145.0
116.0
148.0
117.0
153.0
117.0
116.0
116.0
117.0
111.0
115.0
145.0
119.0
119.0
147.0
117.0
117.0
146.0
115.0
148.0
118.0
117.0
117.0
148.0
117.0
116.0
146.0
108.0
150.0
121.0
117.0
114.0
101.0
151.0
118.0
118.0
148.0
117.0
116.0
118.0
145.0
117.0
114.0
153.0
117.0
144.0
117.0
153.0
118.0
118.0
145.0
122.0
149.0
114.0
149.0
116.0
147.0
118.0
145.0
116.0
119.0
145.0
94.0
115.0
114.0
146.0
119.0
153.0
112.0
93.0
148.0
114.0
106.0
112.0
115.0
114.0
118.0
150.0
115.0
112.0
147.0
120.0
149.0
118.0
146.0
112.0
113.0
150.0
117.0
100.0
112.0
119.0
148.0
116.0
114.0
108.0
150.0
118.0
114.0
149.0
115.0
119.0
145.0
124.0
146.0
116.0
142.0
118.0
112.0
118.0
119.0
153.0
117.0
155.0
113.0
119.0
146.0
118.0
115.0
116.0
148.0
116.0
118.0
148.0
116.0
118.0
116.0
146.0
114.0
110.0
117.0
117.0
148.0
114.0
117.0
147.0
113.0
116.0
149.0
116.0
150.0
117.0
153.0
114.0
114.0
149.0
114.0
149.0
116.0
148.0
115.0
107.0
147.0
118.0
113.0
149.0
114.0
146.0
148.0
146.0
112.0
107.0
149.0
113.0
148.0
119.0
147.0
121.0
151.0
114.0
113.0
146.0
110.0
148.0
116.0
110.0
117.0
115.0
143.0
120.0
120.0
120.0
149.0
117.0
114.0
117.0
118.0
149.0
117.0
122.0
118.0
144.0
115.0
114.0
119.0
117.0
114.0
112.0
119.0
148.0
112.0
106.0
150.0
104.0
150.0
120.0
93.0
151.0
118.0
148.0
113.0
121.0
149.0
111.0
117.0
145.0
115.0
146.0
110.0
146.0
114.0
112.0
149.0
117.0
146.0
116.0
151.0
116.0
144.0
116.0
142.0
120.0
145.0
116.0
147.0
118.0
114.0
149.0
116.0
150.0
117.0
151.0
112.0
114.0
149.0
114.0
152.0
104.0
145.0
118.0
204.0
145.0
117.0
117.0
151.0
121.0
146.0
107.0
149.0
113.0
149.0
119.0
149.0
115.0
150.0
118.0
116.0
120.0
149.0
104.0
115.0
148.0
121.0
145.0
112.0
144.0
109.0
148.0
100.0
153.0
207.0
115.0
148.0
112.0
150.0
117.0
148.0
120.0
148.0
116.0
114.0
146.0
119.0
110.0
152.0
117.0
148.0
121.0
113.0
149.0
118.0
148.0
116.0
117.0
147.0
116.0
119.0
116.0
148.0
114.0
149.0
115.0
150.0
113.0
117.0
149.0
118.0
144.0
498.0
148.0
106.0
148.0
116.0
147.0
114.0
157.0
114.0
117.0
147.0
118.0
149.0
117.0
149.0
110.0
149.0
118.0
112.0
116.0
146.0
110.0
117.0
119.0
115.0
144.0
114.0
117.0
119.0
146.0
112.0
149.0
116.0
146.0
120.0
149.0
114.0
151.0
119.0
147.0
108.0
154.0
117.0
117.0
150.0
117.0
115.0
148.0
113.0
117.0
119.0
99.0
149.0
119.0
150.0
117.0
145.0
114.0
119.0
146.0
117.0
151.0
115.0
144.0
113.0
145.0
118.0
151.0
117.0
147.0
117.0
150.0
113.0
146.0
115.0
145.0
113.0
150.0
119.0
117.0
116.0
213.0
246.0
282.0
118.0
114.0
149.0
116.0
148.0
116.0
118.0
115.0
150.0
119.0
121.0
144.0
198.0
144.0
114.0
150.0
116.0
116.0
146.0
123.0
149.0
118.0
150.0
113.0
106.0
150.0
114.0
149.0
107.0
148.0
116.0
184.0
119.0
112.0
146.0
113.0
146.0
116.0
148.0
118.0
146.0
113.0
148.0
115.0
150.0
118.0
142.0
120.0
149.0
111.0
152.0
118.0
150.0
119.0
120.0
146.0
116.0
114.0
115.0
146.0
114.0
149.0
121.0
148.0
109.0
153.0
121.0
147.0
118.0
196.0
118.0
143.0
109.0
147.0
119.0
150.0
117.0
149.0
118.0
107.0
120.0
118.0
142.0
119.0
150.0
115.0
152.0
118.0
113.0
149.0
114.0
148.0
113.0
149.0
118.0
148.0
112.0
150.0
114.0
120.0
119.0
146.0
117.0
118.0
150.0
117.0
116.0
149.0
106.0
145.0
102.0
151.0
116.0
149.0
121.0
154.0
111.0
113.0
116.0
116.0
112.0
149.0
114.0
117.0
150.0
115.0
119.0
150.0
118.0
149.0
116.0
146.0
119.0
145.0
118.0
117.0
114.0
117.0
110.0
108.0
149.0
116.0
585.0
150.0
115.0
147.0
114.0
151.0
117.0
143.0
118.0
117.0
104.0
148.0
113.0
114.0
149.0
120.0
120.0
146.0
112.0
149.0
119.0
146.0
121.0
112.0
118.0
146.0
119.0
116.0
114.0
115.0
148.0
117.0
146.0
114.0
149.0
119.0
148.0
111.0
149.0
116.0
148.0
110.0
148.0
115.0
150.0
116.0
151.0
117.0
115.0
114.0
120.0
118.0
116.0
145.0
106.0
110.0
141.0
117.0
145.0
116.0
144.0
116.0
144.0
121.0
150.0
85.0
156.0
117.0
144.0
104.0
149.0
194.0
117.0
148.0
116.0
146.0
119.0
145.0
117.0
148.0
109.0
151.0
112.0
148.0
116.0
152.0
117.0
150.0
113.0
148.0
115.0
120.0
147.0
116.0
148.0
119.0
113.0
115.0
149.0
117.0
120.0
146.0
117.0
154.0
116.0
143.0
181.0
144.0
114.0
118.0
120.0
120.0
114.0
147.0
116.0
152.0
356.0
144.0
118.0
144.0
112.0
145.0
117.0
120.0
113.0
149.0
116.0
144.0
119.0
122.0
144.0
121.0
146.0
111.0
149.0
119.0
113.0
149.0
117.0
150.0
113.0
114.0
148.0
116.0
169.0
117.0
118.0
116.0
147.0
116.0
144.0
117.0
149.0
118.0
113.0
152.0
119.0
151.0
117.0
118.0
146.0
113.0
116.0
148.0
107.0
154.0
116.0
117.0
148.0
394.0
146.0
117.0
152.0
116.0
114.0
194.0
110.0
117.0
149.0
116.0
151.0
114.0
150.0
116.0
150.0
116.0
152.0
114.0
153.0
112.0
149.0
118.0
149.0
114.0
149.0
120.0
148.0
115.0
152.0
114.0
149.0
116.0
147.0
112.0
107.0
145.0
110.0
155.0
114.0
116.0
149.0
104.0
154.0
106.0
149.0
116.0
146.0
117.0
152.0
118.0
150.0
117.0
120.0
114.0
114.0
148.0
117.0
150.0
114.0
115.0
145.0
122.0
147.0
116.0
146.0
118.0
145.0
116.0
149.0
119.0
142.0
114.0
114.0
110.0
116.0
146.0
118.0
146.0
113.0
150.0
117.0
118.0
118.0
109.0
144.0
116.0
111.0
112.0
119.0
149.0
116.0
110.0
119.0
142.0
116.0
147.0
115.0
146.0
117.0
120.0
148.0
101.0
151.0
109.0
149.0
117.0
149.0
117.0
116.0
113.0
114.0
148.0
181.0
116.0
147.0
116.0
115.0
148.0
116.0
119.0
114.0
146.0
116.0
146.0
122.0
152.0
114.0
116.0
150.0
114.0
145.0
113.0
144.0
118.0
118.0
114.0
149.0
120.0
150.0
119.0
491.0
151.0
111.0
114.0
115.0
120.0
147.0
121.0
146.0
119.0
147.0
210.0
148.0
114.0
149.0
112.0
117.0
150.0
117.0
147.0
118.0
149.0
116.0
147.0
118.0
113.0
153.0
115.0
90.0
160.0
114.0
146.0
120.0
152.0
583.0
121.0
148.0
118.0
107.0
123.0
117.0
116.0
150.0
121.0
112.0
146.0
114.0
149.0
117.0
147.0
118.0
150.0
120.0
150.0
117.0
152.0
313.0
146.0
112.0
115.0
144.0
115.0
149.0
118.0
150.0
117.0
147.0
116.0
120.0
150.0
117.0
105.0
153.0
114.0
145.0
116.0
152.0
108.0
119.0
148.0
113.0
145.0
117.0
148.0
120.0
153.0
115.0
113.0
115.0
147.0
103.0
212.0
146.0
119.0
120.0
111.0
111.0
114.0
145.0
116.0
145.0
115.0
114.0
111.0
147.0
110.0
151.0
108.0
151.0
119.0
117.0
148.0
109.0
149.0
114.0
121.0
113.0
149.0
114.0
116.0
150.0
115.0
115.0
118.0
116.0
118.0
117.0
116.0
120.0
146.0
478.0
119.0
115.0
150.0
111.0
110.0
148.0
115.0
151.0
107.0
146.0
118.0
117.0
117.0
150.0
116.0
146.0
117.0
117.0
150.0
117.0
114.0
117.0
152.0
118.0
148.0
122.0
150.0
114.0
146.0
119.0
150.0
107.0
149.0
114.0
150.0
116.0
151.0
232.0
114.0
146.0
119.0
113.0
148.0
120.0
146.0
114.0
115.0
119.0
149.0
118.0
116.0
145.0
113.0
149.0
117.0
116.0
152.0
106.0
152.0
112.0
150.0
117.0
113.0
147.0
117.0
116.0
111.0
112.0
115.0
145.0
120.0
147.0
114.0
117.0
153.0
121.0
116.0
123.0
144.0
118.0
117.0
117.0
122.0
116.0
116.0
150.0
118.0
120.0
117.0
113.0
116.0
144.0
109.0
148.0
120.0
115.0
146.0
118.0
113.0
116.0
121.0
118.0
147.0
106.0
122.0
147.0
119.0
112.0
146.0
119.0
118.0
118.0
145.0
118.0
118.0
147.0
116.0
144.0
118.0
116.0
149.0
122.0
150.0
115.0
148.0
117.0
146.0
115.0
114.0
94.0
146.0
106.0
152.0
120.0
148.0
114.0
118.0
116.0
148.0
116.0
117.0
111.0
148.0
109.0
113.0
117.0
153.0
110.0
112.0
119.0
148.0
113.0
122.0
344.0
149.0
115.0
116.0
115.0
146.0
118.0
112.0
116.0
149.0
117.0
118.0
145.0
114.0
148.0
117.0
145.0
117.0
149.0
117.0
115.0
144.0
117.0
121.0
146.0
190.0
146.0
118.0
113.0
148.0
118.0
467.0
117.0
116.0
122.0
145.0
111.0
148.0
121.0
117.0
109.0
146.0
118.0
115.0
110.0
114.0
117.0
144.0
111.0
148.0
117.0
116.0
117.0
143.0
107.0
148.0
115.0
116.0
149.0
114.0
150.0
118.0
117.0
111.0
114.0
145.0
117.0
148.0
121.0
148.0
119.0
119.0
114.0
148.0
120.0
117.0
149.0
109.0
141.0
119.0
116.0
146.0
120.0
154.0
117.0
114.0
147.0
120.0
117.0
119.0
149.0
117.0
150.0
112.0
146.0
111.0
148.0
118.0
148.0
539.0
151.0
104.0
149.0
118.0
122.0
112.0
144.0
114.0
120.0
109.0
120.0
146.0
123.0
114.0
141.0
114.0
116.0
147.0
114.0
116.0
149.0
110.0
146.0
120.0
146.0
104.0
148.0
116.0
151.0
114.0
116.0
149.0
116.0
114.0
113.0
113.0
114.0
117.0
148.0
333.0
146.0
103.0
149.0
119.0
148.0
112.0
145.0
112.0
148.0
117.0
150.0
117.0
117.0
149.0
121.0
116.0
112.0
418.0
146.0
116.0
117.0
146.0
121.0
116.0
146.0
117.0
145.0
117.0
151.0
118.0
117.0
179.0
153.0
118.0
146.0
115.0
148.0
118.0
153.0
123.0
146.0
115.0
116.0
148.0
119.0
119.0
146.0
119.0
145.0
114.0
145.0
114.0
145.0
116.0
116.0
118.0
114.0
119.0
150.0
120.0
150.0
110.0
151.0
89.0
152.0
119.0
117.0
145.0
113.0
117.0
116.0
146.0
118.0
115.0
117.0
118.0
149.0
116.0
151.0
111.0
148.0
108.0
148.0
117.0
118.0
115.0
148.0
113.0
146.0
113.0
116.0
149.0
113.0
116.0
146.0
110.0
151.0
116.0
114.0
151.0
118.0
118.0
114.0
146.0
116.0
154.0
109.0
151.0
112.0
117.0
119.0
119.0
148.0
119.0
115.0
114.0
113.0
148.0
121.0
114.0
145.0
114.0
149.0
114.0
118.0
112.0
150.0
121.0
148.0
117.0
114.0
152.0
117.0
146.0
121.0
148.0
117.0
144.0
112.0
115.0
118.0
146.0
120.0
152.0
110.0
110.0
152.0
119.0
151.0
117.0
150.0
112.0
149.0
115.0
151.0
120.0
112.0
118.0
148.0
114.0
148.0
113.0
146.0
117.0
116.0
144.0
110.0
104.0
150.0
121.0
150.0
119.0
113.0
121.0
106.0
153.0
112.0
145.0
116.0
117.0
116.0
115.0
116.0
150.0
117.0
153.0
113.0
146.0
117.0
118.0
120.0
149.0
114.0
146.0
118.0
148.0
117.0
145.0
105.0
114.0
152.0
109.0
146.0
120.0
121.0
148.0
121.0
148.0
115.0
143.0
116.0
112.0
147.0
120.0
118.0
123.0
114.0
118.0
152.0
114.0
151.0
117.0
146.0
114.0
149.0
117.0
114.0
117.0
148.0
111.0
145.0
115.0
144.0
115.0
148.0
121.0
114.0
142.0
109.0
148.0
117.0
111.0
149.0
122.0
151.0
119.0
150.0
112.0
115.0
149.0
109.0
141.0
120.0
149.0
116.0
150.0
121.0
149.0
116.0
150.0
119.0
145.0
123.0
149.0
113.0
114.0
149.0
117.0
118.0
146.0
116.0
117.0
116.0
147.0
119.0
146.0
120.0
151.0
115.0
116.0
113.0
144.0
117.0
148.0
113.0
117.0
114.0
149.0
113.0
111.0
146.0
118.0
109.0
147.0
114.0
113.0
112.0
144.0
117.0
117.0
145.0
116.0
118.0
147.0
117.0
113.0
149.0
120.0
115.0
149.0
106.0
116.0
150.0
117.0
116.0
147.0
116.0
148.0
117.0
148.0
115.0
118.0
116.0
110.0
148.0
107.0
117.0
146.0
112.0
149.0
119.0
149.0
116.0
148.0
113.0
114.0
145.0
117.0
116.0
151.0
118.0
150.0
111.0
114.0
113.0
148.0
116.0
147.0
114.0
150.0
109.0
152.0
121.0
118.0
148.0
117.0
148.0
118.0
147.0
115.0
113.0
149.0
124.0
117.0
154.0
117.0
148.0
119.0
144.0
105.0
149.0
118.0
115.0
190.0
145.0
115.0
116.0
116.0
113.0
115.0
118.0
150.0
123.0
122.0
111.0
149.0
115.0
112.0
155.0
118.0
146.0
116.0
113.0
146.0
106.0
149.0
116.0
149.0
117.0
114.0
147.0
118.0
149.0
106.0
151.0
112.0
149.0
121.0
147.0
116.0
121.0
117.0
146.0
107.0
113.0
150.0
114.0
148.0
112.0
114.0
147.0
115.0
147.0
102.0
150.0
117.0
148.0
114.0
150.0
107.0
150.0
112.0
151.0
111.0
153.0
114.0
146.0
113.0
148.0
117.0
116.0
146.0
225.0
150.0
114.0
147.0
113.0
149.0
114.0
109.0
144.0
298.0
149.0
121.0
117.0
146.0
121.0
150.0
109.0
152.0
112.0
113.0
146.0
107.0
112.0
150.0
106.0
125.0
113.0
117.0
117.0
148.0
114.0
118.0
105.0
152.0
117.0
145.0
115.0
119.0
149.0
118.0
116.0
150.0
114.0
149.0
115.0
117.0
108.0
141.0
118.0
117.0
147.0
180.0
146.0
117.0
150.0
114.0
150.0
122.0
153.0
121.0
147.0
194.0
116.0
117.0
150.0
116.0
112.0
149.0
111.0
120.0
120.0
146.0
550.0
150.0
117.0
146.0
109.0
148.0
116.0
116.0
120.0
148.0
117.0
141.0
194.0
117.0
143.0
113.0
109.0
151.0
119.0
149.0
116.0
151.0
117.0
116.0
148.0
117.0
121.0
117.0
148.0
113.0
117.0
153.0
116.0
119.0
148.0
119.0
113.0
147.0
116.0
113.0
118.0
117.0
117.0
119.0
117.0
142.0
114.0
147.0
117.0
115.0
148.0
122.0
114.0
152.0
118.0
150.0
110.0
145.0
111.0
147.0
116.0
145.0
117.0
147.0
114.0
146.0
114.0
115.0
111.0
114.0
117.0
119.0
118.0
144.0
111.0
117.0
112.0
149.0
114.0
146.0
116.0
108.0
121.0
149.0
119.0
151.0
116.0
118.0
150.0
116.0
118.0
118.0
117.0
120.0
118.0
150.0
110.0
149.0
283.0
143.0
115.0
148.0
119.0
145.0
117.0
116.0
115.0
146.0
118.0
153.0
113.0
117.0
115.0
116.0
150.0
116.0
120.0
144.0
118.0
152.0
114.0
141.0
114.0
119.0
144.0
113.0
115.0
115.0
149.0
116.0
116.0
120.0
100.0
153.0
537.0
150.0
121.0
148.0
93.0
150.0
118.0
114.0
118.0
152.0
117.0
145.0
120.0
146.0
63.0
168.0
114.0
144.0
118.0
146.0
117.0
118.0
116.0
114.0
148.0
206.0
149.0
116.0
150.0
124.0
145.0
119.0
117.0
148.0
119.0
149.0
114.0
146.0
116.0
114.0
117.0
110.0
117.0
142.0
102.0
148.0
117.0
118.0
118.0
148.0
113.0
149.0
117.0
146.0
106.0
150.0
113.0
149.0
118.0
149.0
117.0
147.0
112.0
148.0
118.0
146.0
116.0
142.0
104.0
144.0
117.0
150.0
117.0
114.0
146.0
114.0
156.0
116.0
151.0
253.0
147.0
118.0
121.0
146.0
117.0
118.0
145.0
119.0
149.0
117.0
118.0
118.0
147.0
113.0
113.0
152.0
120.0
148.0
114.0
149.0
116.0
116.0
112.0
118.0
146.0
112.0
367.0
115.0
119.0
144.0
121.0
147.0
120.0
122.0
151.0
119.0
152.0
120.0
115.0
147.0
112.0
148.0
114.0
119.0
118.0
108.0
117.0
114.0
145.0
114.0
155.0
113.0
98.0
152.0
118.0
218.0
146.0
91.0
151.0
117.0
146.0
113.0
117.0
475.0
116.0
150.0
120.0
119.0
116.0
107.0
109.0
151.0
114.0
120.0
146.0
118.0
147.0
116.0
148.0
118.0
150.0
106.0
146.0
114.0
146.0
108.0
147.0
118.0
117.0
117.0
147.0
113.0
145.0
113.0
146.0
117.0
148.0
119.0
114.0
146.0
115.0
147.0
113.0
119.0
147.0
118.0
151.0
118.0
145.0
119.0
146.0
116.0
118.0
151.0
120.0
144.0
117.0
148.0
118.0
145.0
114.0
149.0
120.0
150.0
119.0
116.0
110.0
116.0
149.0
119.0
142.0
116.0
119.0
146.0
118.0
116.0
114.0
149.0
119.0
146.0
111.0
148.0
122.0
114.0
146.0
121.0
144.0
128.0
108.0
149.0
226.0
116.0
147.0
117.0
111.0
147.0
111.0
121.0
151.0
104.0
149.0
121.0
117.0
149.0
117.0
116.0
148.0
77.0
154.0
122.0
117.0
115.0
116.0
117.0
148.0
116.0
119.0
149.0
117.0
149.0
118.0
121.0
147.0
118.0
154.0
117.0
115.0
146.0
113.0
148.0
113.0
107.0
146.0
116.0
148.0
117.0
120.0
149.0
116.0
115.0
149.0
122.0
116.0
144.0
118.0
148.0
116.0
119.0
149.0
116.0
150.0
123.0
119.0
148.0
117.0
146.0
117.0
118.0
115.0
149.0
114.0
119.0
146.0
112.0
145.0
114.0
146.0
113.0
142.0
114.0
119.0
113.0
146.0
118.0
147.0
91.0
156.0
114.0
144.0
114.0
96.0
150.0
119.0
144.0
116.0
112.0
148.0
119.0
117.0
115.0
151.0
111.0
117.0
146.0
114.0
114.0
148.0
112.0
147.0
112.0
115.0
111.0
144.0
101.0
150.0
298.0
149.0
103.0
113.0
114.0
148.0
104.0
104.0
119.0
121.0
117.0
148.0
108.0
112.0
115.0
153.0
116.0
112.0
147.0
114.0
149.0
113.0
142.0
91.0
154.0
119.0
121.0
150.0
120.0
105.0
149.0
117.0
113.0
115.0
118.0
150.0
118.0
117.0
146.0
116.0
149.0
120.0
146.0
113.0
146.0
107.0
117.0
145.0
118.0
148.0
117.0
502.0
152.0
118.0
155.0
113.0
118.0
114.0
146.0
117.0
114.0
116.0
117.0
149.0
112.0
147.0
118.0
150.0
114.0
116.0
148.0
106.0
146.0
112.0
116.0
150.0
118.0
146.0
113.0
117.0
144.0
119.0
200.0
145.0
119.0
122.0
148.0
114.0
117.0
148.0
116.0
116.0
114.0
146.0
106.0
142.0
119.0
98.0
151.0
111.0
148.0
112.0
145.0
115.0
152.0
121.0
113.0
148.0
119.0
150.0
117.0
146.0
109.0
146.0
117.0
145.0
107.0
148.0
116.0
145.0
116.0
114.0
146.0
113.0
111.0
116.0
122.0
149.0
120.0
118.0
148.0
117.0
147.0
118.0
149.0
118.0
116.0
146.0
119.0
258.0
114.0
146.0
64.0
172.0
117.0
213.0
113.0
146.0
109.0
148.0
114.0
118.0
149.0
118.0
114.0
150.0
116.0
117.0
123.0
115.0
118.0
149.0
114.0
144.0
113.0
117.0
146.0
117.0
146.0
117.0
117.0
143.0
113.0
146.0
112.0
112.0
119.0
146.0
111.0
149.0
118.0
117.0
142.0
117.0
509.0
150.0
122.0
111.0
149.0
112.0
116.0
180.0
149.0
116.0
153.0
116.0
149.0
113.0
144.0
114.0
117.0
146.0
259.0
142.0
104.0
150.0
116.0
112.0
119.0
122.0
146.0
117.0
117.0
116.0
151.0
111.0
117.0
146.0
115.0
114.0
113.0
153.0
116.0
118.0
113.0
120.0
102.0
187.0
154.0
119.0
144.0
114.0
114.0
147.0
117.0
117.0
113.0
120.0
115.0
123.0
117.0
118.0
152.0
116.0
149.0
121.0
154.0
181.0
118.0
147.0
114.0
145.0
227.0
150.0
114.0
102.0
149.0
116.0
144.0
117.0
146.0
114.0
146.0
125.0
109.0
149.0
117.0
146.0
120.0
146.0
117.0
149.0
115.0
148.0
121.0
146.0
112.0
148.0
117.0
339.0
113.0
147.0
109.0
152.0
114.0
149.0
112.0
147.0
121.0
124.0
113.0
119.0
149.0
104.0
183.0
150.0
114.0
147.0
120.0
114.0
149.0
118.0
120.0
152.0
107.0
149.0
178.0
152.0
119.0
120.0
149.0
481.0
151.0
117.0
117.0
117.0
93.0
152.0
115.0
116.0
119.0
144.0
120.0
149.0
117.0
122.0
116.0
146.0
110.0
150.0
114.0
150.0
121.0
115.0
149.0
117.0
151.0
117.0
149.0
118.0
146.0
117.0
145.0
116.0
122.0
267.0
113.0
116.0
115.0
465.0
121.0
116.0
148.0
115.0
148.0
116.0
146.0
119.0
142.0
117.0
117.0
118.0
150.0
114.0
114.0
150.0
110.0
147.0
118.0
115.0
149.0
121.0
147.0
116.0
147.0
118.0
117.0
118.0
118.0
148.0
114.0
119.0
115.0
115.0
149.0
114.0
70.0
164.0
123.0
146.0
123.0
113.0
146.0
116.0
115.0
150.0
117.0
112.0
147.0
114.0
145.0
119.0
114.0
104.0
96.0
149.0
115.0
149.0
245.0
113.0
151.0
116.0
117.0
149.0
114.0
111.0
144.0
97.0
149.0
107.0
115.0
152.0
114.0
114.0
118.0
106.0
429.0
154.0
552.0
150.0
111.0
114.0
150.0
120.0
148.0
114.0
147.0
113.0
146.0
121.0
149.0
113.0
148.0
178.0
145.0
117.0
114.0
148.0
112.0
143.0
118.0
150.0
117.0
145.0
114.0
117.0
119.0
116.0
146.0
116.0
152.0
118.0
148.0
116.0
150.0
115.0
429.0
153.0
117.0
344.0
145.0
114.0
149.0
119.0
114.0
146.0
120.0
118.0
150.0
111.0
151.0
115.0
148.0
116.0
116.0
147.0
120.0
150.0
119.0
117.0
146.0
112.0
112.0
158.0
114.0
119.0
122.0
114.0
117.0
121.0
147.0
118.0
115.0
148.0
114.0
149.0
112.0
118.0
101.0
117.0
148.0
113.0
147.0
116.0
114.0
120.0
109.0
150.0
122.0
118.0
146.0
117.0
117.0
117.0
149.0
111.0
122.0
116.0
121.0
113.0
98.0
150.0
114.0
113.0
116.0
119.0
114.0
144.0
118.0
148.0
115.0
152.0
123.0
146.0
114.0
146.0
116.0
114.0
116.0
146.0
111.0
145.0
120.0
114.0
150.0
117.0
115.0
149.0
114.0
152.0
117.0
149.0
117.0
116.0
150.0
110.0
108.0
146.0
116.0
110.0
102.0
146.0
115.0
149.0
117.0
146.0
113.0
146.0
264.0
116.0
115.0
148.0
118.0
149.0
112.0
167.0
119.0
149.0
115.0
112.0
144.0
117.0
266.0
150.0
119.0
117.0
111.0
117.0
121.0
114.0
146.0
116.0
117.0
121.0
113.0
114.0
148.0
116.0
154.0
115.0
149.0
114.0
118.0
148.0
116.0
151.0
116.0
114.0
146.0
117.0
147.0
123.0
149.0
116.0
105.0
148.0
114.0
146.0
118.0
148.0
113.0
146.0
117.0
136.0
146.0
206.0
144.0
121.0
111.0
148.0
112.0
117.0
149.0
117.0
113.0
145.0
114.0
149.0
117.0
117.0
118.0
151.0
409.0
150.0
114.0
144.0
112.0
146.0
115.0
247.0
117.0
149.0
119.0
148.0
117.0
149.0
116.0
148.0
113.0
148.0
118.0
150.0
118.0
147.0
118.0
145.0
111.0
148.0
110.0
150.0
108.0
119.0
149.0
116.0
144.0
116.0
146.0
116.0
145.0
116.0
144.0
118.0
148.0
118.0
150.0
115.0
146.0
114.0
116.0
113.0
148.0
116.0
147.0
116.0
117.0
145.0
117.0
146.0
119.0
119.0
120.0
114.0
109.0
118.0
151.0
116.0
148.0
109.0
147.0
111.0
153.0
109.0
152.0
113.0
149.0
114.0
114.0
115.0
150.0
111.0
146.0
122.0
117.0
146.0
114.0
146.0
118.0
148.0
118.0
101.0
109.0
144.0
115.0
152.0
120.0
118.0
147.0
116.0
149.0
114.0
150.0
116.0
116.0
151.0
113.0
147.0
111.0
151.0
114.0
149.0
114.0
151.0
116.0
149.0
111.0
146.0
114.0
149.0
114.0
117.0
145.0
107.0
147.0
120.0
116.0
109.0
147.0
116.0
147.0
118.0
109.0
113.0
112.0
115.0
111.0
149.0
114.0
149.0
119.0
145.0
293.0
150.0
118.0
146.0
115.0
112.0
119.0
286.0
115.0
150.0
117.0
148.0
112.0
145.0
121.0
148.0
114.0
117.0
117.0
115.0
117.0
149.0
117.0
115.0
117.0
149.0
109.0
144.0
111.0
150.0
113.0
149.0
108.0
149.0
115.0
149.0
118.0
146.0
120.0
149.0
113.0
142.0
121.0
146.0
122.0
151.0
116.0
119.0
109.0
151.0
118.0
147.0
115.0
147.0
119.0
111.0
148.0
114.0
145.0
110.0
149.0
114.0
117.0
125.0
115.0
142.0
114.0
149.0
111.0
119.0
116.0
148.0
117.0
149.0
119.0
151.0
120.0
147.0
118.0
114.0
150.0
112.0
152.0
117.0
112.0
142.0
119.0
151.0
114.0
145.0
117.0
117.0
149.0
104.0
149.0
114.0
147.0
110.0
151.0
112.0
142.0
119.0
114.0
117.0
120.0
151.0
102.0
147.0
114.0
144.0
113.0
145.0
116.0
117.0
116.0
150.0
114.0
112.0
114.0
150.0
116.0
113.0
144.0
114.0
146.0
117.0
148.0
116.0
114.0
114.0
124.0
147.0
110.0
148.0
112.0
120.0
145.0
114.0
150.0
116.0
116.0
146.0
119.0
121.0
144.0
110.0
149.0
120.0
97.0
120.0
151.0
114.0
102.0
149.0
114.0
114.0
149.0
113.0
107.0
144.0
117.0
146.0
120.0
152.0
117.0
113.0
146.0
120.0
110.0
149.0
118.0
141.0
117.0
117.0
148.0
116.0
151.0
116.0
146.0
106.0
144.0
111.0
147.0
110.0
114.0
116.0
144.0
118.0
119.0
118.0
116.0
113.0
117.0
150.0
388.0
148.0
98.0
156.0
114.0
146.0
118.0
114.0
148.0
113.0
117.0
148.0
114.0
117.0
147.0
116.0
149.0
118.0
113.0
115.0
149.0
116.0
149.0
108.0
143.0
112.0
142.0
114.0
149.0
116.0
530.0
152.0
114.0
148.0
121.0
149.0
119.0
153.0
122.0
117.0
115.0
117.0
146.0
106.0
146.0
117.0
114.0
151.0
672.0
148.0
117.0
149.0
112.0
150.0
116.0
117.0
148.0
116.0
146.0
116.0
116.0
110.0
141.0
111.0
117.0
119.0
118.0
114.0
119.0
146.0
114.0
152.0
110.0
144.0
119.0
119.0
144.0
114.0
115.0
141.0
118.0
117.0
119.0
114.0
116.0
149.0
120.0
153.0
113.0
116.0
147.0
116.0
125.0
118.0
106.0
115.0
116.0
144.0
120.0
149.0
113.0
148.0
114.0
115.0
148.0
117.0
116.0
145.0
118.0
114.0
146.0
113.0
153.0
120.0
115.0
146.0
109.0
148.0
113.0
153.0
117.0
117.0
146.0
179.0
113.0
123.0
151.0
115.0
114.0
151.0
114.0
115.0
146.0
115.0
147.0
109.0
151.0
117.0
148.0
117.0
119.0
149.0
118.0
116.0
147.0
120.0
153.0
114.0
150.0
116.0
116.0
144.0
119.0
117.0
114.0
117.0
154.0
114.0
119.0
149.0
123.0
147.0
114.0
113.0
147.0
114.0
118.0
150.0
116.0
113.0
114.0
148.0
115.0
150.0
110.0
149.0
105.0
122.0
147.0
106.0
142.0
117.0
105.0
145.0
116.0
154.0
106.0
114.0
146.0
109.0
98.0
150.0
113.0
150.0
110.0
145.0
133.0
148.0
117.0
149.0
186.0
146.0
116.0
111.0
149.0
116.0
118.0
147.0
112.0
114.0
145.0
119.0
120.0
96.0
148.0
116.0
113.0
110.0
117.0
151.0
118.0
148.0
118.0
148.0
114.0
146.0
123.0
117.0
118.0
116.0
116.0
114.0
150.0
113.0
152.0
118.0
116.0
146.0
113.0
146.0
117.0
110.0
110.0
149.0
114.0
144.0
123.0
118.0
117.0
146.0
111.0
146.0
117.0
117.0
119.0
147.0
261.0
146.0
114.0
120.0
116.0
147.0
124.0
149.0
113.0
149.0
116.0
147.0
119.0
114.0
114.0
146.0
121.0
122.0
149.0
117.0
117.0
146.0
114.0
147.0
117.0
148.0
116.0
114.0
96.0
148.0
115.0
149.0
115.0
110.0
117.0
118.0
146.0
121.0
116.0
149.0
114.0
113.0
146.0
116.0
117.0
149.0
118.0
119.0
150.0
116.0
148.0
119.0
118.0
145.0
114.0
147.0
116.0
116.0
149.0
117.0
147.0
118.0
113.0
152.0
114.0
144.0
118.0
116.0
148.0
119.0
149.0
113.0
117.0
148.0
98.0
149.0
116.0
113.0
118.0
146.0
119.0
146.0
119.0
149.0
114.0
148.0
124.0
112.0
146.0
118.0
150.0
110.0
150.0
118.0
141.0
117.0
148.0
116.0
146.0
115.0
111.0
144.0
120.0
145.0
123.0
118.0
113.0
119.0
149.0
123.0
147.0
122.0
113.0
151.0
112.0
148.0
193.0
150.0
113.0
117.0
110.0
145.0
116.0
152.0
115.0
117.0
119.0
122.0
120.0
150.0
115.0
113.0
142.0
117.0
148.0
119.0
116.0
145.0
109.0
150.0
118.0
149.0
118.0
144.0
116.0
116.0
472.0
150.0
121.0
97.0
153.0
108.0
153.0
116.0
154.0
118.0
117.0
148.0
122.0
151.0
115.0
117.0
109.0
148.0
115.0
112.0
117.0
115.0
117.0
116.0
118.0
149.0
116.0
118.0
149.0
111.0
113.0
146.0
119.0
150.0
116.0
117.0
119.0
116.0
149.0
115.0
115.0
150.0
107.0
117.0
138.0
119.0
122.0
118.0
152.0
119.0
112.0
111.0
120.0
100.0
152.0
116.0
110.0
114.0
150.0
114.0
114.0
120.0
148.0
116.0
147.0
117.0
147.0
104.0
148.0
114.0
149.0
116.0
117.0
146.0
119.0
115.0
146.0
118.0
109.0
154.0
118.0
142.0
122.0
114.0
108.0
149.0
114.0
109.0
144.0
100.0
122.0
109.0
115.0
118.0
113.0
148.0
124.0
152.0
125.0
148.0
117.0
149.0
118.0
153.0
117.0
111.0
146.0
110.0
120.0
196.0
109.0
120.0
109.0
144.0
110.0
145.0
122.0
111.0
140.0
118.0
149.0
119.0
154.0
114.0
143.0
117.0
147.0
114.0
142.0
113.0
147.0
119.0
542.0
149.0
117.0
114.0
148.0
119.0
148.0
117.0
148.0
111.0
146.0
109.0
146.0
119.0
118.0
114.0
115.0
116.0
150.0
114.0
118.0
114.0
117.0
109.0
141.0
500.0
147.0
212.0
116.0
149.0
112.0
144.0
114.0
146.0
116.0
121.0
113.0
145.0
115.0
147.0
117.0
117.0
118.0
148.0
115.0
102.0
151.0
119.0
151.0
114.0
145.0
116.0
116.0
115.0
147.0
116.0
147.0
116.0
148.0
117.0
118.0
117.0
146.0
119.0
153.0
115.0
144.0
116.0
145.0
114.0
121.0
117.0
148.0
120.0
120.0
116.0
111.0
149.0
112.0
117.0
148.0
116.0
150.0
121.0
143.0
116.0
117.0
120.0
145.0
120.0
152.0
116.0
118.0
146.0
114.0
148.0
116.0
147.0
118.0
148.0
288.0
117.0
150.0
123.0
121.0
150.0
130.0
147.0
118.0
147.0
110.0
149.0
115.0
118.0
150.0
115.0
144.0
122.0
117.0
146.0
102.0
151.0
117.0
129.0
120.0
115.0
114.0
189.0
144.0
117.0
118.0
149.0
121.0
144.0
119.0
119.0
151.0
104.0
147.0
117.0
145.0
113.0
119.0
118.0
146.0
118.0
146.0
113.0
150.0
116.0
146.0
88.0
155.0
114.0
118.0
116.0
151.0
113.0
92.0
150.0
113.0
151.0
116.0
144.0
113.0
114.0
116.0
115.0
114.0
122.0
148.0
114.0
114.0
149.0
114.0
117.0
554.0
148.0
119.0
151.0
116.0
113.0
115.0
118.0
150.0
116.0
154.0
114.0
123.0
115.0
146.0
119.0
111.0
118.0
104.0
148.0
112.0
120.0
142.0
120.0
154.0
118.0
113.0
144.0
122.0
116.0
146.0
112.0
117.0
118.0
118.0
145.0
121.0
146.0
118.0
121.0
124.0
145.0
122.0
145.0
114.0
492.0
152.0
115.0
149.0
120.0
120.0
150.0
118.0
153.0
117.0
113.0
148.0
114.0
146.0
116.0
115.0
115.0
148.0
122.0
116.0
146.0
116.0
116.0
115.0
149.0
115.0
114.0
116.0
120.0
114.0
151.0
587.0
146.0
111.0
148.0
116.0
143.0
120.0
118.0
120.0
117.0
112.0
115.0
114.0
118.0
121.0
114.0
148.0
121.0
120.0
113.0
529.0
150.0
117.0
117.0
143.0
117.0
116.0
117.0
148.0
116.0
117.0
118.0
121.0
109.0
149.0
118.0
115.0
151.0
118.0
145.0
117.0
118.0
149.0
118.0
118.0
117.0
149.0
117.0
145.0
117.0
153.0
109.0
116.0
114.0
144.0
112.0
150.0
114.0
115.0
149.0
113.0
116.0
147.0
114.0
118.0
118.0
117.0
149.0
109.0
116.0
123.0
121.0
116.0
150.0
118.0
115.0
151.0
115.0
114.0
114.0
120.0
148.0
118.0
115.0
114.0
147.0
118.0
111.0
120.0
114.0
120.0
149.0
108.0
148.0
113.0
210.0
150.0
120.0
150.0
114.0
116.0
152.0
119.0
116.0
146.0
121.0
146.0
119.0
117.0
116.0
148.0
116.0
142.0
117.0
114.0
121.0
146.0
117.0
148.0
112.0
149.0
116.0
122.0
151.0
118.0
149.0
117.0
116.0
151.0
117.0
140.0
116.0
116.0
148.0
122.0
117.0
148.0
116.0
146.0
114.0
145.0
116.0
121.0
117.0
146.0
115.0
150.0
114.0
119.0
114.0
145.0
115.0
114.0
119.0
118.0
113.0
116.0
116.0
150.0
113.0
111.0
148.0
116.0
117.0
148.0
123.0
114.0
149.0
114.0
116.0
116.0
141.0
108.0
151.0
113.0
116.0
105.0
118.0
148.0
150.0
116.0
148.0
118.0
149.0
228.0
148.0
114.0
151.0
117.0
120.0
121.0
149.0
114.0
117.0
115.0
146.0
118.0
149.0
510.0
123.0
116.0
109.0
146.0
116.0
145.0
197.0
146.0
116.0
149.0
586.0
114.0
113.0
154.0
118.0
113.0
113.0
150.0
125.0
147.0
114.0
148.0
117.0
152.0
117.0
116.0
123.0
119.0
109.0
147.0
106.0
114.0
105.0
148.0
430.0
148.0
98.0
150.0
119.0
149.0
115.0
117.0
142.0
116.0
146.0
122.0
150.0
117.0
144.0
116.0
116.0
144.0
116.0
150.0
120.0
145.0
115.0
146.0
117.0
117.0
107.0
145.0
119.0
109.0
554.0
149.0
110.0
151.0
118.0
114.0
109.0
120.0
120.0
153.0
181.0
114.0
113.0
149.0
113.0
116.0
152.0
120.0
149.0
118.0
120.0
117.0
115.0
147.0
117.0
116.0
117.0
148.0
116.0
122.0
108.0
149.0
116.0
119.0
117.0
147.0
112.0
150.0
115.0
111.0
121.0
149.0
116.0
114.0
117.0
117.0
112.0
118.0
116.0
149.0
123.0
150.0
120.0
106.0
149.0
113.0
115.0
119.0
142.0
116.0
143.0
116.0
148.0
118.0
133.0
424.0
154.0
116.0
118.0
146.0
118.0
116.0
149.0
121.0
117.0
146.0
117.0
113.0
148.0
114.0
119.0
114.0
145.0
109.0
147.0
115.0
149.0
117.0
151.0
114.0
146.0
122.0
149.0
115.0
119.0
149.0
114.0
115.0
118.0
118.0
117.0
150.0
117.0
116.0
121.0
121.0
118.0
152.0
116.0
118.0
144.0
112.0
117.0
110.0
148.0
107.0
147.0
117.0
146.0
118.0
118.0
152.0
101.0
154.0
106.0
112.0
118.0
356.0
114.0
148.0
114.0
147.0
120.0
144.0
118.0
150.0
116.0
153.0
117.0
117.0
146.0
116.0
148.0
121.0
118.0
114.0
114.0
114.0
116.0
120.0
114.0
118.0
151.0
118.0
113.0
144.0
118.0
154.0
118.0
116.0
149.0
119.0
123.0
146.0
114.0
120.0
108.0
106.0
113.0
146.0
109.0
119.0
115.0
122.0
118.0
145.0
116.0
141.0
116.0
149.0
118.0
147.0
114.0
152.0
113.0
150.0
121.0
146.0
117.0
122.0
117.0
121.0
116.0
147.0
98.0
149.0
118.0
114.0
117.0
149.0
119.0
114.0
120.0
111.0
114.0
150.0
116.0
114.0
111.0
144.0
118.0
115.0
145.0
115.0
147.0
115.0
131.0
119.0
153.0
111.0
145.0
112.0
145.0
118.0
148.0
115.0
120.0
148.0
104.0
589.0
152.0
119.0
150.0
119.0
148.0
116.0
120.0
120.0
119.0
150.0
117.0
107.0
150.0
116.0
121.0
146.0
118.0
118.0
152.0
112.0
152.0
120.0
143.0
107.0
147.0
117.0
117.0
117.0
150.0
116.0
117.0
107.0
109.0
122.0
116.0
146.0
118.0
120.0
149.0
109.0
114.0
116.0
122.0
115.0
149.0
115.0
153.0
108.0
152.0
117.0
105.0
150.0
114.0
118.0
116.0
114.0
155.0
119.0
116.0
151.0
121.0
150.0
117.0
117.0
116.0
118.0
149.0
114.0
119.0
147.0
114.0
145.0
525.0
114.0
563.0
125.0
111.0
116.0
151.0
120.0
148.0
426.0
115.0
150.0
114.0
149.0
117.0
107.0
107.0
152.0
118.0
147.0
119.0
117.0
148.0
150.0
144.0
114.0
116.0
117.0
149.0
114.0
148.0
118.0
151.0
121.0
152.0
117.0
147.0
111.0
150.0
114.0
148.0
112.0
148.0
117.0
149.0
112.0
116.0
149.0
114.0
113.0
113.0
121.0
150.0
119.0
149.0
122.0
109.0
117.0
122.0
144.0
116.0
113.0
107.0
144.0
115.0
113.0
152.0
113.0
145.0
112.0
147.0
118.0
116.0
146.0
116.0
146.0
113.0
150.0
114.0
118.0
113.0
118.0
147.0
118.0
117.0
118.0
106.0
117.0
114.0
146.0
115.0
121.0
116.0
114.0
145.0
124.0
114.0
178.0
117.0
114.0
147.0
117.0
149.0
117.0
117.0
146.0
115.0
148.0
117.0
115.0
149.0
118.0
113.0
147.0
111.0
145.0
117.0
150.0
118.0
146.0
116.0
112.0
122.0
114.0
148.0
118.0
145.0
114.0
117.0
114.0
115.0
145.0
116.0
151.0
109.0
145.0
111.0
150.0
117.0
115.0
150.0
109.0
149.0
118.0
146.0
116.0
119.0
118.0
104.0
149.0
117.0
115.0
115.0
148.0
115.0
150.0
117.0
154.0
116.0
148.0
116.0
145.0
114.0
148.0
122.0
119.0
146.0
117.0
151.0
115.0
148.0
121.0
116.0
149.0
116.0
116.0
117.0
113.0
145.0
118.0
148.0
254.0
148.0
114.0
149.0
114.0
147.0
115.0
118.0
150.0
117.0
151.0
115.0
146.0
125.0
149.0
117.0
101.0
151.0
122.0
149.0
112.0
121.0
145.0
114.0
148.0
119.0
117.0
116.0
150.0
117.0
118.0
144.0
118.0
151.0
120.0
149.0
114.0
146.0
117.0
186.0
110.0
114.0
146.0
119.0
150.0
118.0
117.0
141.0
116.0
113.0
149.0
116.0
115.0
148.0
83.0
155.0
118.0
146.0
118.0
148.0
122.0
149.0
114.0
149.0
103.0
150.0
106.0
150.0
200.0
118.0
146.0
118.0
115.0
146.0
118.0
115.0
150.0
123.0
149.0
116.0
149.0
117.0
149.0
114.0
112.0
117.0
145.0
112.0
145.0
106.0
116.0
145.0
112.0
105.0
115.0
119.0
145.0
118.0
149.0
117.0
148.0
114.0
146.0
114.0
120.0
110.0
117.0
115.0
107.0
118.0
148.0
114.0
112.0
107.0
149.0
119.0
151.0
117.0
118.0
116.0
142.0
118.0
117.0
145.0
113.0
149.0
117.0
121.0
115.0
148.0
121.0
146.0
114.0
116.0
118.0
153.0
115.0
118.0
117.0
117.0
118.0
147.0
112.0
149.0
118.0
144.0
114.0
109.0
147.0
114.0
116.0
145.0
111.0
144.0
113.0
119.0
112.0
149.0
110.0
114.0
116.0
112.0
153.0
117.0
146.0
117.0
148.0
117.0
119.0
148.0
114.0
117.0
113.0
146.0
119.0
149.0
124.0
149.0
113.0
147.0
118.0
113.0
116.0
112.0
147.0
114.0
150.0
378.0
118.0
148.0
119.0
149.0
116.0
150.0
116.0
146.0
116.0
119.0
118.0
116.0
118.0
150.0
118.0
148.0
116.0
120.0
116.0
121.0
148.0
114.0
119.0
149.0
118.0
146.0
109.0
148.0
123.0
122.0
120.0
116.0
145.0
113.0
117.0
110.0
147.0
121.0
114.0
142.0
116.0
117.0
118.0
146.0
567.0
148.0
118.0
117.0
114.0
142.0
119.0
115.0
142.0
106.0
144.0
114.0
150.0
299.0
117.0
151.0
116.0
154.0
114.0
149.0
119.0
110.0
146.0
116.0
149.0
114.0
152.0
115.0
148.0
117.0
149.0
119.0
150.0
122.0
148.0
114.0
152.0
112.0
147.0
118.0
148.0
118.0
117.0
149.0
115.0
111.0
149.0
117.0
146.0
117.0
114.0
115.0
147.0
112.0
119.0
330.0
108.0
146.0
115.0
122.0
153.0
105.0
147.0
117.0
151.0
117.0
148.0
117.0
148.0
116.0
146.0
116.0
112.0
147.0
113.0
118.0
115.0
113.0
117.0
143.0
117.0
148.0
114.0
148.0
117.0
109.0
148.0
118.0
117.0
115.0
117.0
117.0
115.0
117.0
106.0
150.0
114.0
145.0
116.0
117.0
149.0
114.0
151.0
116.0
145.0
117.0
149.0
109.0
152.0
113.0
150.0
114.0
113.0
100.0
145.0
117.0
148.0
117.0
117.0
150.0
113.0
149.0
107.0
149.0
113.0
149.0
116.0
105.0
111.0
147.0
120.0
149.0
96.0
148.0
111.0
150.0
115.0
149.0
118.0
145.0
113.0
148.0
114.0
152.0
118.0
117.0
115.0
151.0
564.0
146.0
116.0
149.0
115.0
114.0
149.0
112.0
117.0
144.0
117.0
96.0
154.0
114.0
149.0
117.0
149.0
116.0
112.0
148.0
120.0
117.0
116.0
147.0
122.0
118.0
150.0
116.0
102.0
119.0
149.0
118.0
112.0
119.0
116.0
