125.0
123.0
129.0
128.0
124.0
151.0
123.0
155.0
120.0
160.0
125.0
125.0
123.0
153.0
123.0
156.0
178.0
153.0
149.0
127.0
157.0
125.0
156.0
118.0
125.0
128.0
122.0
155.0
122.0
117.0
153.0
122.0
124.0
565.0
158.0
126.0
154.0
125.0
160.0
126.0
157.0
122.0
157.0
120.0
160.0
120.0
160.0
124.0
157.0
123.0
122.0
116.0
160.0
122.0
160.0
125.0
151.0
131.0
125.0
124.0
156.0
128.0
122.0
127.0
160.0
122.0
128.0
156.0
128.0
129.0
125.0
128.0
156.0
126.0
118.0
126.0
155.0
125.0
152.0
117.0
155.0
122.0
157.0
130.0
122.0
125.0
151.0
128.0
157.0
121.0
154.0
124.0
157.0
124.0
157.0
126.0
157.0
126.0
118.0
158.0
125.0
125.0
155.0
117.0
154.0
122.0
160.0
125.0
154.0
128.0
151.0
117.0
122.0
156.0
125.0
156.0
123.0
154.0
130.0
154.0
123.0
153.0
117.0
156.0
126.0
122.0
157.0
126.0
155.0
121.0
155.0
121.0
127.0
157.0
110.0
162.0
126.0
158.0
123.0
158.0
116.0
123.0
126.0
161.0
122.0
125.0
126.0
154.0
124.0
119.0
156.0
121.0
157.0
122.0
152.0
131.0
155.0
123.0
130.0
160.0
121.0
154.0
125.0
125.0
129.0
150.0
130.0
154.0
120.0
125.0
154.0
123.0
157.0
124.0
154.0
126.0
153.0
122.0
157.0
127.0
155.0
127.0
155.0
124.0
157.0
124.0
125.0
156.0
113.0
156.0
116.0
155.0
123.0
160.0
120.0
154.0
123.0
119.0
157.0
125.0
153.0
121.0
121.0
150.0
114.0
151.0
125.0
157.0
110.0
154.0
114.0
155.0
93.0
170.0
117.0
161.0
117.0
162.0
125.0
119.0
157.0
117.0
154.0
121.0
154.0
126.0
154.0
122.0
159.0
125.0
155.0
123.0
156.0
121.0
158.0
126.0
128.0
155.0
128.0
120.0
122.0
125.0
125.0
155.0
128.0
123.0
126.0
119.0
128.0
117.0
158.0
124.0
122.0
120.0
125.0
155.0
125.0
157.0
128.0
158.0
122.0
156.0
126.0
158.0
126.0
180.0
155.0
352.0
154.0
125.0
154.0
120.0
154.0
128.0
155.0
123.0
153.0
122.0
154.0
125.0
129.0
156.0
119.0
160.0
122.0
120.0
154.0
121.0
156.0
115.0
155.0
124.0
153.0
125.0
151.0
122.0
123.0
121.0
123.0
155.0
126.0
151.0
125.0
122.0
125.0
125.0
156.0
123.0
154.0
119.0
122.0
155.0
478.0
156.0
124.0
157.0
128.0
157.0
123.0
154.0
125.0
158.0
126.0
156.0
123.0
128.0
128.0
155.0
124.0
124.0
162.0
131.0
126.0
156.0
118.0
155.0
122.0
154.0
120.0
125.0
124.0
156.0
129.0
119.0
153.0
108.0
158.0
126.0
154.0
178.0
120.0
119.0
127.0
121.0
127.0
153.0
121.0
153.0
130.0
155.0
128.0
157.0
120.0
156.0
122.0
125.0
122.0
155.0
121.0
121.0
119.0
125.0
123.0
157.0
126.0
126.0
153.0
127.0
157.0
126.0
160.0
124.0
117.0
124.0
123.0
152.0
120.0
155.0
126.0
162.0
122.0
125.0
158.0
123.0
111.0
153.0
121.0
156.0
123.0
124.0
129.0
125.0
154.0
124.0
157.0
119.0
154.0
126.0
158.0
128.0
125.0
118.0
122.0
128.0
154.0
126.0
122.0
154.0
124.0
154.0
121.0
484.0
158.0
125.0
154.0
123.0
155.0
121.0
153.0
122.0
152.0
125.0
118.0
154.0
128.0
155.0
118.0
219.0
156.0
116.0
158.0
122.0
151.0
126.0
157.0
125.0
156.0
123.0
129.0
156.0
122.0
153.0
122.0
128.0
155.0
129.0
120.0
123.0
116.0
154.0
122.0
114.0
117.0
158.0
128.0
122.0
123.0
123.0
157.0
121.0
156.0
125.0
154.0
123.0
124.0
154.0
125.0
157.0
123.0
124.0
128.0
155.0
122.0
121.0
154.0
121.0
123.0
121.0
125.0
123.0
123.0
154.0
122.0
123.0
157.0
128.0
130.0
155.0
120.0
122.0
156.0
120.0
153.0
129.0
125.0
153.0
122.0
155.0
123.0
123.0
123.0
125.0
125.0
155.0
116.0
118.0
153.0
124.0
121.0
153.0
119.0
155.0
126.0
150.0
121.0
158.0
120.0
125.0
155.0
123.0
125.0
126.0
160.0
123.0
155.0
130.0
155.0
124.0
157.0
129.0
124.0
151.0
123.0
112.0
158.0
129.0
154.0
123.0
157.0
127.0
151.0
119.0
122.0
123.0
129.0
157.0
127.0
127.0
128.0
156.0
122.0
154.0
122.0
157.0
121.0
121.0
158.0
130.0
152.0
119.0
118.0
122.0
152.0
130.0
122.0
158.0
119.0
150.0
126.0
157.0
128.0
124.0
160.0
122.0
157.0
211.0
154.0
119.0
157.0
130.0
125.0
158.0
123.0
160.0
123.0
115.0
154.0
121.0
156.0
122.0
153.0
124.0
155.0
129.0
126.0
154.0
122.0
106.0
158.0
122.0
160.0
126.0
155.0
125.0
160.0
121.0
128.0
125.0
154.0
118.0
155.0
128.0
113.0
157.0
125.0
124.0
151.0
123.0
124.0
154.0
121.0
160.0
124.0
156.0
122.0
124.0
157.0
122.0
123.0
123.0
124.0
126.0
123.0
154.0
122.0
155.0
130.0
124.0
151.0
123.0
126.0
118.0
160.0
122.0
156.0
125.0
129.0
122.0
155.0
128.0
120.0
127.0
157.0
125.0
154.0
117.0
121.0
122.0
153.0
123.0
119.0
122.0
155.0
122.0
158.0
123.0
124.0
155.0
122.0
151.0
126.0
158.0
128.0
155.0
125.0
157.0
123.0
154.0
128.0
123.0
156.0
121.0
126.0
155.0
128.0
154.0
125.0
122.0
153.0
126.0
152.0
118.0
132.0
128.0
132.0
155.0
125.0
154.0
118.0
154.0
125.0
150.0
112.0
161.0
125.0
132.0
154.0
124.0
126.0
155.0
179.0
157.0
114.0
154.0
128.0
157.0
124.0
125.0
127.0
156.0
126.0
160.0
129.0
158.0
123.0
157.0
123.0
155.0
121.0
154.0
122.0
114.0
106.0
157.0
124.0
154.0
117.0
123.0
156.0
125.0
120.0
153.0
115.0
154.0
128.0
122.0
157.0
120.0
149.0
125.0
126.0
125.0
126.0
158.0
122.0
156.0
119.0
154.0
116.0
154.0
125.0
154.0
116.0
129.0
124.0
123.0
124.0
157.0
123.0
116.0
159.0
122.0
153.0
117.0
155.0
125.0
129.0
155.0
122.0
121.0
154.0
330.0
152.0
122.0
122.0
155.0
119.0
153.0
122.0
127.0
155.0
122.0
122.0
122.0
154.0
121.0
124.0
158.0
125.0
123.0
118.0
160.0
121.0
157.0
148.0
120.0
153.0
124.0
126.0
161.0
129.0
124.0
124.0
123.0
154.0
123.0
125.0
122.0
118.0
126.0
126.0
157.0
121.0
157.0
112.0
155.0
120.0
155.0
126.0
159.0
124.0
158.0
126.0
159.0
519.0
152.0
125.0
123.0
119.0
107.0
160.0
125.0
160.0
126.0
160.0
126.0
154.0
125.0
154.0
126.0
126.0
128.0
157.0
115.0
161.0
128.0
156.0
113.0
149.0
125.0
154.0
122.0
126.0
158.0
126.0
156.0
126.0
123.0
127.0
114.0
153.0
123.0
125.0
154.0
122.0
157.0
128.0
154.0
125.0
158.0
126.0
150.0
109.0
126.0
154.0
125.0
153.0
126.0
153.0
120.0
153.0
121.0
157.0
129.0
159.0
124.0
125.0
155.0
126.0
156.0
122.0
114.0
119.0
124.0
154.0
125.0
124.0
152.0
124.0
160.0
115.0
154.0
122.0
121.0
128.0
128.0
156.0
131.0
153.0
117.0
152.0
125.0
124.0
150.0
121.0
155.0
121.0
152.0
119.0
160.0
188.0
125.0
129.0
155.0
118.0
154.0
129.0
124.0
154.0
127.0
150.0
119.0
125.0
157.0
122.0
157.0
125.0
160.0
120.0
154.0
124.0
128.0
155.0
122.0
156.0
118.0
162.0
126.0
123.0
111.0
154.0
123.0
155.0
130.0
150.0
119.0
126.0
124.0
121.0
154.0
124.0
154.0
122.0
154.0
128.0
129.0
110.0
158.0
375.0
123.0
124.0
153.0
309.0
128.0
155.0
119.0
153.0
124.0
123.0
130.0
117.0
157.0
122.0
158.0
124.0
154.0
126.0
158.0
128.0
122.0
125.0
151.0
129.0
152.0
125.0
121.0
163.0
125.0
158.0
122.0
154.0
108.0
156.0
129.0
122.0
160.0
124.0
155.0
121.0
153.0
123.0
122.0
125.0
118.0
154.0
129.0
154.0
129.0
124.0
157.0
119.0
156.0
122.0
157.0
122.0
126.0
154.0
125.0
154.0
677.0
144.0
121.0
125.0
156.0
119.0
156.0
128.0
154.0
205.0
115.0
157.0
120.0
121.0
125.0
158.0
120.0
122.0
154.0
127.0
123.0
160.0
102.0
157.0
122.0
125.0
125.0
126.0
122.0
160.0
124.0
158.0
129.0
157.0
126.0
122.0
152.0
125.0
126.0
154.0
123.0
157.0
125.0
123.0
157.0
118.0
150.0
124.0
151.0
125.0
152.0
117.0
157.0
494.0
158.0
125.0
151.0
125.0
122.0
124.0
156.0
114.0
160.0
125.0
161.0
129.0
122.0
121.0
126.0
126.0
154.0
125.0
123.0
116.0
158.0
119.0
157.0
118.0
155.0
125.0
154.0
125.0
151.0
119.0
161.0
122.0
157.0
128.0
126.0
162.0
120.0
123.0
155.0
126.0
154.0
114.0
157.0
123.0
154.0
129.0
122.0
128.0
156.0
122.0
151.0
121.0
154.0
127.0
163.0
124.0
156.0
122.0
157.0
123.0
164.0
123.0
154.0
558.0
156.0
123.0
150.0
126.0
129.0
160.0
117.0
156.0
125.0
123.0
205.0
157.0
126.0
126.0
158.0
121.0
150.0
125.0
155.0
124.0
122.0
121.0
157.0
120.0
111.0
149.0
120.0
155.0
129.0
124.0
203.0
155.0
122.0
125.0
157.0
125.0
152.0
114.0
156.0
125.0
160.0
128.0
157.0
123.0
157.0
126.0
125.0
157.0
125.0
121.0
154.0
125.0
122.0
122.0
124.0
125.0
154.0
129.0
125.0
157.0
125.0
152.0
126.0
158.0
122.0
150.0
122.0
155.0
122.0
153.0
126.0
126.0
152.0
121.0
154.0
128.0
154.0
132.0
154.0
125.0
124.0
129.0
118.0
124.0
157.0
125.0
154.0
125.0
156.0
123.0
155.0
130.0
121.0
123.0
112.0
161.0
124.0
123.0
153.0
126.0
154.0
122.0
123.0
126.0
124.0
122.0
155.0
125.0
121.0
155.0
120.0
155.0
117.0
154.0
121.0
158.0
124.0
130.0
124.0
153.0
122.0
154.0
125.0
125.0
123.0
129.0
161.0
129.0
154.0
121.0
128.0
157.0
126.0
124.0
157.0
122.0
121.0
123.0
122.0
161.0
118.0
153.0
129.0
153.0
129.0
127.0
125.0
127.0
157.0
125.0
128.0
129.0
126.0
155.0
125.0
157.0
126.0
157.0
124.0
128.0
125.0
85.0
171.0
121.0
122.0
122.0
156.0
121.0
155.0
125.0
123.0
155.0
112.0
158.0
122.0
126.0
123.0
153.0
125.0
153.0
97.0
163.0
121.0
123.0
124.0
153.0
126.0
122.0
130.0
153.0
123.0
114.0
157.0
125.0
121.0
125.0
123.0
128.0
127.0
153.0
126.0
118.0
154.0
122.0
125.0
124.0
155.0
138.0
122.0
116.0
123.0
157.0
119.0
157.0
122.0
118.0
154.0
121.0
120.0
154.0
119.0
156.0
122.0
157.0
125.0
123.0
121.0
123.0
119.0
122.0
155.0
125.0
126.0
156.0
128.0
125.0
156.0
122.0
152.0
126.0
122.0
130.0
156.0
124.0
124.0
153.0
120.0
157.0
124.0
125.0
123.0
110.0
155.0
124.0
122.0
156.0
121.0
121.0
121.0
150.0
118.0
117.0
158.0
128.0
157.0
125.0
159.0
124.0
122.0
154.0
127.0
161.0
124.0
156.0
122.0
157.0
125.0
154.0
124.0
126.0
154.0
106.0
123.0
121.0
154.0
125.0
157.0
122.0
102.0
156.0
120.0
117.0
118.0
122.0
123.0
125.0
152.0
122.0
120.0
158.0
125.0
152.0
122.0
153.0
120.0
121.0
157.0
125.0
113.0
125.0
123.0
157.0
127.0
121.0
117.0
153.0
122.0
125.0
155.0
124.0
126.0
157.0
128.0
160.0
122.0
153.0
122.0
120.0
129.0
126.0
157.0
128.0
161.0
119.0
121.0
154.0
120.0
122.0
125.0
155.0
123.0
123.0
154.0
124.0
122.0
123.0
154.0
114.0
125.0
123.0
126.0
158.0
121.0
125.0
152.0
125.0
124.0
155.0
125.0
160.0
124.0
157.0
123.0
126.0
155.0
122.0
155.0
121.0
153.0
125.0
114.0
158.0
120.0
318.0
157.0
116.0
154.0
118.0
154.0
124.0
111.0
154.0
117.0
153.0
128.0
160.0
129.0
156.0
121.0
114.0
157.0
124.0
150.0
125.0
118.0
122.0
126.0
154.0
124.0
126.0
125.0
155.0
122.0
122.0
123.0
123.0
157.0
126.0
125.0
123.0
154.0
120.0
122.0
126.0
123.0
124.0
129.0
128.0
157.0
119.0
119.0
153.0
112.0
157.0
125.0
100.0
160.0
123.0
155.0
120.0
128.0
160.0
122.0
125.0
153.0
123.0
153.0
119.0
156.0
126.0
124.0
156.0
123.0
156.0
123.0
162.0
119.0
151.0
121.0
156.0
129.0
151.0
125.0
154.0
125.0
123.0
157.0
125.0
154.0
118.0
157.0
121.0
122.0
154.0
125.0
156.0
110.0
154.0
120.0
124.0
152.0
125.0
129.0
155.0
122.0
153.0
111.0
157.0
122.0
154.0
126.0
158.0
123.0
156.0
125.0
123.0
128.0
155.0
118.0
121.0
161.0
123.0
154.0
123.0
151.0
117.0
155.0
117.0
161.0
118.0
125.0
160.0
122.0
155.0
122.0
155.0
126.0
163.0
121.0
122.0
156.0
125.0
117.0
157.0
119.0
154.0
125.0
121.0
153.0
122.0
160.0
125.0
126.0
154.0
125.0
128.0
128.0
154.0
124.0
158.0
122.0
153.0
124.0
124.0
160.0
125.0
153.0
114.0
156.0
111.0
157.0
119.0
157.0
120.0
157.0
123.0
128.0
153.0
128.0
151.0
125.0
155.0
123.0
157.0
121.0
122.0
122.0
157.0
113.0
124.0
124.0
120.0
153.0
122.0
123.0
125.0
154.0
125.0
157.0
125.0
151.0
129.0
158.0
122.0
157.0
121.0
157.0
573.0
154.0
125.0
121.0
158.0
124.0
220.0
155.0
125.0
128.0
125.0
108.0
153.0
123.0
158.0
128.0
154.0
125.0
128.0
154.0
124.0
159.0
124.0
154.0
120.0
155.0
118.0
157.0
122.0
153.0
122.0
158.0
122.0
155.0
126.0
154.0
122.0
160.0
127.0
128.0
125.0
122.0
127.0
121.0
127.0
128.0
157.0
123.0
157.0
125.0
125.0
124.0
158.0
129.0
124.0
155.0
124.0
154.0
124.0
158.0
119.0
123.0
155.0
125.0
150.0
120.0
149.0
124.0
110.0
154.0
122.0
160.0
117.0
156.0
122.0
126.0
129.0
176.0
157.0
120.0
153.0
125.0
158.0
121.0
158.0
120.0
157.0
121.0
153.0
125.0
153.0
125.0
160.0
125.0
161.0
125.0
155.0
122.0
129.0
156.0
123.0
119.0
123.0
154.0
123.0
160.0
121.0
154.0
116.0
157.0
122.0
156.0
125.0
123.0
123.0
152.0
121.0
155.0
121.0
162.0
122.0
157.0
120.0
106.0
124.0
127.0
157.0
128.0
155.0
123.0
157.0
123.0
124.0
154.0
118.0
155.0
121.0
153.0
119.0
154.0
122.0
155.0
126.0
122.0
125.0
156.0
123.0
123.0
157.0
123.0
124.0
157.0
114.0
156.0
106.0
157.0
122.0
157.0
129.0
157.0
416.0
123.0
120.0
116.0
123.0
158.0
122.0
125.0
153.0
121.0
121.0
158.0
126.0
157.0
122.0
154.0
124.0
149.0
127.0
123.0
126.0
124.0
121.0
119.0
154.0
122.0
113.0
160.0
122.0
154.0
128.0
160.0
129.0
155.0
123.0
125.0
110.0
155.0
121.0
124.0
157.0
126.0
127.0
151.0
123.0
158.0
121.0
151.0
125.0
410.0
130.0
153.0
125.0
130.0
122.0
128.0
157.0
116.0
157.0
125.0
155.0
123.0
160.0
122.0
155.0
124.0
157.0
123.0
155.0
120.0
158.0
120.0
156.0
124.0
120.0
122.0
125.0
129.0
125.0
153.0
114.0
122.0
121.0
125.0
154.0
127.0
157.0
126.0
152.0
126.0
158.0
93.0
168.0
123.0
155.0
110.0
160.0
193.0
122.0
161.0
121.0
155.0
126.0
153.0
121.0
155.0
120.0
157.0
118.0
156.0
124.0
154.0
122.0
163.0
118.0
153.0
126.0
126.0
156.0
123.0
153.0
127.0
122.0
118.0
157.0
126.0
125.0
156.0
119.0
160.0
121.0
153.0
125.0
152.0
123.0
125.0
126.0
126.0
126.0
153.0
123.0
157.0
122.0
153.0
123.0
152.0
123.0
154.0
122.0
124.0
121.0
158.0
123.0
153.0
125.0
130.0
150.0
125.0
155.0
122.0
150.0
128.0
127.0
157.0
128.0
158.0
121.0
124.0
154.0
122.0
170.0
125.0
119.0
125.0
153.0
122.0
154.0
125.0
160.0
122.0
119.0
155.0
128.0
160.0
120.0
128.0
155.0
118.0
123.0
155.0
118.0
160.0
121.0
125.0
154.0
128.0
153.0
122.0
161.0
121.0
217.0
126.0
114.0
126.0
157.0
122.0
155.0
122.0
154.0
122.0
156.0
122.0
155.0
122.0
154.0
121.0
157.0
123.0
155.0
122.0
155.0
122.0
154.0
120.0
156.0
126.0
156.0
121.0
156.0
122.0
115.0
152.0
121.0
160.0
123.0
121.0
154.0
114.0
155.0
118.0
154.0
125.0
154.0
123.0
155.0
118.0
161.0
130.0
125.0
119.0
124.0
153.0
126.0
155.0
122.0
122.0
157.0
127.0
153.0
121.0
157.0
125.0
153.0
121.0
156.0
128.0
152.0
119.0
125.0
119.0
126.0
158.0
126.0
154.0
122.0
158.0
125.0
125.0
123.0
537.0
155.0
126.0
122.0
122.0
128.0
151.0
123.0
122.0
127.0
155.0
123.0
154.0
123.0
155.0
125.0
124.0
157.0
111.0
160.0
119.0
151.0
126.0
156.0
123.0
123.0
124.0
119.0
154.0
122.0
127.0
153.0
122.0
122.0
154.0
123.0
120.0
122.0
151.0
121.0
157.0
125.0
157.0
123.0
123.0
155.0
123.0
157.0
120.0
153.0
200.0
129.0
120.0
157.0
125.0
153.0
123.0
120.0
157.0
164.0
124.0
120.0
123.0
157.0
123.0
153.0
124.0
157.0
125.0
155.0
124.0
158.0
121.0
125.0
156.0
123.0
154.0
125.0
153.0
121.0
160.0
122.0
122.0
160.0
123.0
101.0
163.0
119.0
154.0
129.0
156.0
116.0
124.0
153.0
126.0
122.0
125.0
126.0
124.0
155.0
129.0
121.0
154.0
121.0
154.0
122.0
154.0
121.0
155.0
127.0
157.0
122.0
162.0
121.0
159.0
125.0
124.0
152.0
122.0
157.0
122.0
154.0
124.0
157.0
124.0
125.0
154.0
119.0
115.0
161.0
125.0
151.0
124.0
156.0
112.0
119.0
157.0
118.0
153.0
126.0
160.0
129.0
158.0
123.0
118.0
119.0
156.0
109.0
123.0
157.0
128.0
124.0
122.0
124.0
125.0
154.0
178.0
153.0
122.0
125.0
118.0
150.0
114.0
154.0
115.0
154.0
125.0
125.0
158.0
116.0
155.0
122.0
129.0
121.0
154.0
129.0
126.0
155.0
121.0
126.0
125.0
124.0
123.0
124.0
120.0
126.0
155.0
116.0
125.0
120.0
155.0
123.0
115.0
156.0
123.0
154.0
112.0
152.0
251.0
125.0
120.0
154.0
123.0
153.0
125.0
179.0
155.0
125.0
122.0
122.0
158.0
122.0
158.0
123.0
157.0
122.0
154.0
125.0
157.0
113.0
157.0
122.0
154.0
128.0
155.0
235.0
122.0
154.0
122.0
128.0
154.0
130.0
153.0
121.0
118.0
122.0
154.0
128.0
122.0
157.0
516.0
157.0
129.0
123.0
152.0
118.0
158.0
125.0
154.0
126.0
117.0
160.0
123.0
123.0
118.0
117.0
123.0
160.0
125.0
155.0
123.0
124.0
155.0
124.0
126.0
130.0
155.0
123.0
124.0
123.0
125.0
126.0
123.0
158.0
128.0
124.0
123.0
124.0
123.0
152.0
117.0
157.0
126.0
130.0
154.0
124.0
126.0
125.0
124.0
122.0
157.0
113.0
129.0
155.0
125.0
123.0
154.0
126.0
121.0
122.0
151.0
126.0
122.0
153.0
121.0
150.0
129.0
121.0
154.0
122.0
160.0
121.0
154.0
122.0
156.0
122.0
126.0
106.0
158.0
107.0
158.0
126.0
155.0
126.0
128.0
129.0
153.0
127.0
128.0
123.0
156.0
114.0
123.0
128.0
160.0
122.0
125.0
128.0
157.0
122.0
125.0
123.0
157.0
122.0
125.0
123.0
154.0
123.0
118.0
123.0
157.0
123.0
124.0
159.0
120.0
154.0
121.0
160.0
118.0
155.0
127.0
123.0
160.0
118.0
126.0
160.0
119.0
157.0
125.0
122.0
158.0
125.0
116.0
123.0
123.0
123.0
153.0
121.0
152.0
125.0
125.0
116.0
156.0
123.0
122.0
122.0
123.0
125.0
152.0
118.0
161.0
128.0
128.0
119.0
154.0
111.0
156.0
124.0
126.0
159.0
124.0
157.0
122.0
115.0
119.0
123.0
151.0
124.0
151.0
125.0
157.0
123.0
125.0
122.0
158.0
126.0
121.0
153.0
117.0
150.0
129.0
123.0
155.0
130.0
164.0
124.0
123.0
153.0
124.0
126.0
117.0
158.0
119.0
155.0
117.0
156.0
117.0
158.0
123.0
156.0
116.0
160.0
106.0
152.0
124.0
123.0
123.0
155.0
123.0
129.0
122.0
128.0
154.0
128.0
122.0
153.0
122.0
121.0
154.0
125.0
122.0
157.0
117.0
154.0
125.0
161.0
117.0
157.0
122.0
160.0
126.0
130.0
160.0
121.0
125.0
124.0
122.0
122.0
125.0
154.0
120.0
153.0
109.0
161.0
123.0
154.0
116.0
156.0
122.0
160.0
130.0
156.0
125.0
125.0
155.0
125.0
123.0
122.0
118.0
154.0
130.0
126.0
154.0
127.0
125.0
153.0
122.0
153.0
121.0
151.0
122.0
125.0
126.0
154.0
130.0
154.0
122.0
154.0
121.0
154.0
129.0
155.0
125.0
124.0
154.0
128.0
122.0
156.0
125.0
155.0
125.0
157.0
120.0
154.0
125.0
122.0
122.0
123.0
125.0
160.0
126.0
156.0
118.0
158.0
96.0
161.0
122.0
122.0
157.0
122.0
122.0
124.0
153.0
124.0
125.0
123.0
122.0
156.0
130.0
156.0
119.0
158.0
114.0
157.0
125.0
123.0
128.0
155.0
122.0
157.0
122.0
120.0
152.0
124.0
122.0
156.0
122.0
157.0
123.0
121.0
158.0
123.0
125.0
121.0
156.0
122.0
160.0
117.0
154.0
125.0
125.0
124.0
124.0
154.0
131.0
125.0
124.0
123.0
158.0
125.0
127.0
150.0
121.0
158.0
127.0
123.0
126.0
156.0
124.0
161.0
124.0
119.0
160.0
122.0
158.0
128.0
153.0
124.0
151.0
123.0
121.0
123.0
156.0
126.0
157.0
117.0
125.0
158.0
125.0
158.0
123.0
158.0
498.0
158.0
184.0
160.0
125.0
125.0
126.0
156.0
127.0
155.0
128.0
157.0
127.0
125.0
152.0
123.0
111.0
157.0
128.0
154.0
129.0
118.0
129.0
116.0
161.0
125.0
149.0
121.0
125.0
117.0
122.0
124.0
154.0
122.0
158.0
122.0
160.0
120.0
125.0
125.0
160.0
122.0
154.0
123.0
158.0
126.0
160.0
116.0
124.0
160.0
113.0
152.0
123.0
126.0
153.0
126.0
154.0
125.0
153.0
121.0
123.0
155.0
125.0
126.0
117.0
125.0
125.0
155.0
124.0
158.0
122.0
155.0
123.0
154.0
123.0
122.0
125.0
157.0
118.0
157.0
123.0
154.0
117.0
151.0
123.0
122.0
154.0
114.0
156.0
128.0
121.0
155.0
129.0
157.0
122.0
153.0
122.0
125.0
151.0
118.0
152.0
125.0
157.0
122.0
159.0
128.0
158.0
126.0
153.0
125.0
157.0
126.0
160.0
122.0
125.0
154.0
122.0
126.0
154.0
123.0
122.0
124.0
154.0
126.0
155.0
124.0
154.0
222.0
123.0
120.0
150.0
125.0
151.0
123.0
128.0
128.0
160.0
279.0
485.0
155.0
122.0
113.0
154.0
122.0
127.0
122.0
152.0
120.0
123.0
154.0
125.0
128.0
154.0
124.0
115.0
157.0
126.0
122.0
156.0
111.0
119.0
161.0
124.0
123.0
153.0
125.0
156.0
128.0
152.0
126.0
122.0
122.0
117.0
156.0
417.0
196.0
154.0
116.0
159.0
127.0
154.0
123.0
157.0
122.0
118.0
157.0
129.0
125.0
157.0
124.0
153.0
119.0
128.0
268.0
150.0
122.0
156.0
125.0
157.0
573.0
157.0
122.0
212.0
155.0
124.0
152.0
124.0
156.0
122.0
119.0
154.0
133.0
123.0
160.0
122.0
151.0
122.0
152.0
109.0
157.0
126.0
120.0
122.0
152.0
122.0
124.0
123.0
126.0
122.0
124.0
154.0
123.0
129.0
125.0
158.0
121.0
117.0
154.0
116.0
153.0
125.0
121.0
153.0
113.0
157.0
131.0
154.0
124.0
124.0
155.0
125.0
157.0
110.0
158.0
126.0
155.0
122.0
157.0
122.0
128.0
123.0
152.0
112.0
125.0
157.0
121.0
156.0
123.0
123.0
154.0
123.0
155.0
114.0
160.0
124.0
156.0
125.0
156.0
115.0
157.0
470.0
160.0
122.0
156.0
126.0
156.0
122.0
155.0
196.0
117.0
154.0
123.0
155.0
122.0
155.0
121.0
158.0
121.0
119.0
153.0
124.0
158.0
125.0
125.0
151.0
125.0
157.0
119.0
157.0
124.0
123.0
156.0
117.0
117.0
160.0
114.0
127.0
117.0
123.0
122.0
154.0
126.0
125.0
117.0
159.0
125.0
154.0
127.0
126.0
161.0
123.0
123.0
154.0
121.0
156.0
124.0
122.0
119.0
153.0
125.0
119.0
154.0
124.0
155.0
121.0
157.0
118.0
157.0
123.0
159.0
124.0
153.0
323.0
124.0
122.0
154.0
122.0
116.0
161.0
118.0
125.0
128.0
151.0
117.0
155.0
125.0
153.0
112.0
157.0
126.0
122.0
130.0
160.0
117.0
151.0
124.0
231.0
153.0
124.0
114.0
157.0
127.0
160.0
124.0
157.0
130.0
119.0
153.0
128.0
120.0
126.0
158.0
123.0
123.0
162.0
123.0
129.0
155.0
125.0
123.0
151.0
125.0
119.0
124.0
124.0
126.0
126.0
124.0
151.0
121.0
153.0
122.0
123.0
154.0
124.0
125.0
160.0
122.0
157.0
119.0
154.0
119.0
154.0
123.0
150.0
122.0
155.0
122.0
157.0
124.0
119.0
119.0
123.0
126.0
125.0
122.0
156.0
121.0
121.0
122.0
155.0
124.0
157.0
122.0
114.0
123.0
159.0
126.0
157.0
123.0
128.0
156.0
123.0
122.0
125.0
123.0
121.0
122.0
156.0
118.0
155.0
124.0
155.0
122.0
154.0
123.0
155.0
122.0
125.0
119.0
153.0
128.0
161.0
122.0
125.0
123.0
122.0
158.0
124.0
125.0
153.0
122.0
157.0
122.0
153.0
120.0
125.0
154.0
125.0
121.0
125.0
156.0
122.0
125.0
128.0
111.0
159.0
116.0
160.0
125.0
155.0
98.0
155.0
125.0
126.0
123.0
158.0
263.0
153.0
130.0
153.0
70.0
178.0
123.0
150.0
123.0
156.0
125.0
126.0
122.0
122.0
157.0
125.0
157.0
125.0
157.0
128.0
156.0
123.0
121.0
154.0
124.0
156.0
128.0
154.0
126.0
121.0
125.0
117.0
123.0
154.0
113.0
155.0
122.0
128.0
122.0
154.0
122.0
160.0
127.0
149.0
111.0
157.0
116.0
155.0
121.0
155.0
125.0
157.0
119.0
157.0
123.0
154.0
121.0
154.0
111.0
155.0
124.0
156.0
127.0
126.0
154.0
124.0
157.0
125.0
157.0
122.0
154.0
124.0
125.0
154.0
128.0
121.0
154.0
128.0
153.0
122.0
122.0
126.0
158.0
336.0
128.0
158.0
121.0
156.0
122.0
155.0
124.0
122.0
125.0
122.0
154.0
121.0
126.0
124.0
123.0
157.0
126.0
153.0
125.0
125.0
157.0
122.0
159.0
127.0
122.0
157.0
122.0
157.0
123.0
123.0
124.0
117.0
123.0
124.0
157.0
125.0
160.0
119.0
103.0
160.0
123.0
124.0
155.0
92.0
153.0
126.0
154.0
122.0
123.0
117.0
124.0
150.0
125.0
126.0
124.0
122.0
120.0
151.0
125.0
128.0
155.0
123.0
155.0
124.0
159.0
121.0
160.0
114.0
150.0
127.0
156.0
609.0
153.0
123.0
123.0
120.0
157.0
126.0
155.0
122.0
153.0
125.0
154.0
123.0
121.0
157.0
122.0
155.0
121.0
124.0
157.0
126.0
155.0
126.0
155.0
123.0
157.0
125.0
123.0
162.0
123.0
151.0
123.0
153.0
127.0
153.0
123.0
153.0
130.0
153.0
123.0
122.0
116.0
125.0
160.0
129.0
149.0
197.0
123.0
153.0
125.0
125.0
126.0
157.0
124.0
156.0
113.0
153.0
128.0
123.0
156.0
128.0
157.0
125.0
117.0
158.0
124.0
126.0
157.0
122.0
122.0
157.0
120.0
133.0
154.0
117.0
155.0
123.0
123.0
158.0
122.0
121.0
154.0
89.0
167.0
124.0
125.0
125.0
126.0
125.0
157.0
122.0
126.0
157.0
127.0
155.0
128.0
125.0
155.0
121.0
157.0
123.0
138.0
155.0
457.0
156.0
122.0
113.0
154.0
125.0
158.0
123.0
127.0
157.0
122.0
126.0
157.0
130.0
120.0
152.0
125.0
160.0
121.0
125.0
158.0
121.0
158.0
128.0
123.0
157.0
125.0
154.0
116.0
239.0
130.0
157.0
122.0
125.0
158.0
123.0
154.0
125.0
160.0
124.0
151.0
117.0
128.0
120.0
153.0
128.0
161.0
97.0
168.0
123.0
155.0
122.0
101.0
156.0
122.0
153.0
121.0
125.0
157.0
122.0
122.0
124.0
160.0
120.0
123.0
151.0
120.0
123.0
157.0
118.0
155.0
123.0
122.0
123.0
155.0
102.0
161.0
122.0
155.0
107.0
121.0
122.0
154.0
110.0
115.0
125.0
123.0
124.0
156.0
121.0
122.0
124.0
157.0
123.0
115.0
157.0
128.0
156.0
120.0
154.0
101.0
160.0
126.0
128.0
157.0
125.0
111.0
157.0
127.0
121.0
125.0
123.0
153.0
123.0
121.0
155.0
124.0
155.0
130.0
154.0
122.0
156.0
119.0
130.0
154.0
124.0
162.0
125.0
123.0
155.0
125.0
152.0
123.0
124.0
128.0
155.0
123.0
126.0
128.0
122.0
157.0
122.0
157.0
125.0
158.0
123.0
125.0
158.0
117.0
155.0
121.0
129.0
157.0
127.0
156.0
117.0
123.0
153.0
125.0
122.0
152.0
126.0
129.0
155.0
123.0
190.0
155.0
122.0
124.0
122.0
152.0
109.0
154.0
123.0
106.0
157.0
116.0
161.0
120.0
152.0
119.0
158.0
126.0
154.0
155.0
128.0
156.0
126.0
157.0
124.0
154.0
122.0
155.0
117.0
161.0
124.0
153.0
130.0
123.0
155.0
124.0
121.0
123.0
125.0
154.0
124.0
122.0
158.0
123.0
153.0
125.0
157.0
125.0
119.0
151.0
127.0
465.0
122.0
157.0
71.0
178.0
119.0
126.0
124.0
154.0
111.0
160.0
122.0
128.0
155.0
133.0
122.0
158.0
123.0
124.0
129.0
125.0
124.0
160.0
126.0
156.0
123.0
126.0
153.0
122.0
158.0
125.0
125.0
153.0
269.0
158.0
121.0
124.0
127.0
153.0
118.0
153.0
125.0
123.0
154.0
120.0
114.0
156.0
124.0
122.0
158.0
122.0
125.0
126.0
160.0
124.0
158.0
116.0
152.0
123.0
153.0
123.0
121.0
156.0
272.0
156.0
114.0
154.0
122.0
124.0
128.0
121.0
156.0
205.0
126.0
125.0
160.0
123.0
121.0
156.0
125.0
125.0
123.0
160.0
122.0
129.0
125.0
125.0
111.0
125.0
160.0
123.0
154.0
126.0
128.0
157.0
123.0
483.0
123.0
126.0
124.0
128.0
126.0
122.0
158.0
125.0
156.0
126.0
157.0
125.0
128.0
155.0
125.0
151.0
122.0
161.0
224.0
111.0
157.0
126.0
156.0
123.0
158.0
126.0
157.0
127.0
120.0
158.0
126.0
157.0
129.0
152.0
122.0
160.0
125.0
157.0
122.0
154.0
124.0
156.0
117.0
122.0
126.0
157.0
116.0
160.0
122.0
151.0
122.0
156.0
126.0
122.0
118.0
123.0
153.0
116.0
123.0
158.0
122.0
149.0
128.0
121.0
158.0
125.0
124.0
158.0
113.0
157.0
118.0
155.0
129.0
129.0
163.0
118.0
155.0
125.0
122.0
121.0
101.0
162.0
119.0
122.0
125.0
157.0
125.0
156.0
124.0
126.0
127.0
157.0
116.0
153.0
122.0
158.0
130.0
126.0
160.0
125.0
160.0
123.0
157.0
123.0
157.0
126.0
150.0
118.0
120.0
123.0
119.0
125.0
125.0
122.0
128.0
129.0
154.0
127.0
156.0
117.0
153.0
123.0
153.0
123.0
126.0
123.0
156.0
122.0
124.0
152.0
120.0
160.0
122.0
124.0
156.0
125.0
157.0
124.0
156.0
124.0
122.0
126.0
128.0
161.0
122.0
124.0
213.0
120.0
155.0
119.0
78.0
169.0
127.0
150.0
129.0
119.0
155.0
123.0
124.0
154.0
121.0
122.0
155.0
127.0
151.0
125.0
120.0
109.0
106.0
159.0
124.0
158.0
125.0
122.0
155.0
124.0
124.0
155.0
121.0
570.0
154.0
247.0
157.0
118.0
123.0
155.0
128.0
122.0
125.0
118.0
116.0
160.0
118.0
154.0
120.0
121.0
159.0
125.0
155.0
123.0
153.0
119.0
154.0
126.0
155.0
119.0
158.0
125.0
150.0
125.0
126.0
156.0
405.0
156.0
122.0
156.0
123.0
151.0
125.0
121.0
126.0
125.0
157.0
122.0
153.0
123.0
152.0
125.0
153.0
125.0
117.0
154.0
121.0
122.0
155.0
122.0
158.0
127.0
122.0
158.0
129.0
128.0
154.0
122.0
155.0
125.0
157.0
124.0
129.0
156.0
123.0
160.0
128.0
123.0
153.0
122.0
125.0
157.0
124.0
125.0
126.0
123.0
124.0
123.0
158.0
129.0
125.0
155.0
122.0
160.0
478.0
126.0
566.0
127.0
156.0
125.0
156.0
126.0
121.0
129.0
118.0
153.0
126.0
128.0
156.0
123.0
123.0
120.0
155.0
123.0
126.0
124.0
124.0
120.0
109.0
161.0
128.0
122.0
130.0
126.0
123.0
153.0
123.0
152.0
126.0
154.0
122.0
151.0
122.0
157.0
123.0
124.0
129.0
153.0
123.0
156.0
122.0
125.0
160.0
230.0
122.0
150.0
125.0
155.0
127.0
158.0
120.0
117.0
160.0
122.0
122.0
154.0
122.0
130.0
113.0
157.0
124.0
160.0
121.0
158.0
121.0
154.0
122.0
128.0
124.0
156.0
125.0
157.0
114.0
172.0
125.0
157.0
126.0
126.0
154.0
123.0
119.0
160.0
130.0
128.0
118.0
121.0
136.0
128.0
157.0
126.0
126.0
127.0
122.0
125.0
158.0
122.0
154.0
122.0
154.0
126.0
124.0
153.0
122.0
157.0
125.0
124.0
155.0
123.0
153.0
126.0
155.0
121.0
110.0
157.0
122.0
157.0
121.0
161.0
118.0
154.0
126.0
279.0
157.0
122.0
153.0
125.0
126.0
158.0
125.0
122.0
155.0
125.0
119.0
152.0
122.0
150.0
125.0
121.0
129.0
157.0
116.0
156.0
117.0
153.0
122.0
157.0
128.0
124.0
128.0
157.0
124.0
155.0
123.0
154.0
129.0
154.0
118.0
154.0
122.0
150.0
129.0
156.0
125.0
154.0
124.0
153.0
116.0
160.0
118.0
122.0
160.0
121.0
153.0
122.0
155.0
326.0
153.0
123.0
152.0
126.0
153.0
125.0
157.0
189.0
153.0
123.0
122.0
117.0
156.0
122.0
157.0
123.0
126.0
153.0
124.0
158.0
124.0
130.0
126.0
122.0
117.0
126.0
150.0
120.0
156.0
115.0
154.0
116.0
151.0
116.0
164.0
122.0
154.0
122.0
124.0
126.0
154.0
125.0
159.0
126.0
129.0
157.0
122.0
154.0
125.0
151.0
123.0
108.0
121.0
155.0
126.0
158.0
123.0
119.0
160.0
128.0
154.0
125.0
154.0
126.0
121.0
158.0
123.0
155.0
120.0
159.0
122.0
152.0
124.0
157.0
126.0
154.0
124.0
153.0
122.0
154.0
124.0
118.0
155.0
115.0
156.0
122.0
130.0
117.0
156.0
130.0
161.0
126.0
118.0
117.0
124.0
125.0
123.0
157.0
121.0
157.0
128.0
151.0
122.0
162.0
123.0
154.0
122.0
123.0
122.0
125.0
122.0
158.0
125.0
156.0
120.0
155.0
122.0
153.0
127.0
125.0
128.0
123.0
125.0
154.0
124.0
124.0
125.0
155.0
114.0
153.0
119.0
155.0
119.0
156.0
117.0
158.0
120.0
154.0
123.0
155.0
129.0
157.0
122.0
155.0
126.0
157.0
125.0
153.0
120.0
120.0
114.0
153.0
122.0
154.0
122.0
158.0
126.0
119.0
154.0
125.0
152.0
123.0
155.0
124.0
122.0
122.0
120.0
157.0
126.0
157.0
124.0
122.0
125.0
154.0
123.0
155.0
124.0
160.0
131.0
150.0
129.0
124.0
155.0
122.0
152.0
126.0
121.0
154.0
125.0
154.0
126.0
149.0
124.0
126.0
154.0
112.0
156.0
121.0
154.0
117.0
153.0
125.0
151.0
123.0
120.0
124.0
122.0
161.0
107.0
152.0
125.0
153.0
124.0
155.0
124.0
125.0
123.0
156.0
118.0
121.0
119.0
154.0
123.0
122.0
152.0
124.0
149.0
129.0
154.0
118.0
124.0
124.0
130.0
153.0
116.0
154.0
121.0
127.0
156.0
127.0
153.0
123.0
120.0
156.0
130.0
128.0
156.0
114.0
156.0
130.0
108.0
125.0
158.0
264.0
109.0
158.0
121.0
123.0
154.0
120.0
118.0
153.0
126.0
154.0
125.0
155.0
125.0
123.0
160.0
129.0
116.0
157.0
122.0
149.0
122.0
125.0
152.0
129.0
154.0
121.0
154.0
114.0
152.0
124.0
153.0
118.0
118.0
123.0
151.0
120.0
126.0
128.0
123.0
128.0
122.0
154.0
121.0
157.0
107.0
156.0
123.0
155.0
123.0
116.0
156.0
118.0
122.0
158.0
123.0
127.0
156.0
124.0
156.0
128.0
123.0
192.0
152.0
124.0
155.0
113.0
153.0
121.0
154.0
124.0
156.0
123.0
113.0
156.0
124.0
154.0
125.0
151.0
122.0
156.0
125.0
122.0
126.0
123.0
158.0
121.0
155.0
125.0
126.0
158.0
106.0
160.0
124.0
153.0
115.0
154.0
124.0
121.0
158.0
125.0
154.0
122.0
123.0
430.0
155.0
122.0
121.0
126.0
122.0
127.0
264.0
153.0
120.0
160.0
125.0
154.0
123.0
126.0
157.0
191.0
123.0
151.0
128.0
125.0
128.0
262.0
122.0
162.0
128.0
158.0
122.0
122.0
151.0
121.0
125.0
122.0
550.0
124.0
125.0
155.0
122.0
157.0
128.0
154.0
120.0
125.0
155.0
120.0
121.0
153.0
121.0
121.0
157.0
126.0
157.0
126.0
122.0
157.0
115.0
154.0
117.0
159.0
125.0
128.0
158.0
126.0
120.0
125.0
155.0
125.0
122.0
160.0
125.0
118.0
155.0
125.0
156.0
122.0
156.0
118.0
154.0
124.0
124.0
156.0
123.0
119.0
156.0
129.0
154.0
121.0
156.0
130.0
125.0
157.0
124.0
121.0
121.0
122.0
157.0
122.0
126.0
154.0
126.0
154.0
284.0
122.0
154.0
122.0
126.0
155.0
121.0
121.0
125.0
160.0
121.0
151.0
118.0
156.0
282.0
128.0
154.0
116.0
150.0
126.0
114.0
154.0
125.0
158.0
114.0
118.0
158.0
113.0
109.0
160.0
119.0
154.0
122.0
154.0
245.0
154.0
130.0
157.0
125.0
155.0
124.0
122.0
155.0
124.0
126.0
151.0
122.0
122.0
154.0
124.0
128.0
508.0
161.0
123.0
122.0
123.0
122.0
154.0
124.0
153.0
128.0
157.0
130.0
155.0
126.0
125.0
125.0
126.0
125.0
123.0
153.0
121.0
156.0
124.0
121.0
157.0
210.0
155.0
120.0
114.0
120.0
156.0
125.0
156.0
131.0
122.0
122.0
156.0
120.0
153.0
254.0
123.0
126.0
152.0
124.0
160.0
128.0
128.0
122.0
157.0
126.0
155.0
119.0
159.0
119.0
157.0
126.0
119.0
122.0
159.0
125.0
129.0
161.0
125.0
130.0
159.0
124.0
156.0
122.0
158.0
121.0
123.0
106.0
158.0
123.0
158.0
122.0
121.0
123.0
128.0
154.0
128.0
126.0
155.0
362.0
122.0
155.0
125.0
123.0
154.0
125.0
122.0
157.0
125.0
155.0
126.0
124.0
150.0
119.0
157.0
123.0
125.0
157.0
126.0
155.0
128.0
121.0
153.0
120.0
154.0
129.0
125.0
158.0
124.0
158.0
125.0
125.0
156.0
595.0
155.0
126.0
121.0
129.0
154.0
132.0
155.0
125.0
158.0
122.0
156.0
132.0
124.0
151.0
125.0
156.0
123.0
156.0
128.0
153.0
121.0
160.0
124.0
154.0
124.0
279.0
155.0
126.0
157.0
130.0
125.0
119.0
119.0
155.0
122.0
154.0
128.0
125.0
152.0
118.0
157.0
122.0
155.0
124.0
127.0
122.0
157.0
123.0
157.0
124.0
122.0
125.0
127.0
128.0
155.0
130.0
121.0
151.0
123.0
157.0
121.0
118.0
153.0
121.0
157.0
125.0
153.0
124.0
153.0
120.0
123.0
119.0
159.0
119.0
100.0
158.0
113.0
157.0
125.0
161.0
235.0
126.0
155.0
122.0
158.0
123.0
123.0
114.0
160.0
126.0
123.0
122.0
123.0
131.0
123.0
126.0
154.0
122.0
124.0
154.0
120.0
123.0
154.0
126.0
160.0
124.0
124.0
122.0
124.0
155.0
126.0
129.0
156.0
117.0
122.0
122.0
124.0
128.0
124.0
158.0
123.0
119.0
119.0
125.0
554.0
156.0
124.0
117.0
118.0
156.0
426.0
123.0
131.0
154.0
125.0
154.0
125.0
158.0
116.0
161.0
118.0
157.0
125.0
125.0
156.0
130.0
122.0
153.0
125.0
113.0
161.0
123.0
151.0
210.0
125.0
500.0
160.0
126.0
122.0
157.0
113.0
126.0
123.0
123.0
119.0
122.0
154.0
125.0
157.0
125.0
154.0
122.0
157.0
128.0
157.0
117.0
123.0
153.0
123.0
124.0
125.0
122.0
128.0
115.0
155.0
122.0
153.0
129.0
116.0
153.0
123.0
161.0
124.0
158.0
123.0
158.0
123.0
155.0
213.0
152.0
125.0
156.0
126.0
116.0
160.0
125.0
125.0
154.0
128.0
161.0
121.0
152.0
126.0
154.0
123.0
158.0
122.0
125.0
119.0
122.0
126.0
156.0
124.0
122.0
124.0
122.0
456.0
155.0
289.0
153.0
124.0
123.0
162.0
121.0
154.0
124.0
154.0
120.0
124.0
125.0
153.0
129.0
158.0
129.0
125.0
128.0
155.0
123.0
110.0
154.0
123.0
154.0
127.0
156.0
122.0
117.0
125.0
153.0
128.0
161.0
125.0
158.0
119.0
125.0
193.0
152.0
119.0
161.0
123.0
155.0
124.0
154.0
126.0
125.0
123.0
157.0
125.0
125.0
126.0
122.0
158.0
124.0
125.0
156.0
122.0
158.0
124.0
154.0
123.0
129.0
125.0
154.0
125.0
156.0
126.0
124.0
160.0
119.0
157.0
121.0
160.0
130.0
155.0
123.0
123.0
154.0
125.0
125.0
155.0
213.0
157.0
121.0
156.0
116.0
153.0
126.0
123.0
153.0
123.0
155.0
128.0
129.0
156.0
107.0
157.0
124.0
135.0
124.0
126.0
126.0
122.0
157.0
124.0
126.0
158.0
125.0
151.0
123.0
126.0
158.0
112.0
154.0
122.0
153.0
121.0
126.0
129.0
154.0
123.0
158.0
123.0
156.0
128.0
150.0
94.0
161.0
124.0
123.0
128.0
160.0
126.0
107.0
161.0
123.0
156.0
207.0
152.0
126.0
126.0
124.0
209.0
122.0
122.0
154.0
309.0
122.0
157.0
124.0
122.0
118.0
156.0
132.0
157.0
124.0
122.0
121.0
123.0
157.0
116.0
158.0
126.0
123.0
125.0
158.0
128.0
124.0
124.0
107.0
154.0
386.0
123.0
157.0
124.0
157.0
118.0
122.0
154.0
126.0
120.0
156.0
119.0
125.0
124.0
128.0
158.0
127.0
154.0
123.0
125.0
126.0
157.0
124.0
151.0
124.0
121.0
159.0
125.0
156.0
220.0
128.0
157.0
129.0
158.0
129.0
120.0
157.0
124.0
153.0
121.0
125.0
123.0
160.0
129.0
130.0
156.0
119.0
124.0
122.0
157.0
122.0
122.0
125.0
125.0
123.0
154.0
115.0
157.0
125.0
157.0
126.0
157.0
125.0
123.0
123.0
124.0
121.0
123.0
125.0
122.0
131.0
121.0
158.0
128.0
120.0
120.0
118.0
155.0
124.0
123.0
157.0
120.0
123.0
124.0
156.0
122.0
119.0
125.0
125.0
121.0
155.0
124.0
124.0
154.0
124.0
157.0
122.0
126.0
154.0
125.0
125.0
126.0
160.0
121.0
156.0
119.0
163.0
117.0
124.0
128.0
153.0
120.0
158.0
125.0
125.0
153.0
125.0
126.0
160.0
124.0
126.0
126.0
122.0
158.0
117.0
124.0
125.0
126.0
117.0
157.0
124.0
119.0
158.0
125.0
128.0
120.0
129.0
152.0
122.0
125.0
125.0
157.0
124.0
120.0
125.0
121.0
125.0
157.0
113.0
156.0
120.0
121.0
157.0
130.0
154.0
119.0
121.0
160.0
127.0
120.0
152.0
128.0
150.0
125.0
127.0
125.0
155.0
121.0
151.0
126.0
130.0
123.0
152.0
122.0
154.0
113.0
155.0
123.0
126.0
162.0
122.0
157.0
123.0
123.0
154.0
129.0
148.0
124.0
121.0
154.0
125.0
127.0
156.0
126.0
151.0
118.0
152.0
124.0
124.0
126.0
154.0
125.0
156.0
122.0
126.0
121.0
154.0
125.0
123.0
128.0
126.0
121.0
123.0
122.0
160.0
122.0
551.0
160.0
121.0
125.0
154.0
132.0
123.0
161.0
122.0
130.0
380.0
149.0
110.0
162.0
122.0
125.0
114.0
127.0
122.0
155.0
122.0
157.0
129.0
152.0
121.0
154.0
126.0
155.0
125.0
126.0
128.0
160.0
128.0
130.0
122.0
160.0
128.0
158.0
119.0
205.0
123.0
122.0
155.0
120.0
154.0
126.0
156.0
125.0
154.0
115.0
124.0
120.0
160.0
122.0
123.0
117.0
157.0
125.0
160.0
127.0
153.0
125.0
160.0
124.0
122.0
130.0
185.0
115.0
154.0
116.0
122.0
112.0
158.0
116.0
157.0
521.0
160.0
125.0
158.0
123.0
130.0
155.0
128.0
158.0
126.0
162.0
126.0
158.0
128.0
128.0
154.0
125.0
155.0
127.0
158.0
123.0
154.0
126.0
126.0
109.0
158.0
128.0
114.0
117.0
161.0
119.0
157.0
124.0
481.0
125.0
125.0
125.0
157.0
181.0
124.0
120.0
160.0
193.0
128.0
157.0
128.0
154.0
123.0
126.0
126.0
125.0
157.0
123.0
124.0
120.0
154.0
123.0
122.0
116.0
153.0
126.0
126.0
126.0
158.0
125.0
155.0
124.0
118.0
128.0
158.0
125.0
123.0
128.0
120.0
125.0
126.0
124.0
153.0
130.0
157.0
122.0
512.0
158.0
114.0
118.0
127.0
153.0
119.0
156.0
125.0
157.0
120.0
130.0
116.0
160.0
128.0
126.0
156.0
123.0
123.0
157.0
125.0
125.0
157.0
125.0
122.0
156.0
127.0
125.0
123.0
157.0
118.0
156.0
126.0
153.0
123.0
160.0
126.0
151.0
125.0
158.0
122.0
125.0
155.0
125.0
121.0
125.0
123.0
123.0
158.0
282.0
123.0
124.0
128.0
125.0
157.0
125.0
123.0
157.0
128.0
125.0
116.0
157.0
113.0
156.0
129.0
153.0
123.0
125.0
154.0
103.0
155.0
116.0
518.0
128.0
352.0
119.0
158.0
121.0
152.0
126.0
154.0
126.0
154.0
122.0
160.0
119.0
120.0
157.0
126.0
157.0
126.0
122.0
125.0
122.0
125.0
123.0
126.0
124.0
122.0
155.0
122.0
122.0
157.0
128.0
155.0
121.0
126.0
156.0
124.0
125.0
151.0
122.0
124.0
116.0
113.0
123.0
155.0
114.0
122.0
122.0
130.0
126.0
154.0
129.0
153.0
125.0
160.0
124.0
156.0
121.0
160.0
118.0
154.0
129.0
157.0
125.0
124.0
130.0
126.0
122.0
155.0
107.0
154.0
126.0
128.0
128.0
154.0
123.0
123.0
123.0
124.0
121.0
153.0
122.0
118.0
122.0
152.0
122.0
128.0
148.0
121.0
157.0
121.0
138.0
126.0
158.0
120.0
154.0
122.0
155.0
128.0
157.0
122.0
124.0
155.0
117.0
111.0
155.0
125.0
154.0
126.0
151.0
128.0
124.0
126.0
124.0
160.0
121.0
114.0
161.0
128.0
126.0
154.0
125.0
126.0
156.0
117.0
155.0
126.0
152.0
121.0
158.0
117.0
124.0
120.0
157.0
123.0
126.0
118.0
118.0
123.0
123.0
156.0
124.0
129.0
152.0
120.0
121.0
276.0
122.0
121.0
160.0
123.0
158.0
117.0
154.0
126.0
108.0
152.0
123.0
128.0
125.0
124.0
158.0
126.0
125.0
159.0
126.0
156.0
125.0
121.0
122.0
124.0
158.0
127.0
125.0
156.0
117.0
156.0
119.0
122.0
126.0
130.0
122.0
125.0
157.0
121.0
151.0
120.0
126.0
157.0
123.0
158.0
122.0
116.0
115.0
156.0
127.0
157.0
120.0
123.0
153.0
122.0
156.0
123.0
126.0
125.0
154.0
125.0
160.0
131.0
160.0
123.0
155.0
126.0
152.0
123.0
157.0
119.0
162.0
120.0
161.0
122.0
158.0
118.0
121.0
151.0
122.0
118.0
123.0
120.0
151.0
124.0
152.0
125.0
122.0
125.0
124.0
152.0
119.0
122.0
112.0
153.0
304.0
115.0
158.0
116.0
156.0
232.0
154.0
125.0
122.0
157.0
122.0
162.0
121.0
155.0
124.0
122.0
125.0
121.0
155.0
125.0
125.0
125.0
118.0
124.0
122.0
150.0
122.0
126.0
122.0
124.0
154.0
125.0
124.0
118.0
123.0
123.0
154.0
124.0
153.0
128.0
122.0
155.0
118.0
158.0
123.0
125.0
155.0
119.0
125.0
149.0
124.0
151.0
123.0
154.0
130.0
155.0
392.0
121.0
126.0
119.0
152.0
125.0
157.0
121.0
119.0
121.0
118.0
159.0
123.0
157.0
389.0
155.0
120.0
161.0
125.0
121.0
157.0
118.0
156.0
125.0
159.0
125.0
120.0
125.0
120.0
154.0
124.0
125.0
125.0
157.0
126.0
159.0
124.0
160.0
124.0
162.0
123.0
156.0
122.0
157.0
125.0
125.0
154.0
125.0
161.0
121.0
153.0
131.0
126.0
160.0
122.0
124.0
129.0
123.0
150.0
125.0
154.0
124.0
158.0
121.0
160.0
123.0
157.0
123.0
124.0
158.0
125.0
160.0
123.0
152.0
125.0
152.0
123.0
106.0
160.0
126.0
158.0
122.0
126.0
154.0
123.0
154.0
123.0
124.0
121.0
160.0
123.0
125.0
151.0
201.0
154.0
123.0
157.0
122.0
154.0
125.0
125.0
116.0
128.0
154.0
124.0
160.0
127.0
120.0
150.0
124.0
126.0
153.0
123.0
122.0
153.0
87.0
165.0
123.0
158.0
121.0
154.0
126.0
158.0
123.0
154.0
104.0
160.0
113.0
155.0
119.0
124.0
159.0
126.0
126.0
154.0
125.0
117.0
153.0
129.0
152.0
125.0
154.0
122.0
154.0
122.0
122.0
122.0
146.0
118.0
149.0
117.0
125.0
155.0
123.0
112.0
121.0
126.0
157.0
118.0
158.0
121.0
152.0
119.0
157.0
122.0
124.0
120.0
123.0
122.0
112.0
128.0
154.0
119.0
122.0
114.0
152.0
126.0
157.0
124.0
121.0
128.0
150.0
127.0
123.0
153.0
122.0
160.0
258.0
125.0
119.0
156.0
322.0
153.0
394.0
125.0
125.0
158.0
122.0
126.0
124.0
122.0
122.0
153.0
124.0
158.0
123.0
152.0
122.0
114.0
154.0
120.0
126.0
155.0
122.0
154.0
130.0
123.0
123.0
154.0
119.0
122.0
121.0
122.0
157.0
121.0
153.0
124.0
153.0
125.0
125.0
158.0
122.0
119.0
122.0
157.0
121.0
156.0
125.0
158.0
122.0
153.0
124.0
122.0
121.0
116.0
158.0
122.0
160.0
279.0
126.0
154.0
123.0
157.0
124.0
157.0
125.0
157.0
236.0
123.0
123.0
124.0
122.0
152.0
123.0
154.0
211.0
122.0
126.0
128.0
154.0
122.0
126.0
153.0
129.0
155.0
123.0
155.0
125.0
128.0
124.0
128.0
154.0
126.0
121.0
530.0
155.0
126.0
124.0
153.0
122.0
130.0
123.0
153.0
114.0
156.0
122.0
125.0
123.0
156.0
122.0
127.0
153.0
117.0
153.0
122.0
158.0
114.0
125.0
157.0
121.0
160.0
125.0
157.0
125.0
499.0
156.0
122.0
154.0
122.0
160.0
121.0
157.0
125.0
157.0
123.0
157.0
123.0
157.0
122.0
160.0
121.0
153.0
122.0
158.0
125.0
122.0
155.0
123.0
119.0
156.0
123.0
158.0
125.0
122.0
123.0
151.0
123.0
123.0
123.0
114.0
157.0
125.0
124.0
157.0
113.0
160.0
125.0
156.0
122.0
155.0
126.0
152.0
125.0
154.0
122.0
125.0
152.0
123.0
121.0
239.0
117.0
125.0
151.0
125.0
158.0
121.0
154.0
253.0
118.0
156.0
124.0
130.0
122.0
126.0
126.0
123.0
129.0
108.0
160.0
121.0
154.0
124.0
123.0
157.0
129.0
154.0
125.0
157.0
127.0
153.0
118.0
157.0
123.0
158.0
122.0
124.0
110.0
155.0
126.0
151.0
125.0
120.0
157.0
125.0
158.0
114.0
158.0
113.0
160.0
125.0
118.0
118.0
154.0
245.0
158.0
603.0
153.0
126.0
154.0
122.0
154.0
127.0
154.0
122.0
156.0
116.0
159.0
124.0
123.0
124.0
153.0
117.0
152.0
121.0
154.0
123.0
122.0
154.0
122.0
124.0
151.0
120.0
692.0
123.0
121.0
153.0
124.0
157.0
120.0
117.0
151.0
123.0
126.0
118.0
156.0
127.0
123.0
155.0
128.0
106.0
124.0
157.0
126.0
123.0
121.0
128.0
