150.0
152.0
149.0
150.0
149.0
177.0
146.0
180.0
142.0
180.0
144.0
148.0
147.0
174.0
145.0
182.0
153.0
181.0
176.0
154.0
182.0
152.0
180.0
145.0
152.0
151.0
152.0
175.0
153.0
143.0
175.0
150.0
149.0
136.0
182.0
149.0
178.0
150.0
185.0
146.0
182.0
145.0
185.0
144.0
181.0
151.0
183.0
146.0
179.0
144.0
149.0
142.0
185.0
147.0
181.0
149.0
180.0
150.0
153.0
146.0
181.0
149.0
145.0
149.0
178.0
148.0
154.0
181.0
150.0
150.0
147.0
154.0
182.0
149.0
144.0
150.0
179.0
153.0
177.0
613.0
179.0
149.0
182.0
236.0
146.0
146.0
177.0
151.0
183.0
150.0
179.0
149.0
180.0
148.0
178.0
150.0
180.0
154.0
140.0
185.0
151.0
150.0
177.0
244.0
181.0
151.0
181.0
148.0
182.0
149.0
178.0
149.0
149.0
181.0
149.0
180.0
144.0
178.0
149.0
183.0
145.0
181.0
142.0
178.0
149.0
150.0
186.0
151.0
179.0
154.0
176.0
528.0
150.0
182.0
135.0
178.0
148.0
175.0
147.0
177.0
138.0
151.0
148.0
183.0
354.0
144.0
150.0
183.0
149.0
146.0
182.0
148.0
178.0
148.0
179.0
148.0
175.0
145.0
154.0
180.0
146.0
181.0
145.0
145.0
152.0
174.0
148.0
175.0
149.0
144.0
179.0
146.0
186.0
146.0
178.0
152.0
181.0
145.0
177.0
152.0
178.0
151.0
179.0
146.0
180.0
152.0
146.0
180.0
137.0
182.0
140.0
177.0
144.0
180.0
145.0
185.0
152.0
142.0
177.0
148.0
175.0
398.0
142.0
178.0
138.0
181.0
146.0
180.0
131.0
177.0
139.0
175.0
114.0
188.0
142.0
182.0
140.0
182.0
148.0
144.0
179.0
147.0
174.0
151.0
174.0
145.0
178.0
148.0
180.0
149.0
180.0
148.0
180.0
144.0
179.0
148.0
150.0
181.0
149.0
142.0
149.0
151.0
146.0
178.0
149.0
143.0
151.0
147.0
149.0
144.0
183.0
148.0
149.0
149.0
148.0
178.0
148.0
179.0
146.0
178.0
148.0
179.0
150.0
181.0
145.0
146.0
183.0
144.0
178.0
151.0
179.0
144.0
176.0
148.0
175.0
149.0
177.0
148.0
179.0
151.0
154.0
177.0
139.0
178.0
145.0
320.0
177.0
147.0
183.0
140.0
176.0
150.0
174.0
152.0
182.0
147.0
148.0
149.0
148.0
179.0
145.0
173.0
150.0
150.0
150.0
146.0
184.0
146.0
177.0
144.0
139.0
178.0
139.0
183.0
152.0
180.0
145.0
179.0
147.0
178.0
149.0
178.0
145.0
176.0
141.0
151.0
148.0
180.0
149.0
149.0
180.0
151.0
150.0
179.0
141.0
183.0
149.0
181.0
147.0
294.0
150.0
179.0
148.0
147.0
182.0
136.0
180.0
208.0
184.0
280.0
145.0
144.0
152.0
148.0
154.0
182.0
149.0
177.0
149.0
179.0
152.0
180.0
144.0
178.0
148.0
148.0
148.0
183.0
146.0
149.0
147.0
149.0
148.0
179.0
154.0
152.0
180.0
149.0
184.0
150.0
182.0
145.0
209.0
146.0
152.0
183.0
151.0
176.0
148.0
184.0
152.0
151.0
183.0
149.0
141.0
184.0
146.0
182.0
151.0
146.0
148.0
154.0
177.0
155.0
178.0
149.0
179.0
152.0
181.0
150.0
152.0
146.0
149.0
154.0
177.0
149.0
145.0
178.0
146.0
175.0
146.0
164.0
178.0
149.0
180.0
148.0
181.0
146.0
183.0
149.0
177.0
151.0
144.0
180.0
148.0
177.0
148.0
146.0
178.0
141.0
180.0
149.0
180.0
149.0
186.0
148.0
181.0
144.0
152.0
176.0
151.0
180.0
148.0
154.0
180.0
146.0
150.0
146.0
149.0
178.0
146.0
145.0
145.0
185.0
153.0
145.0
144.0
149.0
181.0
143.0
177.0
150.0
181.0
149.0
147.0
181.0
147.0
177.0
141.0
156.0
154.0
180.0
149.0
150.0
183.0
219.0
151.0
148.0
147.0
153.0
150.0
180.0
151.0
150.0
178.0
152.0
153.0
181.0
149.0
149.0
178.0
149.0
179.0
149.0
150.0
183.0
142.0
183.0
152.0
150.0
149.0
151.0
149.0
181.0
549.0
149.0
180.0
151.0
145.0
183.0
146.0
179.0
150.0
182.0
149.0
175.0
290.0
164.0
180.0
145.0
150.0
149.0
177.0
152.0
178.0
154.0
178.0
145.0
182.0
152.0
149.0
180.0
150.0
136.0
179.0
153.0
178.0
149.0
180.0
154.0
181.0
146.0
149.0
153.0
149.0
182.0
146.0
153.0
148.0
184.0
154.0
178.0
148.0
175.0
145.0
149.0
183.0
149.0
180.0
142.0
146.0
148.0
180.0
155.0
149.0
179.0
529.0
175.0
150.0
180.0
150.0
150.0
182.0
144.0
181.0
148.0
180.0
138.0
183.0
149.0
146.0
186.0
152.0
185.0
149.0
136.0
180.0
152.0
181.0
149.0
178.0
151.0
178.0
151.0
147.0
178.0
148.0
137.0
182.0
151.0
186.0
151.0
180.0
146.0
184.0
152.0
146.0
150.0
181.0
142.0
183.0
151.0
138.0
184.0
148.0
151.0
178.0
147.0
149.0
182.0
145.0
185.0
149.0
180.0
146.0
152.0
180.0
148.0
311.0
234.0
148.0
151.0
147.0
179.0
147.0
182.0
149.0
146.0
180.0
146.0
154.0
147.0
180.0
146.0
180.0
147.0
211.0
150.0
179.0
152.0
152.0
146.0
183.0
150.0
183.0
141.0
149.0
310.0
176.0
228.0
406.0
150.0
180.0
146.0
182.0
146.0
153.0
182.0
338.0
177.0
149.0
178.0
150.0
177.0
150.0
186.0
146.0
179.0
151.0
148.0
179.0
151.0
151.0
184.0
151.0
178.0
148.0
149.0
178.0
151.0
182.0
146.0
149.0
148.0
150.0
180.0
154.0
177.0
148.0
179.0
152.0
176.0
137.0
180.0
146.0
153.0
181.0
146.0
149.0
181.0
148.0
178.0
141.0
176.0
152.0
180.0
147.0
146.0
146.0
174.0
147.0
179.0
150.0
178.0
145.0
180.0
149.0
178.0
153.0
181.0
146.0
140.0
129.0
180.0
146.0
178.0
143.0
154.0
180.0
149.0
150.0
178.0
140.0
180.0
151.0
149.0
183.0
144.0
177.0
154.0
154.0
154.0
148.0
177.0
149.0
180.0
137.0
182.0
143.0
178.0
151.0
181.0
146.0
151.0
149.0
146.0
152.0
181.0
152.0
141.0
188.0
151.0
182.0
138.0
182.0
152.0
152.0
178.0
149.0
144.0
181.0
150.0
182.0
147.0
150.0
179.0
145.0
183.0
142.0
153.0
181.0
144.0
146.0
147.0
178.0
148.0
150.0
180.0
151.0
150.0
149.0
178.0
150.0
183.0
175.0
148.0
179.0
148.0
151.0
179.0
153.0
150.0
148.0
157.0
183.0
148.0
150.0
151.0
150.0
197.0
149.0
182.0
148.0
185.0
139.0
184.0
147.0
181.0
151.0
181.0
148.0
185.0
151.0
184.0
139.0
179.0
151.0
150.0
151.0
137.0
183.0
153.0
178.0
148.0
180.0
155.0
180.0
149.0
178.0
151.0
151.0
155.0
183.0
141.0
182.0
149.0
183.0
141.0
178.0
153.0
178.0
148.0
151.0
181.0
153.0
176.0
149.0
148.0
149.0
141.0
182.0
148.0
147.0
181.0
143.0
184.0
153.0
183.0
149.0
182.0
150.0
178.0
277.0
149.0
179.0
153.0
185.0
149.0
181.0
148.0
179.0
146.0
183.0
148.0
179.0
145.0
145.0
181.0
152.0
179.0
151.0
138.0
150.0
149.0
178.0
144.0
150.0
178.0
147.0
181.0
151.0
179.0
146.0
148.0
150.0
149.0
181.0
146.0
176.0
142.0
179.0
154.0
149.0
180.0
146.0
182.0
145.0
180.0
146.0
181.0
145.0
146.0
150.0
180.0
150.0
182.0
151.0
152.0
180.0
150.0
176.0
141.0
148.0
174.0
149.0
177.0
150.0
181.0
148.0
180.0
146.0
148.0
176.0
149.0
178.0
144.0
181.0
148.0
148.0
165.0
177.0
150.0
180.0
149.0
174.0
144.0
145.0
149.0
146.0
175.0
151.0
174.0
148.0
178.0
148.0
149.0
133.0
183.0
145.0
150.0
152.0
177.0
146.0
153.0
177.0
147.0
178.0
150.0
149.0
153.0
140.0
180.0
155.0
184.0
149.0
182.0
149.0
183.0
292.0
149.0
154.0
174.0
149.0
177.0
147.0
149.0
187.0
150.0
181.0
146.0
178.0
138.0
176.0
151.0
147.0
180.0
150.0
178.0
148.0
177.0
148.0
146.0
148.0
144.0
182.0
150.0
178.0
288.0
147.0
177.0
146.0
178.0
144.0
183.0
147.0
149.0
178.0
148.0
183.0
127.0
180.0
149.0
146.0
183.0
148.0
179.0
152.0
177.0
144.0
138.0
177.0
149.0
148.0
144.0
184.0
148.0
148.0
178.0
320.0
145.0
180.0
129.0
179.0
141.0
147.0
153.0
148.0
148.0
180.0
149.0
183.0
152.0
181.0
191.0
146.0
177.0
153.0
152.0
182.0
145.0
180.0
149.0
146.0
178.0
143.0
176.0
148.0
178.0
148.0
176.0
140.0
181.0
141.0
178.0
151.0
174.0
150.0
148.0
144.0
182.0
136.0
182.0
146.0
181.0
157.0
148.0
147.0
150.0
149.0
181.0
210.0
149.0
141.0
185.0
146.0
184.0
148.0
186.0
147.0
185.0
151.0
181.0
146.0
182.0
148.0
180.0
153.0
149.0
184.0
147.0
146.0
178.0
217.0
180.0
144.0
182.0
151.0
177.0
152.0
150.0
148.0
184.0
151.0
179.0
149.0
180.0
148.0
187.0
151.0
178.0
150.0
185.0
152.0
178.0
144.0
182.0
138.0
178.0
217.0
179.0
150.0
150.0
181.0
146.0
181.0
146.0
146.0
152.0
179.0
151.0
151.0
184.0
144.0
177.0
148.0
180.0
150.0
149.0
151.0
181.0
372.0
136.0
175.0
148.0
178.0
152.0
149.0
152.0
181.0
142.0
152.0
185.0
151.0
178.0
137.0
179.0
152.0
180.0
149.0
188.0
148.0
186.0
150.0
154.0
183.0
153.0
147.0
180.0
153.0
146.0
149.0
146.0
145.0
177.0
189.0
149.0
180.0
146.0
182.0
146.0
180.0
146.0
178.0
146.0
183.0
148.0
174.0
150.0
147.0
178.0
140.0
177.0
148.0
180.0
146.0
177.0
148.0
217.0
153.0
149.0
148.0
176.0
149.0
178.0
149.0
180.0
149.0
180.0
148.0
143.0
152.0
136.0
180.0
152.0
149.0
177.0
149.0
174.0
433.0
146.0
149.0
150.0
148.0
186.0
145.0
147.0
176.0
145.0
179.0
148.0
178.0
147.0
187.0
148.0
154.0
148.0
179.0
149.0
179.0
150.0
149.0
148.0
148.0
179.0
153.0
181.0
146.0
152.0
180.0
152.0
146.0
180.0
146.0
146.0
144.0
140.0
181.0
141.0
176.0
150.0
181.0
149.0
151.0
151.0
151.0
181.0
149.0
151.0
148.0
147.0
178.0
147.0
174.0
148.0
180.0
145.0
148.0
152.0
109.0
195.0
150.0
217.0
147.0
182.0
145.0
181.0
149.0
150.0
178.0
145.0
182.0
154.0
149.0
150.0
177.0
148.0
181.0
122.0
189.0
147.0
146.0
146.0
178.0
149.0
144.0
150.0
182.0
149.0
136.0
184.0
149.0
151.0
150.0
197.0
149.0
322.0
181.0
155.0
149.0
178.0
151.0
145.0
151.0
180.0
151.0
150.0
138.0
149.0
181.0
151.0
176.0
148.0
149.0
180.0
149.0
147.0
176.0
144.0
180.0
149.0
183.0
149.0
150.0
146.0
150.0
142.0
147.0
179.0
149.0
151.0
181.0
142.0
141.0
181.0
195.0
180.0
151.0
142.0
152.0
177.0
149.0
148.0
176.0
138.0
180.0
149.0
149.0
152.0
137.0
176.0
150.0
148.0
182.0
147.0
146.0
150.0
178.0
149.0
145.0
182.0
154.0
182.0
152.0
183.0
157.0
146.0
179.0
150.0
182.0
150.0
185.0
146.0
178.0
149.0
179.0
151.0
150.0
180.0
649.0
146.0
146.0
177.0
150.0
185.0
222.0
133.0
183.0
144.0
184.0
143.0
151.0
145.0
152.0
181.0
141.0
142.0
181.0
154.0
175.0
150.0
179.0
146.0
150.0
185.0
151.0
619.0
150.0
150.0
182.0
147.0
146.0
142.0
181.0
153.0
148.0
180.0
148.0
151.0
175.0
151.0
185.0
148.0
179.0
146.0
147.0
150.0
154.0
183.0
152.0
186.0
150.0
149.0
181.0
146.0
149.0
150.0
180.0
150.0
153.0
181.0
325.0
146.0
147.0
181.0
197.0
149.0
146.0
151.0
185.0
155.0
149.0
181.0
153.0
146.0
183.0
149.0
181.0
149.0
178.0
148.0
147.0
182.0
148.0
183.0
149.0
180.0
149.0
141.0
180.0
153.0
146.0
180.0
366.0
178.0
146.0
181.0
145.0
135.0
177.0
454.0
180.0
148.0
179.0
151.0
179.0
144.0
145.0
178.0
309.0
175.0
146.0
494.0
149.0
226.0
175.0
150.0
150.0
148.0
180.0
149.0
148.0
148.0
148.0
178.0
149.0
145.0
150.0
176.0
146.0
147.0
149.0
150.0
145.0
150.0
152.0
178.0
168.0
138.0
181.0
137.0
178.0
150.0
126.0
184.0
150.0
176.0
141.0
148.0
181.0
142.0
148.0
174.0
145.0
174.0
144.0
178.0
149.0
147.0
178.0
148.0
178.0
146.0
187.0
144.0
180.0
336.0
174.0
153.0
177.0
147.0
178.0
149.0
147.0
181.0
148.0
179.0
150.0
181.0
150.0
148.0
174.0
148.0
181.0
136.0
174.0
149.0
146.0
174.0
152.0
149.0
182.0
149.0
176.0
138.0
180.0
144.0
178.0
148.0
184.0
150.0
178.0
146.0
145.0
150.0
178.0
141.0
147.0
183.0
152.0
183.0
253.0
173.0
141.0
183.0
136.0
184.0
146.0
148.0
180.0
142.0
180.0
142.0
177.0
150.0
184.0
148.0
149.0
181.0
152.0
140.0
184.0
148.0
178.0
146.0
146.0
175.0
147.0
178.0
150.0
149.0
178.0
146.0
146.0
153.0
177.0
145.0
181.0
146.0
181.0
221.0
149.0
182.0
224.0
176.0
146.0
184.0
135.0
175.0
146.0
179.0
142.0
183.0
147.0
149.0
177.0
150.0
177.0
146.0
176.0
145.0
183.0
150.0
145.0
150.0
182.0
141.0
154.0
145.0
148.0
177.0
205.0
149.0
149.0
180.0
146.0
179.0
146.0
176.0
153.0
179.0
145.0
181.0
148.0
180.0
132.0
183.0
150.0
151.0
183.0
150.0
142.0
180.0
145.0
146.0
149.0
604.0
177.0
150.0
180.0
147.0
176.0
147.0
147.0
180.0
148.0
182.0
148.0
178.0
146.0
179.0
145.0
179.0
148.0
182.0
149.0
179.0
144.0
178.0
150.0
177.0
146.0
180.0
156.0
153.0
150.0
150.0
150.0
146.0
148.0
149.0
179.0
146.0
178.0
147.0
150.0
144.0
181.0
150.0
147.0
181.0
147.0
179.0
148.0
181.0
145.0
155.0
180.0
152.0
180.0
148.0
181.0
149.0
135.0
182.0
146.0
186.0
144.0
181.0
340.0
150.0
153.0
146.0
179.0
152.0
179.0
150.0
181.0
148.0
184.0
147.0
180.0
148.0
176.0
151.0
176.0
152.0
186.0
145.0
185.0
150.0
178.0
149.0
150.0
179.0
154.0
152.0
151.0
177.0
149.0
178.0
207.0
182.0
149.0
181.0
146.0
182.0
151.0
153.0
149.0
180.0
301.0
179.0
148.0
187.0
149.0
181.0
221.0
141.0
150.0
150.0
180.0
153.0
179.0
147.0
185.0
147.0
145.0
178.0
146.0
181.0
150.0
175.0
148.0
180.0
148.0
182.0
146.0
150.0
154.0
181.0
154.0
150.0
179.0
149.0
148.0
180.0
136.0
176.0
136.0
184.0
149.0
183.0
150.0
186.0
487.0
149.0
145.0
144.0
149.0
181.0
150.0
154.0
181.0
150.0
149.0
177.0
151.0
182.0
146.0
177.0
150.0
176.0
150.0
149.0
149.0
150.0
148.0
525.0
181.0
150.0
136.0
181.0
147.0
175.0
147.0
175.0
150.0
175.0
146.0
146.0
132.0
181.0
149.0
142.0
178.0
144.0
150.0
176.0
145.0
180.0
150.0
175.0
150.0
144.0
151.0
181.0
153.0
153.0
150.0
215.0
179.0
145.0
178.0
153.0
178.0
150.0
176.0
148.0
179.0
146.0
181.0
143.0
181.0
141.0
182.0
149.0
182.0
149.0
148.0
146.0
149.0
154.0
150.0
178.0
141.0
144.0
147.0
150.0
179.0
153.0
182.0
148.0
178.0
150.0
183.0
114.0
187.0
154.0
181.0
136.0
179.0
217.0
146.0
182.0
149.0
178.0
148.0
178.0
144.0
178.0
144.0
183.0
144.0
183.0
147.0
180.0
141.0
177.0
146.0
179.0
149.0
148.0
179.0
145.0
178.0
144.0
144.0
146.0
180.0
146.0
146.0
177.0
145.0
178.0
146.0
180.0
150.0
182.0
146.0
155.0
153.0
149.0
153.0
184.0
149.0
181.0
150.0
180.0
154.0
181.0
146.0
176.0
149.0
154.0
148.0
183.0
153.0
178.0
150.0
237.0
175.0
149.0
186.0
147.0
178.0
153.0
152.0
183.0
151.0
182.0
148.0
146.0
181.0
148.0
199.0
149.0
146.0
153.0
177.0
150.0
181.0
149.0
184.0
145.0
151.0
182.0
146.0
181.0
152.0
149.0
181.0
504.0
147.0
179.0
144.0
183.0
146.0
150.0
186.0
152.0
177.0
147.0
182.0
147.0
145.0
149.0
562.0
143.0
182.0
153.0
178.0
145.0
179.0
147.0
180.0
151.0
182.0
151.0
178.0
150.0
178.0
152.0
178.0
150.0
179.0
154.0
177.0
150.0
180.0
152.0
181.0
149.0
182.0
149.0
145.0
182.0
145.0
180.0
153.0
148.0
176.0
138.0
181.0
144.0
179.0
149.0
177.0
151.0
179.0
147.0
180.0
149.0
152.0
146.0
146.0
179.0
149.0
177.0
145.0
150.0
179.0
149.0
179.0
143.0
179.0
150.0
179.0
147.0
182.0
149.0
173.0
147.0
141.0
146.0
148.0
176.0
148.0
179.0
145.0
180.0
148.0
148.0
149.0
138.0
176.0
151.0
145.0
148.0
146.0
176.0
149.0
145.0
150.0
177.0
146.0
180.0
148.0
179.0
149.0
146.0
179.0
133.0
182.0
147.0
178.0
146.0
178.0
143.0
149.0
148.0
146.0
180.0
148.0
149.0
176.0
148.0
150.0
182.0
146.0
146.0
150.0
177.0
146.0
181.0
154.0
181.0
152.0
149.0
180.0
150.0
179.0
146.0
176.0
151.0
151.0
146.0
184.0
148.0
178.0
150.0
145.0
180.0
468.0
149.0
150.0
150.0
182.0
152.0
180.0
151.0
182.0
150.0
180.0
147.0
185.0
146.0
149.0
182.0
153.0
181.0
151.0
181.0
147.0
178.0
149.0
148.0
184.0
151.0
123.0
187.0
148.0
180.0
154.0
179.0
134.0
153.0
180.0
151.0
148.0
152.0
149.0
152.0
181.0
154.0
149.0
178.0
145.0
184.0
245.0
179.0
150.0
180.0
151.0
179.0
149.0
185.0
145.0
182.0
145.0
151.0
179.0
147.0
183.0
148.0
178.0
148.0
181.0
146.0
153.0
178.0
145.0
139.0
181.0
147.0
172.0
150.0
178.0
138.0
149.0
181.0
141.0
178.0
148.0
181.0
148.0
180.0
146.0
144.0
142.0
178.0
622.0
144.0
178.0
152.0
146.0
148.0
146.0
211.0
180.0
148.0
180.0
148.0
146.0
144.0
175.0
155.0
182.0
141.0
179.0
151.0
149.0
179.0
141.0
180.0
146.0
146.0
146.0
178.0
146.0
149.0
182.0
145.0
151.0
149.0
434.0
149.0
151.0
148.0
151.0
178.0
142.0
148.0
147.0
175.0
148.0
146.0
177.0
146.0
178.0
137.0
178.0
149.0
148.0
149.0
174.0
148.0
177.0
149.0
146.0
178.0
146.0
145.0
148.0
183.0
149.0
181.0
148.0
181.0
146.0
177.0
148.0
179.0
138.0
179.0
145.0
178.0
148.0
180.0
256.0
149.0
174.0
150.0
147.0
179.0
150.0
174.0
145.0
146.0
144.0
179.0
150.0
149.0
178.0
141.0
178.0
149.0
144.0
181.0
138.0
183.0
147.0
177.0
151.0
146.0
182.0
149.0
149.0
139.0
144.0
145.0
177.0
149.0
177.0
283.0
149.0
178.0
147.0
150.0
153.0
175.0
147.0
146.0
146.0
148.0
145.0
144.0
177.0
147.0
151.0
149.0
148.0
148.0
178.0
144.0
173.0
145.0
151.0
177.0
152.0
149.0
151.0
144.0
149.0
180.0
588.0
153.0
178.0
153.0
146.0
178.0
149.0
146.0
143.0
177.0
148.0
145.0
181.0
148.0
173.0
149.0
144.0
181.0
150.0
182.0
147.0
178.0
144.0
174.0
144.0
149.0
696.0
178.0
137.0
182.0
153.0
180.0
151.0
154.0
153.0
180.0
151.0
147.0
147.0
185.0
145.0
144.0
150.0
184.0
150.0
146.0
151.0
180.0
150.0
154.0
148.0
180.0
299.0
146.0
149.0
182.0
144.0
145.0
151.0
180.0
146.0
152.0
183.0
148.0
183.0
146.0
178.0
142.0
181.0
148.0
149.0
179.0
146.0
150.0
183.0
146.0
181.0
149.0
150.0
181.0
150.0
148.0
149.0
149.0
149.0
181.0
142.0
182.0
152.0
150.0
141.0
177.0
147.0
149.0
150.0
145.0
196.0
175.0
149.0
178.0
151.0
147.0
148.0
180.0
139.0
180.0
151.0
155.0
181.0
148.0
180.0
148.0
146.0
145.0
148.0
176.0
148.0
181.0
149.0
178.0
149.0
149.0
144.0
183.0
148.0
144.0
183.0
146.0
180.0
151.0
151.0
180.0
159.0
185.0
148.0
149.0
181.0
148.0
150.0
148.0
180.0
147.0
182.0
147.0
182.0
146.0
181.0
144.0
184.0
146.0
180.0
135.0
180.0
153.0
154.0
149.0
175.0
150.0
148.0
146.0
149.0
185.0
154.0
421.0
177.0
147.0
147.0
185.0
148.0
150.0
178.0
148.0
179.0
153.0
182.0
144.0
180.0
148.0
178.0
200.0
153.0
188.0
147.0
150.0
468.0
149.0
150.0
150.0
177.0
147.0
181.0
599.0
183.0
153.0
178.0
142.0
181.0
145.0
180.0
149.0
176.0
149.0
151.0
182.0
148.0
148.0
149.0
146.0
180.0
151.0
151.0
183.0
151.0
152.0
177.0
148.0
180.0
146.0
176.0
150.0
312.0
149.0
179.0
151.0
179.0
144.0
186.0
146.0
181.0
154.0
179.0
151.0
149.0
182.0
152.0
147.0
181.0
150.0
174.0
149.0
182.0
143.0
180.0
151.0
218.0
149.0
149.0
152.0
184.0
150.0
181.0
144.0
182.0
122.0
181.0
150.0
152.0
178.0
149.0
152.0
151.0
182.0
154.0
153.0
148.0
149.0
181.0
150.0
184.0
144.0
181.0
144.0
181.0
151.0
146.0
150.0
178.0
148.0
178.0
149.0
141.0
174.0
151.0
148.0
179.0
146.0
177.0
150.0
146.0
182.0
148.0
148.0
147.0
181.0
149.0
183.0
141.0
177.0
147.0
150.0
150.0
141.0
177.0
147.0
149.0
149.0
146.0
183.0
146.0
293.0
175.0
146.0
182.0
150.0
234.0
149.0
177.0
148.0
182.0
147.0
141.0
179.0
146.0
180.0
153.0
181.0
147.0
176.0
150.0
149.0
149.0
180.0
146.0
182.0
138.0
147.0
180.0
151.0
181.0
150.0
181.0
141.0
180.0
151.0
186.0
154.0
147.0
149.0
183.0
152.0
180.0
151.0
180.0
154.0
154.0
180.0
147.0
139.0
183.0
149.0
180.0
150.0
146.0
153.0
141.0
180.0
145.0
180.0
151.0
148.0
145.0
151.0
155.0
182.0
152.0
181.0
145.0
183.0
145.0
151.0
150.0
181.0
144.0
177.0
150.0
180.0
146.0
184.0
141.0
146.0
179.0
138.0
180.0
151.0
150.0
180.0
142.0
179.0
212.0
179.0
149.0
150.0
184.0
146.0
149.0
146.0
147.0
148.0
181.0
153.0
186.0
149.0
178.0
149.0
181.0
153.0
146.0
149.0
177.0
142.0
181.0
141.0
176.0
145.0
177.0
150.0
146.0
178.0
139.0
184.0
149.0
146.0
181.0
148.0
182.0
148.0
176.0
145.0
151.0
177.0
544.0
174.0
149.0
179.0
144.0
183.0
154.0
178.0
146.0
177.0
149.0
180.0
146.0
181.0
149.0
148.0
175.0
146.0
150.0
176.0
148.0
151.0
146.0
177.0
147.0
177.0
149.0
180.0
149.0
149.0
148.0
174.0
148.0
178.0
142.0
147.0
146.0
176.0
141.0
146.0
180.0
148.0
135.0
181.0
149.0
290.0
146.0
176.0
152.0
150.0
181.0
149.0
153.0
179.0
150.0
141.0
179.0
151.0
146.0
176.0
140.0
148.0
178.0
149.0
148.0
177.0
148.0
180.0
150.0
178.0
151.0
154.0
146.0
149.0
181.0
346.0
150.0
177.0
145.0
184.0
149.0
180.0
150.0
179.0
152.0
150.0
181.0
153.0
147.0
182.0
150.0
178.0
142.0
151.0
149.0
177.0
451.0
178.0
148.0
186.0
137.0
181.0
154.0
150.0
178.0
148.0
184.0
153.0
182.0
148.0
143.0
182.0
157.0
148.0
186.0
149.0
179.0
150.0
177.0
138.0
183.0
154.0
148.0
157.0
179.0
146.0
149.0
150.0
148.0
148.0
150.0
180.0
151.0
153.0
149.0
181.0
150.0
141.0
178.0
146.0
177.0
151.0
149.0
178.0
603.0
178.0
151.0
183.0
149.0
146.0
178.0
150.0
180.0
138.0
187.0
155.0
181.0
148.0
177.0
149.0
146.0
148.0
177.0
137.0
145.0
178.0
146.0
182.0
148.0
148.0
179.0
147.0
178.0
134.0
185.0
149.0
176.0
148.0
181.0
141.0
181.0
139.0
182.0
142.0
181.0
146.0
179.0
149.0
178.0
147.0
151.0
180.0
147.0
177.0
142.0
177.0
145.0
182.0
141.0
593.0
178.0
149.0
181.0
150.0
151.0
177.0
149.0
181.0
142.0
178.0
148.0
143.0
180.0
141.0
144.0
180.0
564.0
153.0
148.0
150.0
148.0
175.0
150.0
150.0
140.0
180.0
192.0
178.0
151.0
146.0
186.0
148.0
152.0
179.0
145.0
179.0
151.0
148.0
138.0
175.0
150.0
148.0
177.0
146.0
182.0
146.0
182.0
142.0
182.0
148.0
183.0
149.0
177.0
149.0
148.0
148.0
181.0
152.0
144.0
181.0
144.0
149.0
156.0
176.0
144.0
184.0
218.0
180.0
142.0
182.0
149.0
280.0
152.0
180.0
149.0
180.0
149.0
146.0
175.0
149.0
141.0
181.0
149.0
181.0
149.0
180.0
154.0
147.0
182.0
151.0
150.0
149.0
181.0
150.0
150.0
188.0
148.0
150.0
181.0
153.0
148.0
179.0
149.0
150.0
147.0
149.0
149.0
153.0
147.0
177.0
149.0
180.0
147.0
147.0
179.0
153.0
149.0
183.0
151.0
185.0
142.0
179.0
147.0
181.0
149.0
177.0
148.0
180.0
145.0
178.0
148.0
146.0
148.0
150.0
150.0
149.0
198.0
180.0
146.0
151.0
149.0
178.0
146.0
178.0
152.0
139.0
155.0
181.0
152.0
180.0
145.0
153.0
184.0
150.0
152.0
152.0
149.0
152.0
149.0
181.0
144.0
182.0
149.0
182.0
145.0
177.0
153.0
183.0
149.0
148.0
149.0
177.0
151.0
183.0
151.0
153.0
149.0
148.0
181.0
263.0
153.0
176.0
152.0
182.0
154.0
180.0
149.0
156.0
177.0
149.0
147.0
148.0
180.0
145.0
150.0
154.0
136.0
182.0
162.0
182.0
150.0
180.0
619.0
180.0
149.0
146.0
148.0
181.0
219.0
178.0
150.0
178.0
95.0
198.0
150.0
177.0
146.0
181.0
149.0
149.0
149.0
148.0
179.0
149.0
181.0
146.0
184.0
152.0
181.0
149.0
148.0
180.0
150.0
181.0
152.0
179.0
148.0
146.0
148.0
616.0
149.0
180.0
138.0
177.0
150.0
150.0
153.0
181.0
149.0
182.0
150.0
178.0
139.0
182.0
148.0
180.0
150.0
181.0
148.0
176.0
151.0
181.0
152.0
179.0
148.0
178.0
136.0
181.0
153.0
181.0
146.0
149.0
178.0
146.0
178.0
147.0
179.0
152.0
177.0
151.0
147.0
180.0
149.0
149.0
181.0
146.0
178.0
152.0
145.0
149.0
183.0
141.0
149.0
184.0
149.0
181.0
148.0
177.0
151.0
146.0
149.0
150.0
180.0
149.0
157.0
149.0
149.0
180.0
150.0
180.0
148.0
150.0
182.0
148.0
184.0
150.0
149.0
187.0
148.0
183.0
149.0
148.0
150.0
141.0
151.0
150.0
181.0
191.0
183.0
146.0
125.0
182.0
145.0
148.0
179.0
124.0
183.0
150.0
183.0
148.0
150.0
146.0
146.0
178.0
146.0
151.0
147.0
144.0
145.0
173.0
149.0
147.0
178.0
150.0
179.0
151.0
182.0
147.0
177.0
138.0
178.0
149.0
180.0
141.0
181.0
156.0
146.0
147.0
178.0
152.0
179.0
150.0
174.0
150.0
182.0
144.0
146.0
181.0
144.0
181.0
144.0
151.0
180.0
154.0
177.0
151.0
174.0
148.0
182.0
152.0
147.0
181.0
148.0
179.0
146.0
178.0
151.0
176.0
142.0
178.0
153.0
179.0
153.0
145.0
144.0
146.0
184.0
152.0
175.0
150.0
146.0
182.0
149.0
146.0
144.0
183.0
150.0
175.0
140.0
185.0
149.0
146.0
182.0
153.0
176.0
148.0
139.0
178.0
148.0
147.0
182.0
149.0
141.0
177.0
139.0
154.0
181.0
141.0
180.0
147.0
148.0
182.0
144.0
148.0
175.0
114.0
192.0
240.0
150.0
149.0
153.0
151.0
180.0
147.0
149.0
180.0
150.0
181.0
152.0
149.0
176.0
151.0
183.0
152.0
197.0
181.0
148.0
182.0
151.0
597.0
179.0
149.0
181.0
150.0
152.0
184.0
151.0
149.0
184.0
154.0
147.0
176.0
146.0
181.0
147.0
146.0
182.0
147.0
182.0
154.0
152.0
179.0
148.0
181.0
146.0
153.0
146.0
181.0
144.0
149.0
186.0
149.0
181.0
148.0
181.0
152.0
180.0
400.0
234.0
199.0
178.0
154.0
181.0
118.0
189.0
149.0
178.0
221.0
127.0
187.0
146.0
180.0
148.0
149.0
179.0
151.0
145.0
147.0
181.0
146.0
149.0
181.0
145.0
145.0
176.0
146.0
176.0
151.0
149.0
150.0
176.0
128.0
184.0
147.0
180.0
134.0
146.0
148.0
180.0
508.0
142.0
149.0
148.0
152.0
179.0
142.0
146.0
149.0
186.0
150.0
146.0
182.0
153.0
179.0
150.0
181.0
129.0
185.0
150.0
152.0
181.0
150.0
134.0
180.0
150.0
148.0
151.0
149.0
184.0
150.0
148.0
180.0
149.0
180.0
151.0
182.0
141.0
181.0
143.0
152.0
178.0
151.0
182.0
153.0
146.0
184.0
152.0
182.0
149.0
150.0
150.0
178.0
144.0
153.0
146.0
149.0
180.0
142.0
177.0
153.0
180.0
149.0
149.0
182.0
140.0
183.0
142.0
148.0
178.0
153.0
176.0
144.0
152.0
178.0
153.0
152.0
175.0
150.0
151.0
181.0
145.0
148.0
181.0
149.0
149.0
147.0
177.0
618.0
176.0
153.0
129.0
178.0
144.0
182.0
147.0
176.0
149.0
184.0
154.0
296.0
176.0
150.0
178.0
149.0
177.0
205.0
177.0
154.0
176.0
141.0
180.0
147.0
177.0
150.0
149.0
176.0
144.0
147.0
143.0
146.0
175.0
150.0
149.0
181.0
149.0
181.0
148.0
180.0
146.0
143.0
178.0
145.0
143.0
146.0
178.0
96.0
202.0
144.0
151.0
150.0
178.0
139.0
175.0
149.0
153.0
181.0
153.0
149.0
178.0
149.0
147.0
152.0
149.0
148.0
181.0
150.0
181.0
150.0
144.0
176.0
145.0
183.0
148.0
148.0
174.0
148.0
179.0
146.0
144.0
151.0
172.0
147.0
180.0
151.0
150.0
175.0
149.0
145.0
184.0
150.0
144.0
183.0
145.0
151.0
151.0
183.0
150.0
181.0
142.0
176.0
146.0
178.0
148.0
143.0
179.0
148.0
179.0
136.0
180.0
149.0
148.0
151.0
146.0
183.0
149.0
150.0
149.0
184.0
148.0
146.0
185.0
152.0
152.0
146.0
179.0
144.0
146.0
360.0
150.0
138.0
151.0
183.0
148.0
178.0
148.0
147.0
177.0
146.0
143.0
145.0
239.0
344.0
152.0
150.0
149.0
182.0
154.0
181.0
152.0
181.0
149.0
148.0
186.0
148.0
181.0
151.0
186.0
149.0
614.0
180.0
150.0
181.0
153.0
180.0
156.0
180.0
151.0
143.0
182.0
154.0
183.0
148.0
182.0
150.0
181.0
146.0
181.0
153.0
185.0
146.0
180.0
148.0
152.0
154.0
179.0
538.0
182.0
146.0
183.0
147.0
178.0
152.0
151.0
148.0
146.0
179.0
140.0
150.0
186.0
148.0
171.0
154.0
149.0
177.0
154.0
150.0
182.0
143.0
179.0
149.0
184.0
152.0
152.0
183.0
146.0
182.0
149.0
149.0
146.0
126.0
183.0
150.0
194.0
153.0
179.0
149.0
180.0
198.0
149.0
152.0
185.0
146.0
181.0
145.0
184.0
149.0
151.0
182.0
149.0
187.0
149.0
183.0
149.0
181.0
150.0
179.0
149.0
149.0
151.0
147.0
151.0
150.0
149.0
147.0
145.0
178.0
145.0
181.0
146.0
178.0
147.0
176.0
148.0
150.0
149.0
183.0
147.0
145.0
180.0
143.0
182.0
146.0
147.0
183.0
152.0
179.0
147.0
184.0
149.0
147.0
148.0
153.0
178.0
146.0
150.0
266.0
198.0
179.0
151.0
596.0
191.0
152.0
174.0
151.0
145.0
181.0
153.0
148.0
181.0
150.0
145.0
178.0
151.0
176.0
154.0
146.0
134.0
133.0
179.0
148.0
184.0
147.0
149.0
182.0
150.0
154.0
179.0
148.0
166.0
181.0
667.0
181.0
562.0
144.0
177.0
152.0
147.0
150.0
146.0
137.0
182.0
143.0
182.0
146.0
145.0
185.0
151.0
183.0
148.0
181.0
145.0
181.0
149.0
179.0
148.0
177.0
149.0
176.0
146.0
150.0
181.0
139.0
177.0
152.0
176.0
146.0
176.0
148.0
149.0
146.0
150.0
183.0
147.0
179.0
149.0
178.0
149.0
182.0
151.0
139.0
182.0
148.0
148.0
177.0
149.0
183.0
153.0
146.0
177.0
151.0
149.0
181.0
146.0
180.0
148.0
178.0
146.0
149.0
177.0
150.0
184.0
147.0
149.0
177.0
146.0
144.0
186.0
147.0
153.0
151.0
143.0
146.0
148.0
179.0
151.0
147.0
180.0
145.0
183.0
142.0
153.0
382.0
146.0
183.0
149.0
180.0
152.0
146.0
149.0
146.0
180.0
153.0
149.0
174.0
145.0
149.0
148.0
180.0
143.0
148.0
149.0
147.0
145.0
129.0
181.0
148.0
147.0
151.0
151.0
147.0
175.0
151.0
181.0
146.0
176.0
148.0
177.0
141.0
181.0
150.0
145.0
149.0
178.0
144.0
180.0
149.0
154.0
186.0
148.0
146.0
178.0
146.0
179.0
149.0
182.0
151.0
151.0
183.0
146.0
146.0
179.0
149.0
523.0
452.0
177.0
150.0
181.0
146.0
180.0
147.0
181.0
153.0
153.0
151.0
178.0
154.0
181.0
144.0
197.0
153.0
182.0
148.0
145.0
176.0
245.0
146.0
182.0
152.0
153.0
142.0
149.0
205.0
149.0
178.0
154.0
149.0
152.0
354.0
150.0
183.0
150.0
183.0
150.0
183.0
150.0
146.0
177.0
145.0
182.0
153.0
148.0
175.0
208.0
181.0
151.0
181.0
153.0
139.0
182.0
152.0
178.0
142.0
183.0
148.0
180.0
156.0
148.0
180.0
149.0
177.0
153.0
146.0
181.0
150.0
154.0
182.0
148.0
145.0
182.0
146.0
181.0
150.0
149.0
153.0
178.0
141.0
180.0
146.0
177.0
146.0
183.0
146.0
149.0
151.0
180.0
150.0
180.0
147.0
176.0
151.0
177.0
145.0
178.0
146.0
177.0
144.0
180.0
147.0
178.0
147.0
178.0
141.0
176.0
146.0
149.0
180.0
148.0
176.0
146.0
180.0
149.0
174.0
153.0
174.0
148.0
179.0
150.0
185.0
151.0
178.0
151.0
145.0
146.0
180.0
149.0
176.0
149.0
149.0
178.0
144.0
174.0
146.0
151.0
148.0
504.0
146.0
148.0
181.0
147.0
181.0
143.0
180.0
143.0
181.0
148.0
184.0
145.0
178.0
146.0
144.0
146.0
178.0
144.0
178.0
149.0
145.0
181.0
145.0
177.0
151.0
179.0
144.0
133.0
146.0
178.0
150.0
180.0
153.0
145.0
180.0
149.0
177.0
149.0
177.0
148.0
146.0
181.0
149.0
182.0
144.0
181.0
153.0
179.0
149.0
188.0
195.0
179.0
149.0
180.0
148.0
180.0
150.0
150.0
180.0
144.0
176.0
146.0
152.0
146.0
183.0
148.0
185.0
153.0
385.0
144.0
148.0
150.0
143.0
179.0
148.0
181.0
152.0
180.0
149.0
183.0
151.0
182.0
148.0
141.0
148.0
154.0
151.0
184.0
148.0
181.0
148.0
176.0
149.0
176.0
152.0
149.0
150.0
146.0
153.0
181.0
151.0
149.0
148.0
181.0
142.0
178.0
142.0
185.0
145.0
182.0
146.0
181.0
144.0
180.0
150.0
178.0
152.0
180.0
150.0
178.0
154.0
181.0
151.0
178.0
147.0
148.0
138.0
184.0
149.0
182.0
151.0
178.0
150.0
142.0
178.0
151.0
183.0
146.0
180.0
152.0
148.0
275.0
148.0
181.0
151.0
184.0
147.0
153.0
148.0
180.0
150.0
181.0
148.0
182.0
154.0
178.0
149.0
150.0
178.0
148.0
186.0
149.0
150.0
181.0
147.0
185.0
149.0
180.0
152.0
149.0
180.0
141.0
185.0
473.0
177.0
144.0
180.0
150.0
174.0
151.0
150.0
151.0
150.0
180.0
134.0
182.0
148.0
175.0
149.0
179.0
149.0
149.0
148.0
184.0
144.0
151.0
144.0
177.0
150.0
148.0
176.0
149.0
180.0
204.0
183.0
150.0
192.0
152.0
155.0
179.0
146.0
183.0
151.0
150.0
179.0
151.0
183.0
146.0
151.0
180.0
151.0
234.0
173.0
144.0
180.0
154.0
475.0
151.0
186.0
151.0
133.0
180.0
149.0
144.0
179.0
139.0
581.0
181.0
145.0
182.0
151.0
179.0
152.0
152.0
179.0
156.0
143.0
185.0
151.0
178.0
152.0
149.0
181.0
154.0
182.0
152.0
177.0
139.0
176.0
145.0
178.0
144.0
150.0
150.0
182.0
151.0
149.0
154.0
149.0
147.0
153.0
178.0
148.0
180.0
132.0
183.0
151.0
183.0
155.0
146.0
182.0
151.0
153.0
184.0
150.0
150.0
182.0
148.0
180.0
153.0
149.0
149.0
180.0
146.0
180.0
140.0
175.0
150.0
176.0
150.0
180.0
150.0
142.0
182.0
150.0
181.0
147.0
185.0
148.0
184.0
152.0
381.0
151.0
149.0
178.0
536.0
181.0
147.0
149.0
182.0
130.0
181.0
150.0
178.0
141.0
181.0
150.0
155.0
180.0
149.0
176.0
149.0
152.0
136.0
176.0
146.0
146.0
149.0
146.0
150.0
144.0
176.0
148.0
182.0
145.0
178.0
149.0
152.0
184.0
146.0
149.0
174.0
150.0
148.0
154.0
145.0
152.0
184.0
150.0
184.0
305.0
151.0
181.0
143.0
152.0
148.0
141.0
152.0
148.0
178.0
147.0
180.0
151.0
178.0
152.0
148.0
181.0
146.0
150.0
180.0
149.0
150.0
181.0
146.0
185.0
150.0
149.0
182.0
141.0
181.0
148.0
184.0
150.0
151.0
185.0
154.0
147.0
153.0
179.0
148.0
148.0
186.0
152.0
148.0
181.0
149.0
181.0
150.0
185.0
144.0
179.0
154.0
149.0
186.0
153.0
149.0
183.0
154.0
181.0
147.0
184.0
149.0
149.0
183.0
151.0
146.0
282.0
153.0
184.0
146.0
154.0
174.0
150.0
177.0
144.0
144.0
181.0
147.0
151.0
184.0
146.0
148.0
148.0
186.0
152.0
180.0
145.0
180.0
558.0
145.0
185.0
146.0
182.0
146.0
585.0
176.0
152.0
185.0
140.0
149.0
181.0
143.0
133.0
183.0
147.0
182.0
149.0
178.0
148.0
180.0
153.0
184.0
146.0
182.0
154.0
148.0
183.0
149.0
146.0
176.0
150.0
212.0
180.0
149.0
151.0
141.0
181.0
147.0
146.0
146.0
146.0
177.0
149.0
182.0
153.0
182.0
149.0
179.0
149.0
153.0
154.0
150.0
154.0
148.0
183.0
146.0
184.0
151.0
144.0
185.0
148.0
181.0
149.0
140.0
145.0
180.0
169.0
176.0
153.0
148.0
157.0
178.0
145.0
182.0
146.0
150.0
149.0
181.0
150.0
180.0
154.0
151.0
147.0
182.0
151.0
177.0
145.0
177.0
148.0
178.0
153.0
146.0
149.0
184.0
149.0
152.0
178.0
149.0
149.0
185.0
149.0
181.0
155.0
184.0
149.0
150.0
599.0
181.0
149.0
182.0
148.0
144.0
152.0
149.0
179.0
150.0
148.0
182.0
145.0
149.0
180.0
198.0
148.0
183.0
153.0
150.0
186.0
148.0
181.0
237.0
152.0
177.0
146.0
180.0
151.0
147.0
184.0
149.0
181.0
153.0
146.0
180.0
144.0
179.0
148.0
147.0
181.0
155.0
187.0
150.0
148.0
179.0
134.0
185.0
150.0
145.0
153.0
178.0
150.0
181.0
150.0
181.0
148.0
181.0
157.0
149.0
179.0
153.0
179.0
146.0
181.0
156.0
179.0
146.0
181.0
153.0
182.0
153.0
150.0
176.0
154.0
177.0
153.0
149.0
144.0
146.0
185.0
150.0
178.0
151.0
146.0
182.0
146.0
180.0
148.0
185.0
145.0
151.0
148.0
179.0
151.0
177.0
151.0
148.0
154.0
149.0
154.0
184.0
150.0
150.0
178.0
146.0
181.0
149.0
145.0
182.0
143.0
179.0
149.0
180.0
148.0
179.0
149.0
146.0
141.0
184.0
147.0
127.0
182.0
143.0
182.0
149.0
186.0
160.0
142.0
180.0
154.0
181.0
151.0
145.0
142.0
185.0
148.0
145.0
147.0
150.0
155.0
150.0
149.0
180.0
147.0
148.0
180.0
147.0
149.0
174.0
150.0
181.0
154.0
152.0
222.0
148.0
181.0
149.0
149.0
182.0
142.0
153.0
147.0
156.0
155.0
148.0
180.0
150.0
142.0
147.0
151.0
131.0
181.0
149.0
143.0
144.0
182.0
151.0
150.0
161.0
181.0
150.0
179.0
149.0
181.0
139.0
179.0
150.0
181.0
149.0
152.0
184.0
152.0
322.0
173.0
146.0
139.0
182.0
150.0
177.0
150.0
147.0
140.0
183.0
148.0
146.0
179.0
136.0
154.0
146.0
149.0
148.0
147.0
180.0
149.0
180.0
151.0
179.0
151.0
181.0
150.0
182.0
146.0
147.0
176.0
148.0
154.0
154.0
562.0
146.0
144.0
180.0
147.0
179.0
149.0
141.0
176.0
146.0
182.0
153.0
183.0
149.0
178.0
149.0
178.0
147.0
178.0
149.0
178.0
149.0
143.0
182.0
149.0
149.0
182.0
154.0
183.0
149.0
180.0
148.0
180.0
150.0
180.0
146.0
147.0
145.0
151.0
145.0
182.0
149.0
150.0
153.0
151.0
146.0
175.0
142.0
182.0
148.0
143.0
183.0
142.0
182.0
147.0
180.0
148.0
149.0
148.0
176.0
150.0
178.0
151.0
149.0
151.0
180.0
147.0
134.0
178.0
151.0
181.0
149.0
180.0
145.0
143.0
148.0
179.0
149.0
184.0
148.0
181.0
148.0
150.0
149.0
180.0
150.0
185.0
150.0
176.0
151.0
181.0
154.0
152.0
148.0
182.0
147.0
153.0
150.0
141.0
180.0
146.0
146.0
180.0
145.0
178.0
152.0
178.0
146.0
150.0
148.0
174.0
149.0
180.0
149.0
145.0
181.0
200.0
178.0
146.0
179.0
149.0
184.0
149.0
149.0
183.0
147.0
150.0
178.0
149.0
181.0
146.0
176.0
140.0
181.0
149.0
148.0
178.0
144.0
181.0
149.0
150.0
178.0
136.0
178.0
146.0
158.0
146.0
148.0
147.0
149.0
178.0
151.0
151.0
177.0
152.0
176.0
156.0
151.0
180.0
136.0
180.0
149.0
181.0
146.0
149.0
148.0
180.0
192.0
182.0
146.0
180.0
149.0
178.0
121.0
186.0
150.0
149.0
146.0
184.0
146.0
132.0
182.0
146.0
184.0
152.0
178.0
148.0
149.0
150.0
150.0
145.0
152.0
178.0
258.0
147.0
181.0
150.0
151.0
141.0
178.0
157.0
181.0
150.0
146.0
149.0
147.0
175.0
149.0
185.0
148.0
150.0
149.0
181.0
149.0
151.0
152.0
141.0
180.0
150.0
152.0
178.0
150.0
187.0
150.0
150.0
172.0
154.0
150.0
181.0
145.0
149.0
148.0
151.0
181.0
155.0
181.0
146.0
149.0
151.0
180.0
146.0
176.0
148.0
153.0
183.0
275.0
178.0
148.0
197.0
184.0
149.0
182.0
152.0
149.0
176.0
149.0
180.0
151.0
148.0
146.0
184.0
157.0
149.0
178.0
150.0
150.0
150.0
179.0
150.0
153.0
150.0
151.0
150.0
180.0
136.0
186.0
146.0
187.0
145.0
181.0
146.0
152.0
152.0
149.0
149.0
145.0
342.0
149.0
148.0
143.0
182.0
150.0
148.0
150.0
145.0
182.0
150.0
149.0
178.0
148.0
150.0
146.0
182.0
148.0
147.0
152.0
158.0
144.0
180.0
151.0
148.0
182.0
147.0
182.0
152.0
150.0
182.0
154.0
147.0
150.0
181.0
146.0
181.0
141.0
186.0
144.0
149.0
151.0
178.0
141.0
178.0
214.0
152.0
181.0
150.0
149.0
181.0
146.0
152.0
153.0
147.0
179.0
138.0
224.0
148.0
151.0
149.0
184.0
153.0
215.0
181.0
141.0
150.0
147.0
155.0
183.0
149.0
149.0
149.0
177.0
148.0
146.0
153.0
153.0
150.0
180.0
139.0
181.0
152.0
149.0
180.0
153.0
180.0
146.0
146.0
182.0
151.0
149.0
178.0
147.0
178.0
155.0
151.0
149.0
182.0
149.0
177.0
152.0
149.0
152.0
182.0
150.0
183.0
474.0
185.0
150.0
153.0
182.0
148.0
181.0
150.0
151.0
180.0
151.0
177.0
147.0
147.0
183.0
150.0
153.0
178.0
145.0
182.0
148.0
176.0
145.0
153.0
149.0
183.0
149.0
182.0
146.0
150.0
147.0
178.0
145.0
145.0
148.0
149.0
148.0
150.0
146.0
186.0
149.0
139.0
182.0
147.0
146.0
178.0
155.0
149.0
179.0
146.0
149.0
147.0
178.0
136.0
185.0
149.0
150.0
136.0
149.0
144.0
180.0
146.0
181.0
149.0
178.0
149.0
179.0
148.0
182.0
152.0
155.0
149.0
180.0
151.0
149.0
149.0
181.0
192.0
184.0
146.0
151.0
148.0
144.0
178.0
142.0
181.0
146.0
182.0
152.0
182.0
140.0
146.0
149.0
185.0
149.0
144.0
147.0
180.0
150.0
178.0
151.0
178.0
154.0
182.0
144.0
149.0
150.0
152.0
142.0
179.0
581.0
150.0
134.0
184.0
148.0
181.0
129.0
186.0
147.0
179.0
150.0
155.0
177.0
150.0
182.0
150.0
181.0
150.0
180.0
149.0
152.0
175.0
149.0
180.0
155.0
179.0
151.0
178.0
155.0
151.0
136.0
182.0
152.0
582.0
140.0
181.0
146.0
180.0
144.0
140.0
144.0
151.0
148.0
181.0
206.0
145.0
149.0
179.0
151.0
146.0
183.0
152.0
178.0
153.0
153.0
148.0
146.0
182.0
146.0
155.0
148.0
179.0
148.0
149.0
141.0
177.0
148.0
152.0
155.0
181.0
140.0
181.0
146.0
140.0
155.0
181.0
148.0
147.0
151.0
152.0
144.0
149.0
148.0
177.0
152.0
183.0
245.0
139.0
180.0
142.0
149.0
153.0
178.0
146.0
179.0
150.0
181.0
148.0
190.0
146.0
183.0
145.0
148.0
181.0
151.0
146.0
179.0
148.0
149.0
180.0
148.0
145.0
182.0
148.0
152.0
151.0
182.0
141.0
181.0
154.0
181.0
152.0
186.0
150.0
179.0
153.0
181.0
146.0
149.0
181.0
147.0
146.0
153.0
153.0
149.0
182.0
148.0
147.0
149.0
153.0
149.0
181.0
150.0
146.0
179.0
148.0
151.0
146.0
181.0
143.0
183.0
151.0
182.0
150.0
147.0
183.0
131.0
186.0
144.0
143.0
152.0
372.0
149.0
182.0
151.0
181.0
153.0
183.0
149.0
181.0
148.0
182.0
150.0
150.0
180.0
151.0
184.0
155.0
148.0
190.0
149.0
148.0
150.0
151.0
151.0
152.0
179.0
152.0
147.0
179.0
147.0
181.0
153.0
152.0
181.0
150.0
150.0
175.0
148.0
154.0
144.0
144.0
145.0
182.0
142.0
150.0
148.0
154.0
152.0
181.0
151.0
176.0
145.0
181.0
149.0
181.0
145.0
185.0
146.0
178.0
150.0
179.0
144.0
153.0
154.0
154.0
149.0
177.0
134.0
179.0
154.0
151.0
151.0
180.0
149.0
149.0
149.0
146.0
148.0
186.0
149.0
148.0
151.0
178.0
148.0
152.0
180.0
146.0
181.0
147.0
160.0
153.0
185.0
144.0
182.0
142.0
180.0
153.0
182.0
152.0
152.0
185.0
144.0
138.0
187.0
153.0
180.0
153.0
177.0
151.0
151.0
150.0
149.0
181.0
147.0
499.0
186.0
151.0
153.0
180.0
149.0
151.0
182.0
142.0
182.0
149.0
180.0
142.0
181.0
148.0
149.0
149.0
176.0
151.0
150.0
142.0
148.0
156.0
154.0
183.0
153.0
149.0
181.0
144.0
142.0
151.0
146.0
148.0
182.0
150.0
183.0
141.0
180.0
154.0
145.0
186.0
149.0
150.0
153.0
153.0
185.0
154.0
150.0
182.0
153.0
183.0
149.0
146.0
150.0
149.0
184.0
154.0
149.0
180.0
147.0
178.0
144.0
148.0
144.0
154.0
148.0
153.0
181.0
148.0
176.0
147.0
149.0
186.0
147.0
183.0
152.0
143.0
141.0
183.0
146.0
178.0
147.0
152.0
178.0
148.0
177.0
148.0
148.0
148.0
176.0
148.0
180.0
148.0
184.0
149.0
187.0
149.0
181.0
144.0
179.0
145.0
178.0
144.0
178.0
141.0
181.0
147.0
148.0
180.0
146.0
144.0
148.0
148.0
174.0
149.0
176.0
149.0
552.0
150.0
149.0
176.0
144.0
147.0
142.0
181.0
151.0
141.0
186.0
148.0
172.0
148.0
178.0
150.0
154.0
179.0
148.0
177.0
153.0
183.0
146.0
152.0
151.0
150.0
181.0
151.0
149.0
154.0
142.0
150.0
149.0
174.0
152.0
218.0
145.0
149.0
176.0
150.0
155.0
145.0
148.0
154.0
182.0
148.0
181.0
151.0
147.0
178.0
147.0
180.0
146.0
153.0
181.0
148.0
149.0
178.0
141.0
176.0
150.0
183.0
152.0
181.0
146.0
146.0
151.0
144.0
180.0
145.0
184.0
146.0
149.0
148.0
150.0
183.0
150.0
183.0
144.0
181.0
146.0
186.0
150.0
146.0
185.0
142.0
178.0
149.0
178.0
149.0
155.0
149.0
144.0
181.0
146.0
146.0
150.0
178.0
146.0
181.0
149.0
180.0
144.0
183.0
198.0
174.0
147.0
181.0
155.0
152.0
181.0
149.0
185.0
149.0
180.0
153.0
149.0
183.0
249.0
149.0
155.0
149.0
174.0
153.0
180.0
150.0
181.0
142.0
182.0
145.0
181.0
146.0
145.0
181.0
149.0
182.0
146.0
174.0
152.0
178.0
143.0
132.0
180.0
152.0
181.0
145.0
149.0
176.0
147.0
177.0
148.0
145.0
148.0
179.0
151.0
150.0
178.0
152.0
182.0
154.0
178.0
146.0
181.0
150.0
199.0
147.0
152.0
181.0
146.0
180.0
154.0
147.0
177.0
153.0
149.0
179.0
149.0
146.0
181.0
110.0
192.0
150.0
180.0
148.0
177.0
153.0
179.0
148.0
183.0
140.0
185.0
140.0
179.0
149.0
148.0
178.0
150.0
150.0
178.0
151.0
149.0
181.0
154.0
181.0
146.0
178.0
145.0
177.0
148.0
146.0
144.0
170.0
145.0
176.0
140.0
149.0
177.0
146.0
137.0
149.0
154.0
177.0
151.0
182.0
148.0
180.0
144.0
181.0
149.0
148.0
145.0
152.0
149.0
141.0
154.0
181.0
432.0
146.0
143.0
178.0
154.0
183.0
146.0
150.0
147.0
178.0
150.0
150.0
179.0
148.0
182.0
148.0
154.0
147.0
183.0
146.0
179.0
147.0
153.0
153.0
184.0
149.0
154.0
149.0
150.0
149.0
181.0
148.0
178.0
149.0
178.0
145.0
142.0
181.0
144.0
150.0
181.0
142.0
182.0
155.0
153.0
146.0
183.0
146.0
149.0
202.0
149.0
183.0
149.0
181.0
149.0
180.0
151.0
150.0
182.0
149.0
147.0
145.0
182.0
148.0
178.0
155.0
182.0
148.0
181.0
154.0
146.0
148.0
144.0
182.0
146.0
181.0
149.0
151.0
182.0
191.0
178.0
149.0
185.0
150.0
181.0
145.0
148.0
149.0
148.0
153.0
179.0
148.0
178.0
149.0
147.0
149.0
149.0
184.0
154.0
151.0
178.0
152.0
180.0
149.0
180.0
153.0
152.0
150.0
152.0
175.0
154.0
148.0
139.0
183.0
153.0
149.0
180.0
146.0
149.0
152.0
178.0
145.0
180.0
150.0
150.0
150.0
177.0
154.0
150.0
177.0
138.0
174.0
149.0
181.0
141.0
151.0
185.0
144.0
183.0
149.0
182.0
153.0
143.0
176.0
151.0
177.0
141.0
182.0
145.0
179.0
144.0
180.0
145.0
186.0
147.0
184.0
149.0
182.0
145.0
180.0
147.0
186.0
154.0
149.0
178.0
150.0
144.0
178.0
151.0
178.0
156.0
146.0
146.0
176.0
148.0
146.0
149.0
140.0
182.0
147.0
153.0
184.0
142.0
183.0
145.0
180.0
151.0
179.0
148.0
179.0
149.0
178.0
146.0
153.0
178.0
146.0
150.0
149.0
146.0
200.0
177.0
149.0
184.0
151.0
182.0
150.0
146.0
183.0
149.0
152.0
149.0
197.0
149.0
150.0
146.0
137.0
184.0
146.0
182.0
148.0
148.0
185.0
146.0
181.0
149.0
183.0
153.0
179.0
141.0
183.0
146.0
181.0
148.0
148.0
134.0
184.0
147.0
181.0
147.0
147.0
181.0
145.0
181.0
142.0
184.0
149.0
178.0
150.0
542.0
142.0
180.0
152.0
178.0
135.0
182.0
146.0
180.0
149.0
179.0
149.0
182.0
145.0
174.0
146.0
184.0
153.0
151.0
150.0
179.0
144.0
177.0
145.0
181.0
148.0
146.0
178.0
148.0
146.0
177.0
142.0
125.0
187.0
144.0
182.0
148.0
182.0
145.0
144.0
175.0
154.0
149.0
203.0
182.0
148.0
146.0
180.0
145.0
127.0
149.0
180.0
221.0
148.0
150.0
144.0
