98.0
100.0
99.0
96.0
97.0
127.0
99.0
131.0
97.0
130.0
97.0
97.0
99.0
129.0
96.0
131.0
97.0
130.0
125.0
97.0
132.0
95.0
128.0
91.0
98.0
99.0
98.0
126.0
95.0
90.0
128.0
95.0
97.0
86.0
130.0
100.0
128.0
102.0
133.0
98.0
131.0
97.0
127.0
91.0
130.0
95.0
132.0
96.0
129.0
95.0
98.0
92.0
136.0
96.0
133.0
99.0
130.0
101.0
100.0
97.0
130.0
102.0
94.0
100.0
130.0
98.0
99.0
129.0
99.0
94.0
100.0
97.0
133.0
100.0
93.0
99.0
133.0
97.0
126.0
82.0
126.0
97.0
130.0
97.0
96.0
95.0
125.0
97.0
130.0
94.0
127.0
94.0
130.0
96.0
130.0
98.0
133.0
97.0
93.0
130.0
97.0
97.0
130.0
96.0
130.0
88.0
130.0
94.0
132.0
96.0
125.0
424.0
96.0
130.0
98.0
132.0
98.0
127.0
100.0
129.0
93.0
130.0
89.0
133.0
100.0
98.0
130.0
101.0
127.0
95.0
129.0
87.0
101.0
122.0
86.0
132.0
98.0
131.0
97.0
132.0
88.0
98.0
99.0
133.0
96.0
96.0
102.0
133.0
96.0
95.0
129.0
97.0
133.0
94.0
126.0
100.0
122.0
96.0
98.0
133.0
96.0
129.0
94.0
94.0
97.0
126.0
95.0
128.0
98.0
94.0
126.0
96.0
134.0
100.0
132.0
104.0
128.0
100.0
129.0
96.0
130.0
98.0
132.0
97.0
130.0
96.0
94.0
131.0
89.0
131.0
92.0
127.0
93.0
134.0
94.0
131.0
98.0
93.0
132.0
94.0
132.0
98.0
94.0
125.0
96.0
127.0
97.0
133.0
82.0
128.0
89.0
126.0
67.0
139.0
94.0
129.0
91.0
133.0
96.0
389.0
126.0
98.0
130.0
98.0
129.0
97.0
129.0
96.0
125.0
96.0
126.0
102.0
134.0
95.0
131.0
93.0
99.0
128.0
98.0
99.0
99.0
100.0
96.0
127.0
97.0
96.0
101.0
98.0
98.0
90.0
133.0
97.0
96.0
97.0
98.0
132.0
100.0
131.0
98.0
129.0
97.0
130.0
99.0
130.0
94.0
100.0
129.0
93.0
132.0
95.0
129.0
93.0
128.0
101.0
130.0
99.0
127.0
98.0
132.0
97.0
101.0
125.0
484.0
130.0
97.0
96.0
128.0
93.0
129.0
85.0
131.0
95.0
127.0
96.0
128.0
97.0
93.0
97.0
95.0
125.0
97.0
125.0
101.0
95.0
97.0
98.0
128.0
97.0
134.0
96.0
91.0
128.0
90.0
133.0
97.0
132.0
96.0
129.0
95.0
129.0
96.0
125.0
95.0
123.0
97.0
98.0
98.0
132.0
98.0
181.0
130.0
99.0
101.0
129.0
89.0
128.0
96.0
131.0
92.0
95.0
102.0
131.0
97.0
96.0
132.0
84.0
130.0
98.0
129.0
96.0
97.0
481.0
101.0
102.0
98.0
131.0
99.0
130.0
96.0
128.0
100.0
131.0
91.0
134.0
100.0
94.0
97.0
129.0
96.0
95.0
365.0
97.0
93.0
133.0
102.0
104.0
126.0
91.0
130.0
98.0
132.0
96.0
90.0
98.0
97.0
132.0
96.0
132.0
96.0
134.0
97.0
99.0
134.0
97.0
83.0
132.0
98.0
129.0
99.0
94.0
98.0
102.0
129.0
100.0
130.0
96.0
125.0
103.0
136.0
102.0
99.0
94.0
97.0
98.0
128.0
106.0
93.0
126.0
97.0
128.0
93.0
93.0
126.0
98.0
129.0
96.0
130.0
96.0
128.0
99.0
125.0
98.0
97.0
132.0
98.0
128.0
98.0
98.0
125.0
465.0
130.0
94.0
124.0
100.0
130.0
100.0
129.0
95.0
98.0
132.0
96.0
131.0
95.0
97.0
129.0
99.0
98.0
93.0
91.0
129.0
96.0
93.0
99.0
133.0
102.0
93.0
95.0
97.0
130.0
93.0
129.0
102.0
130.0
94.0
99.0
132.0
95.0
129.0
96.0
98.0
100.0
130.0
93.0
96.0
132.0
97.0
95.0
94.0
305.0
98.0
98.0
130.0
99.0
96.0
128.0
100.0
100.0
133.0
98.0
98.0
130.0
99.0
130.0
98.0
95.0
131.0
98.0
130.0
99.0
96.0
98.0
98.0
100.0
128.0
85.0
96.0
130.0
98.0
93.0
126.0
96.0
133.0
98.0
128.0
102.0
128.0
94.0
97.0
129.0
93.0
100.0
97.0
130.0
101.0
131.0
98.0
130.0
98.0
131.0
95.0
98.0
125.0
98.0
87.0
130.0
101.0
129.0
96.0
127.0
98.0
132.0
97.0
97.0
99.0
97.0
133.0
96.0
96.0
97.0
134.0
100.0
130.0
97.0
128.0
98.0
97.0
129.0
100.0
128.0
94.0
94.0
99.0
131.0
98.0
99.0
132.0
94.0
124.0
96.0
129.0
102.0
97.0
133.0
97.0
128.0
97.0
129.0
90.0
130.0
98.0
96.0
130.0
98.0
133.0
98.0
84.0
126.0
96.0
125.0
97.0
123.0
100.0
129.0
101.0
98.0
130.0
101.0
81.0
131.0
99.0
131.0
105.0
129.0
98.0
133.0
97.0
96.0
98.0
132.0
90.0
130.0
98.0
90.0
130.0
98.0
94.0
129.0
101.0
99.0
131.0
93.0
134.0
98.0
131.0
97.0
97.0
132.0
98.0
94.0
96.0
325.0
99.0
96.0
131.0
98.0
132.0
101.0
99.0
132.0
94.0
101.0
100.0
129.0
95.0
128.0
94.0
99.0
94.0
130.0
99.0
97.0
96.0
130.0
98.0
126.0
92.0
92.0
92.0
123.0
91.0
92.0
97.0
132.0
95.0
132.0
94.0
100.0
128.0
97.0
122.0
100.0
132.0
100.0
130.0
99.0
132.0
96.0
124.0
98.0
99.0
130.0
197.0
100.0
132.0
101.0
128.0
96.0
94.0
132.0
102.0
134.0
93.0
99.0
99.0
100.0
131.0
100.0
130.0
92.0
128.0
96.0
129.0
562.0
132.0
104.0
99.0
129.0
102.0
98.0
129.0
95.0
131.0
90.0
128.0
96.0
129.0
98.0
98.0
101.0
130.0
102.0
128.0
98.0
126.0
99.0
135.0
98.0
132.0
97.0
130.0
93.0
523.0
81.0
137.0
96.0
130.0
95.0
102.0
129.0
94.0
97.0
125.0
89.0
133.0
102.0
102.0
129.0
89.0
129.0
97.0
101.0
98.0
98.0
131.0
98.0
129.0
97.0
130.0
87.0
125.0
98.0
129.0
92.0
98.0
96.0
97.0
97.0
131.0
96.0
91.0
133.0
96.0
132.0
90.0
129.0
97.0
100.0
128.0
93.0
92.0
130.0
90.0
123.0
97.0
98.0
128.0
94.0
132.0
90.0
99.0
129.0
454.0
93.0
96.0
130.0
92.0
96.0
129.0
96.0
98.0
97.0
128.0
97.0
131.0
122.0
91.0
130.0
96.0
97.0
133.0
102.0
101.0
94.0
100.0
132.0
97.0
100.0
96.0
95.0
100.0
97.0
133.0
100.0
132.0
93.0
132.0
94.0
130.0
101.0
129.0
98.0
131.0
97.0
131.0
92.0
131.0
97.0
96.0
97.0
541.0
132.0
99.0
126.0
96.0
126.0
107.0
126.0
98.0
132.0
100.0
99.0
103.0
131.0
86.0
133.0
97.0
136.0
90.0
122.0
101.0
129.0
95.0
98.0
125.0
101.0
133.0
96.0
98.0
100.0
83.0
130.0
97.0
97.0
127.0
93.0
133.0
98.0
131.0
96.0
133.0
97.0
129.0
80.0
100.0
129.0
96.0
129.0
97.0
126.0
98.0
130.0
98.0
132.0
98.0
132.0
93.0
93.0
129.0
100.0
131.0
101.0
86.0
99.0
100.0
132.0
100.0
97.0
130.0
92.0
129.0
100.0
130.0
97.0
92.0
98.0
228.0
131.0
100.0
125.0
93.0
126.0
100.0
96.0
130.0
100.0
126.0
97.0
129.0
98.0
129.0
100.0
94.0
97.0
130.0
96.0
125.0
94.0
101.0
131.0
97.0
128.0
91.0
98.0
129.0
99.0
129.0
97.0
133.0
95.0
130.0
96.0
97.0
129.0
96.0
129.0
93.0
129.0
99.0
105.0
89.0
129.0
96.0
137.0
104.0
124.0
97.0
98.0
98.0
94.0
129.0
101.0
128.0
98.0
128.0
97.0
98.0
83.0
133.0
96.0
96.0
101.0
125.0
94.0
98.0
130.0
96.0
129.0
98.0
98.0
101.0
89.0
132.0
97.0
129.0
97.0
129.0
97.0
134.0
100.0
97.0
101.0
128.0
98.0
126.0
97.0
99.0
137.0
97.0
130.0
97.0
131.0
82.0
129.0
100.0
96.0
132.0
94.0
130.0
92.0
130.0
98.0
96.0
95.0
100.0
130.0
96.0
133.0
94.0
97.0
125.0
94.0
131.0
96.0
129.0
96.0
100.0
130.0
95.0
129.0
78.0
136.0
95.0
186.0
133.0
94.0
128.0
97.0
128.0
93.0
408.0
130.0
100.0
98.0
96.0
131.0
98.0
100.0
132.0
98.0
96.0
128.0
80.0
132.0
91.0
98.0
102.0
98.0
99.0
124.0
98.0
133.0
96.0
126.0
97.0
97.0
125.0
104.0
98.0
130.0
96.0
132.0
98.0
98.0
128.0
98.0
125.0
97.0
125.0
98.0
129.0
90.0
131.0
94.0
130.0
98.0
129.0
98.0
98.0
94.0
127.0
91.0
130.0
96.0
133.0
103.0
98.0
97.0
99.0
96.0
129.0
100.0
98.0
86.0
130.0
92.0
132.0
101.0
130.0
96.0
130.0
98.0
130.0
92.0
132.0
100.0
126.0
99.0
95.0
132.0
96.0
98.0
124.0
100.0
126.0
93.0
126.0
104.0
130.0
99.0
98.0
96.0
128.0
99.0
125.0
96.0
129.0
96.0
133.0
95.0
126.0
93.0
132.0
98.0
129.0
92.0
129.0
88.0
132.0
104.0
129.0
97.0
99.0
130.0
93.0
125.0
97.0
93.0
98.0
130.0
97.0
98.0
131.0
93.0
130.0
97.0
133.0
97.0
98.0
299.0
130.0
94.0
85.0
125.0
97.0
131.0
101.0
94.0
97.0
126.0
96.0
96.0
134.0
96.0
126.0
90.0
129.0
95.0
126.0
95.0
132.0
97.0
133.0
101.0
97.0
128.0
98.0
96.0
129.0
101.0
98.0
98.0
100.0
100.0
130.0
96.0
98.0
133.0
96.0
125.0
99.0
132.0
100.0
129.0
97.0
129.0
94.0
126.0
93.0
100.0
125.0
91.0
128.0
94.0
133.0
97.0
130.0
99.0
100.0
97.0
95.0
100.0
129.0
100.0
133.0
98.0
131.0
93.0
130.0
99.0
93.0
94.0
86.0
131.0
97.0
99.0
129.0
97.0
128.0
94.0
97.0
98.0
96.0
100.0
137.0
95.0
96.0
130.0
96.0
130.0
98.0
130.0
95.0
129.0
95.0
100.0
97.0
126.0
97.0
128.0
100.0
98.0
94.0
97.0
130.0
96.0
130.0
90.0
100.0
129.0
98.0
93.0
133.0
100.0
96.0
98.0
90.0
132.0
92.0
129.0
98.0
130.0
93.0
101.0
97.0
97.0
132.0
97.0
283.0
101.0
99.0
129.0
96.0
126.0
98.0
133.0
94.0
96.0
99.0
56.0
146.0
97.0
97.0
98.0
131.0
98.0
131.0
97.0
100.0
133.0
90.0
134.0
100.0
97.0
94.0
133.0
94.0
129.0
74.0
137.0
94.0
96.0
100.0
131.0
100.0
90.0
97.0
130.0
98.0
87.0
133.0
97.0
93.0
94.0
96.0
98.0
98.0
125.0
102.0
102.0
131.0
96.0
93.0
98.0
129.0
101.0
102.0
91.0
99.0
132.0
97.0
129.0
94.0
94.0
129.0
94.0
93.0
128.0
98.0
126.0
100.0
129.0
100.0
98.0
91.0
100.0
96.0
97.0
131.0
98.0
96.0
129.0
96.0
100.0
130.0
99.0
129.0
95.0
93.0
101.0
129.0
96.0
98.0
132.0
90.0
136.0
98.0
96.0
101.0
86.0
128.0
96.0
95.0
134.0
100.0
97.0
98.0
129.0
92.0
93.0
131.0
98.0
128.0
94.0
130.0
100.0
100.0
126.0
99.0
130.0
99.0
127.0
96.0
130.0
100.0
130.0
96.0
99.0
128.0
80.0
217.0
96.0
129.0
195.0
130.0
91.0
77.0
133.0
93.0
88.0
94.0
94.0
98.0
98.0
125.0
94.0
98.0
133.0
98.0
129.0
97.0
122.0
90.0
96.0
130.0
97.0
80.0
99.0
101.0
129.0
98.0
94.0
91.0
126.0
98.0
99.0
131.0
97.0
98.0
129.0
101.0
136.0
97.0
130.0
99.0
96.0
98.0
99.0
133.0
98.0
133.0
95.0
100.0
131.0
97.0
98.0
100.0
129.0
93.0
97.0
129.0
94.0
97.0
96.0
130.0
95.0
90.0
100.0
101.0
131.0
98.0
96.0
130.0
96.0
98.0
131.0
97.0
129.0
99.0
128.0
98.0
99.0
131.0
99.0
130.0
100.0
126.0
96.0
89.0
132.0
96.0
96.0
129.0
93.0
126.0
92.0
128.0
98.0
84.0
130.0
93.0
132.0
96.0
132.0
98.0
133.0
110.0
96.0
128.0
98.0
123.0
98.0
90.0
99.0
94.0
125.0
97.0
98.0
100.0
133.0
301.0
91.0
98.0
100.0
128.0
97.0
94.0
97.0
129.0
93.0
94.0
97.0
97.0
100.0
99.0
98.0
130.0
86.0
507.0
129.0
90.0
134.0
101.0
72.0
132.0
97.0
130.0
97.0
102.0
133.0
94.0
99.0
129.0
98.0
128.0
91.0
128.0
99.0
212.0
132.0
97.0
125.0
97.0
137.0
96.0
129.0
100.0
122.0
101.0
127.0
96.0
130.0
96.0
98.0
131.0
98.0
130.0
100.0
130.0
97.0
95.0
132.0
95.0
129.0
85.0
126.0
97.0
96.0
129.0
98.0
100.0
130.0
99.0
131.0
90.0
134.0
95.0
128.0
96.0
134.0
98.0
133.0
96.0
100.0
98.0
130.0
93.0
96.0
134.0
101.0
131.0
94.0
126.0
96.0
130.0
90.0
134.0
94.0
99.0
129.0
93.0
132.0
96.0
129.0
98.0
130.0
93.0
98.0
129.0
102.0
94.0
131.0
101.0
130.0
97.0
93.0
130.0
96.0
130.0
237.0
97.0
132.0
97.0
98.0
97.0
129.0
97.0
132.0
207.0
129.0
98.0
96.0
130.0
98.0
125.0
91.0
135.0
86.0
133.0
98.0
126.0
90.0
132.0
106.0
98.0
129.0
98.0
128.0
97.0
132.0
97.0
134.0
95.0
94.0
99.0
123.0
89.0
97.0
100.0
100.0
125.0
94.0
99.0
94.0
130.0
98.0
128.0
96.0
128.0
101.0
130.0
91.0
130.0
96.0
133.0
84.0
130.0
97.0
98.0
130.0
96.0
96.0
129.0
99.0
97.0
98.0
86.0
133.0
97.0
130.0
98.0
130.0
96.0
98.0
132.0
100.0
133.0
98.0
129.0
93.0
130.0
96.0
132.0
98.0
126.0
101.0
131.0
96.0
131.0
101.0
128.0
98.0
130.0
102.0
97.0
94.0
96.0
101.0
99.0
97.0
96.0
129.0
99.0
130.0
96.0
98.0
93.0
133.0
96.0
96.0
128.0
97.0
128.0
96.0
126.0
96.0
100.0
126.0
96.0
126.0
96.0
132.0
98.0
85.0
134.0
95.0
130.0
91.0
130.0
97.0
95.0
106.0
97.0
128.0
96.0
129.0
102.0
132.0
99.0
134.0
91.0
130.0
100.0
128.0
98.0
124.0
98.0
131.0
98.0
130.0
95.0
132.0
93.0
99.0
129.0
101.0
100.0
97.0
130.0
101.0
130.0
101.0
128.0
96.0
131.0
99.0
131.0
101.0
99.0
100.0
126.0
90.0
127.0
98.0
133.0
94.0
132.0
98.0
90.0
99.0
97.0
126.0
100.0
129.0
97.0
133.0
98.0
177.0
130.0
246.0
130.0
100.0
128.0
102.0
124.0
96.0
130.0
96.0
97.0
100.0
131.0
100.0
100.0
129.0
96.0
96.0
134.0
84.0
129.0
85.0
130.0
94.0
130.0
100.0
130.0
91.0
100.0
96.0
95.0
92.0
133.0
97.0
97.0
132.0
96.0
96.0
127.0
101.0
130.0
95.0
130.0
100.0
124.0
100.0
96.0
98.0
98.0
100.0
92.0
129.0
94.0
88.0
132.0
97.0
132.0
93.0
131.0
98.0
123.0
93.0
94.0
85.0
134.0
95.0
98.0
130.0
98.0
98.0
123.0
96.0
129.0
97.0
130.0
98.0
94.0
95.0
130.0
98.0
100.0
97.0
99.0
127.0
90.0
132.0
98.0
130.0
97.0
130.0
99.0
130.0
99.0
130.0
95.0
130.0
90.0
133.0
99.0
131.0
102.0
98.0
98.0
101.0
98.0
96.0
129.0
91.0
97.0
89.0
102.0
130.0
98.0
129.0
96.0
129.0
101.0
132.0
68.0
142.0
95.0
129.0
85.0
128.0
168.0
94.0
132.0
98.0
133.0
97.0
126.0
229.0
131.0
91.0
134.0
93.0
131.0
94.0
129.0
96.0
131.0
94.0
131.0
98.0
98.0
131.0
97.0
126.0
94.0
97.0
93.0
130.0
97.0
100.0
129.0
96.0
130.0
96.0
129.0
96.0
128.0
97.0
96.0
98.0
99.0
100.0
126.0
98.0
132.0
91.0
126.0
100.0
125.0
97.0
123.0
96.0
101.0
96.0
128.0
99.0
125.0
97.0
98.0
122.0
94.0
132.0
97.0
126.0
99.0
99.0
128.0
94.0
130.0
93.0
98.0
130.0
93.0
147.0
97.0
96.0
97.0
130.0
98.0
127.0
98.0
132.0
97.0
97.0
128.0
100.0
125.0
94.0
98.0
130.0
94.0
100.0
129.0
91.0
134.0
101.0
100.0
132.0
101.0
129.0
98.0
130.0
101.0
92.0
96.0
87.0
99.0
133.0
215.0
131.0
95.0
127.0
95.0
135.0
98.0
128.0
96.0
130.0
96.0
132.0
99.0
128.0
98.0
132.0
98.0
126.0
94.0
128.0
96.0
132.0
98.0
134.0
97.0
96.0
130.0
95.0
133.0
100.0
96.0
130.0
89.0
130.0
91.0
133.0
95.0
130.0
96.0
132.0
97.0
130.0
95.0
102.0
97.0
90.0
129.0
97.0
129.0
91.0
96.0
131.0
99.0
128.0
98.0
128.0
96.0
128.0
98.0
130.0
100.0
125.0
94.0
94.0
96.0
97.0
132.0
96.0
125.0
98.0
131.0
97.0
98.0
97.0
90.0
128.0
98.0
95.0
95.0
97.0
124.0
101.0
99.0
98.0
131.0
100.0
131.0
252.0
126.0
94.0
100.0
134.0
83.0
133.0
96.0
125.0
100.0
129.0
228.0
98.0
95.0
93.0
129.0
97.0
101.0
129.0
96.0
94.0
129.0
100.0
92.0
98.0
128.0
94.0
125.0
101.0
131.0
100.0
96.0
132.0
101.0
130.0
97.0
126.0
93.0
96.0
97.0
134.0
101.0
128.0
100.0
93.0
126.0
94.0
181.0
98.0
102.0
130.0
183.0
131.0
98.0
129.0
101.0
127.0
98.0
131.0
93.0
100.0
135.0
93.0
130.0
101.0
132.0
96.0
130.0
103.0
94.0
132.0
98.0
74.0
135.0
94.0
129.0
97.0
126.0
89.0
100.0
129.0
99.0
218.0
193.0
96.0
96.0
129.0
101.0
98.0
129.0
100.0
132.0
96.0
131.0
94.0
126.0
98.0
130.0
99.0
136.0
97.0
130.0
100.0
98.0
130.0
98.0
131.0
96.0
131.0
99.0
131.0
102.0
101.0
131.0
93.0
84.0
130.0
98.0
126.0
101.0
131.0
87.0
97.0
131.0
180.0
126.0
99.0
130.0
93.0
131.0
97.0
94.0
91.0
125.0
83.0
94.0
130.0
99.0
96.0
94.0
95.0
98.0
128.0
97.0
131.0
103.0
97.0
93.0
131.0
88.0
132.0
347.0
130.0
96.0
98.0
132.0
90.0
129.0
100.0
97.0
95.0
125.0
97.0
102.0
132.0
97.0
94.0
98.0
93.0
100.0
97.0
93.0
101.0
130.0
93.0
98.0
93.0
128.0
94.0
91.0
129.0
98.0
133.0
86.0
128.0
93.0
96.0
96.0
130.0
97.0
129.0
100.0
98.0
129.0
99.0
99.0
99.0
134.0
97.0
133.0
93.0
130.0
98.0
131.0
94.0
137.0
90.0
130.0
96.0
125.0
97.0
130.0
97.0
99.0
127.0
97.0
96.0
129.0
101.0
126.0
98.0
93.0
97.0
125.0
100.0
98.0
129.0
92.0
132.0
94.0
100.0
128.0
86.0
129.0
100.0
130.0
97.0
325.0
130.0
96.0
100.0
475.0
91.0
96.0
128.0
97.0
130.0
95.0
98.0
127.0
98.0
101.0
102.0
128.0
98.0
101.0
95.0
101.0
99.0
100.0
129.0
101.0
102.0
100.0
99.0
96.0
126.0
95.0
130.0
96.0
98.0
128.0
102.0
98.0
101.0
94.0
102.0
133.0
85.0
104.0
129.0
101.0
94.0
129.0
96.0
100.0
94.0
125.0
99.0
93.0
130.0
98.0
124.0
101.0
96.0
133.0
103.0
132.0
94.0
131.0
97.0
126.0
95.0
97.0
73.0
134.0
86.0
134.0
99.0
125.0
100.0
96.0
98.0
131.0
100.0
96.0
97.0
133.0
91.0
94.0
98.0
130.0
96.0
97.0
93.0
130.0
101.0
97.0
97.0
125.0
97.0
188.0
93.0
130.0
96.0
464.0
98.0
130.0
96.0
100.0
130.0
94.0
128.0
98.0
133.0
96.0
130.0
98.0
96.0
130.0
98.0
100.0
128.0
90.0
130.0
98.0
96.0
133.0
100.0
91.0
98.0
94.0
101.0
129.0
94.0
129.0
93.0
96.0
90.0
130.0
99.0
101.0
95.0
96.0
97.0
124.0
94.0
128.0
96.0
101.0
96.0
126.0
90.0
128.0
93.0
100.0
133.0
99.0
133.0
99.0
92.0
97.0
97.0
125.0
98.0
126.0
96.0
128.0
97.0
96.0
96.0
132.0
98.0
96.0
128.0
91.0
125.0
101.0
94.0
128.0
98.0
137.0
97.0
96.0
130.0
98.0
99.0
97.0
132.0
100.0
130.0
93.0
131.0
90.0
132.0
98.0
132.0
86.0
130.0
84.0
132.0
101.0
100.0
95.0
128.0
95.0
98.0
92.0
101.0
133.0
101.0
94.0
125.0
99.0
93.0
130.0
97.0
93.0
131.0
96.0
134.0
102.0
134.0
89.0
129.0
93.0
129.0
100.0
98.0
133.0
100.0
98.0
93.0
351.0
99.0
181.0
123.0
95.0
126.0
86.0
132.0
100.0
130.0
225.0
126.0
95.0
131.0
98.0
129.0
98.0
96.0
132.0
94.0
97.0
94.0
93.0
126.0
96.0
96.0
129.0
102.0
95.0
130.0
96.0
130.0
96.0
132.0
101.0
96.0
99.0
132.0
100.0
127.0
98.0
133.0
96.0
132.0
101.0
130.0
101.0
97.0
132.0
97.0
96.0
125.0
97.0
129.0
98.0
127.0
97.0
130.0
98.0
98.0
100.0
96.0
98.0
130.0
100.0
132.0
96.0
135.0
74.0
137.0
96.0
96.0
127.0
94.0
96.0
97.0
131.0
102.0
101.0
98.0
98.0
125.0
95.0
135.0
94.0
131.0
87.0
128.0
97.0
97.0
98.0
132.0
96.0
131.0
96.0
96.0
130.0
96.0
100.0
127.0
220.0
129.0
96.0
97.0
133.0
102.0
98.0
90.0
130.0
94.0
132.0
494.0
133.0
97.0
96.0
97.0
98.0
132.0
104.0
100.0
96.0
95.0
134.0
98.0
96.0
125.0
96.0
133.0
97.0
98.0
98.0
133.0
96.0
128.0
93.0
92.0
132.0
98.0
133.0
98.0
130.0
96.0
126.0
98.0
100.0
100.0
127.0
99.0
130.0
91.0
96.0
124.0
98.0
133.0
98.0
131.0
94.0
132.0
101.0
131.0
98.0
94.0
100.0
128.0
99.0
129.0
98.0
123.0
98.0
101.0
124.0
96.0
87.0
130.0
99.0
130.0
94.0
94.0
100.0
87.0
133.0
93.0
127.0
98.0
94.0
95.0
100.0
94.0
126.0
96.0
131.0
98.0
130.0
94.0
99.0
101.0
132.0
98.0
129.0
104.0
132.0
100.0
128.0
92.0
98.0
129.0
89.0
130.0
99.0
101.0
130.0
97.0
129.0
97.0
128.0
93.0
98.0
129.0
97.0
99.0
94.0
91.0
98.0
126.0
94.0
132.0
99.0
133.0
96.0
131.0
99.0
95.0
96.0
130.0
94.0
131.0
96.0
126.0
90.0
128.0
100.0
97.0
127.0
87.0
129.0
94.0
97.0
131.0
102.0
129.0
97.0
129.0
96.0
97.0
129.0
95.0
129.0
97.0
129.0
101.0
129.0
98.0
132.0
98.0
129.0
103.0
132.0
101.0
131.0
96.0
98.0
126.0
99.0
100.0
129.0
94.0
101.0
97.0
128.0
97.0
129.0
94.0
132.0
101.0
97.0
97.0
124.0
94.0
126.0
98.0
96.0
95.0
130.0
96.0
92.0
128.0
99.0
539.0
129.0
98.0
100.0
98.0
128.0
100.0
98.0
126.0
98.0
99.0
134.0
100.0
94.0
133.0
97.0
99.0
133.0
84.0
97.0
130.0
98.0
102.0
131.0
100.0
132.0
98.0
128.0
95.0
95.0
98.0
94.0
131.0
95.0
97.0
128.0
94.0
134.0
102.0
130.0
97.0
130.0
90.0
98.0
126.0
100.0
98.0
130.0
98.0
131.0
94.0
100.0
96.0
130.0
98.0
128.0
98.0
132.0
86.0
129.0
96.0
96.0
126.0
100.0
130.0
237.0
133.0
96.0
90.0
129.0
106.0
97.0
130.0
96.0
130.0
96.0
127.0
84.0
131.0
97.0
93.0
102.0
130.0
93.0
98.0
96.0
98.0
97.0
95.0
132.0
99.0
100.0
98.0
131.0
97.0
94.0
129.0
94.0
129.0
98.0
100.0
125.0
88.0
131.0
98.0
133.0
100.0
93.0
128.0
98.0
133.0
88.0
133.0
101.0
127.0
99.0
130.0
97.0
99.0
96.0
129.0
89.0
95.0
131.0
97.0
131.0
93.0
95.0
128.0
95.0
132.0
87.0
133.0
99.0
125.0
253.0
130.0
87.0
128.0
93.0
131.0
96.0
129.0
97.0
133.0
98.0
130.0
97.0
99.0
128.0
97.0
126.0
93.0
128.0
95.0
129.0
94.0
91.0
126.0
102.0
130.0
98.0
104.0
129.0
94.0
130.0
96.0
130.0
96.0
96.0
132.0
89.0
523.0
132.0
88.0
102.0
92.0
96.0
96.0
128.0
98.0
95.0
86.0
133.0
94.0
125.0
97.0
97.0
133.0
94.0
96.0
128.0
97.0
125.0
98.0
98.0
89.0
126.0
102.0
92.0
130.0
100.0
130.0
99.0
131.0
96.0
130.0
98.0
130.0
96.0
125.0
98.0
92.0
98.0
130.0
97.0
440.0
130.0
91.0
98.0
99.0
128.0
90.0
125.0
101.0
129.0
89.0
132.0
98.0
101.0
98.0
128.0
94.0
125.0
96.0
97.0
124.0
96.0
89.0
130.0
97.0
133.0
98.0
130.0
101.0
96.0
128.0
96.0
98.0
96.0
132.0
98.0
97.0
139.0
95.0
102.0
129.0
103.0
95.0
124.0
96.0
96.0
98.0
96.0
101.0
101.0
98.0
125.0
94.0
130.0
100.0
95.0
132.0
100.0
98.0
134.0
100.0
131.0
93.0
129.0
91.0
129.0
97.0
125.0
93.0
132.0
98.0
130.0
99.0
93.0
96.0
94.0
100.0
100.0
102.0
129.0
92.0
97.0
95.0
126.0
97.0
128.0
98.0
93.0
99.0
129.0
97.0
130.0
97.0
98.0
131.0
98.0
97.0
100.0
93.0
95.0
98.0
126.0
94.0
129.0
96.0
126.0
96.0
132.0
100.0
133.0
93.0
95.0
94.0
130.0
98.0
134.0
100.0
98.0
98.0
94.0
132.0
98.0
94.0
129.0
97.0
134.0
98.0
126.0
94.0
101.0
126.0
96.0
95.0
94.0
130.0
94.0
95.0
93.0
86.0
136.0
91.0
132.0
98.0
130.0
73.0
134.0
96.0
93.0
97.0
129.0
94.0
128.0
104.0
128.0
53.0
153.0
97.0
128.0
102.0
129.0
98.0
100.0
95.0
98.0
125.0
96.0
133.0
100.0
132.0
100.0
131.0
95.0
97.0
135.0
94.0
129.0
99.0
128.0
97.0
97.0
97.0
85.0
100.0
132.0
357.0
131.0
193.0
100.0
99.0
130.0
98.0
134.0
100.0
128.0
90.0
130.0
345.0
127.0
96.0
132.0
340.0
132.0
93.0
128.0
94.0
127.0
96.0
129.0
85.0
124.0
94.0
129.0
96.0
97.0
129.0
101.0
130.0
97.0
130.0
97.0
130.0
96.0
102.0
123.0
96.0
95.0
129.0
96.0
129.0
321.0
101.0
96.0
127.0
96.0
96.0
131.0
98.0
132.0
94.0
129.0
98.0
94.0
96.0
98.0
125.0
97.0
98.0
104.0
98.0
127.0
101.0
128.0
84.0
94.0
128.0
98.0
134.0
96.0
97.0
130.0
93.0
128.0
98.0
96.0
96.0
88.0
101.0
94.0
127.0
94.0
130.0
96.0
74.0
136.0
99.0
98.0
125.0
69.0
134.0
99.0
134.0
91.0
100.0
95.0
98.0
125.0
98.0
98.0
93.0
93.0
93.0
129.0
100.0
100.0
128.0
94.0
132.0
99.0
133.0
100.0
130.0
89.0
130.0
101.0
128.0
86.0
136.0
97.0
100.0
96.0
130.0
98.0
130.0
96.0
131.0
93.0
130.0
98.0
99.0
130.0
98.0
129.0
96.0
99.0
134.0
104.0
129.0
101.0
127.0
98.0
129.0
98.0
96.0
133.0
98.0
123.0
97.0
132.0
101.0
130.0
94.0
133.0
108.0
124.0
102.0
98.0
94.0
96.0
128.0
99.0
129.0
98.0
96.0
129.0
101.0
97.0
96.0
124.0
96.0
128.0
525.0
133.0
101.0
97.0
130.0
101.0
128.0
96.0
89.0
132.0
93.0
96.0
127.0
98.0
93.0
134.0
90.0
96.0
129.0
90.0
130.0
96.0
95.0
130.0
94.0
96.0
130.0
67.0
138.0
100.0
101.0
96.0
96.0
98.0
128.0
94.0
97.0
129.0
100.0
130.0
100.0
99.0
126.0
98.0
134.0
100.0
101.0
130.0
94.0
129.0
94.0
82.0
125.0
99.0
126.0
98.0
99.0
130.0
96.0
98.0
133.0
102.0
91.0
130.0
97.0
133.0
90.0
100.0
130.0
402.0
129.0
99.0
101.0
124.0
99.0
127.0
95.0
99.0
96.0
131.0
97.0
96.0
130.0
95.0
130.0
96.0
132.0
97.0
131.0
96.0
94.0
93.0
133.0
100.0
130.0
70.0
142.0
99.0
126.0
98.0
638.0
123.0
99.0
124.0
100.0
93.0
129.0
97.0
97.0
94.0
133.0
94.0
97.0
128.0
94.0
95.0
124.0
98.0
129.0
98.0
97.0
100.0
128.0
78.0
133.0
90.0
130.0
88.0
95.0
98.0
130.0
85.0
88.0
100.0
97.0
97.0
129.0
96.0
94.0
97.0
133.0
101.0
91.0
125.0
96.0
131.0
95.0
130.0
77.0
137.0
97.0
102.0
129.0
97.0
85.0
125.0
96.0
96.0
96.0
98.0
132.0
98.0
97.0
125.0
99.0
133.0
99.0
133.0
94.0
125.0
91.0
97.0
126.0
242.0
130.0
101.0
91.0
130.0
97.0
131.0
97.0
96.0
100.0
125.0
95.0
96.0
97.0
93.0
130.0
95.0
129.0
96.0
130.0
96.0
96.0
132.0
89.0
129.0
96.0
97.0
126.0
97.0
128.0
98.0
97.0
130.0
94.0
97.0
130.0
99.0
98.0
128.0
97.0
97.0
126.0
93.0
101.0
93.0
128.0
86.0
125.0
98.0
82.0
133.0
88.0
132.0
95.0
128.0
96.0
132.0
98.0
96.0
125.0
96.0
134.0
97.0
128.0
95.0
126.0
94.0
127.0
93.0
133.0
97.0
126.0
100.0
97.0
130.0
96.0
96.0
98.0
185.0
130.0
96.0
99.0
132.0
98.0
129.0
99.0
132.0
96.0
96.0
126.0
99.0
91.0
96.0
125.0
53.0
152.0
94.0
98.0
94.0
129.0
93.0
124.0
96.0
99.0
130.0
101.0
91.0
129.0
97.0
203.0
98.0
96.0
99.0
133.0
101.0
128.0
99.0
96.0
128.0
96.0
131.0
97.0
100.0
126.0
98.0
130.0
96.0
93.0
98.0
130.0
96.0
131.0
99.0
96.0
126.0
97.0
90.0
126.0
96.0
90.0
131.0
94.0
97.0
97.0
130.0
210.0
133.0
126.0
126.0
98.0
128.0
95.0
92.0
128.0
95.0
126.0
90.0
132.0
100.0
100.0
98.0
95.0
130.0
94.0
97.0
98.0
133.0
94.0
97.0
132.0
101.0
96.0
101.0
130.0
98.0
99.0
96.0
93.0
86.0
97.0
132.0
101.0
128.0
99.0
94.0
129.0
95.0
94.0
97.0
100.0
96.0
100.0
101.0
94.0
134.0
102.0
131.0
102.0
131.0
99.0
96.0
129.0
97.0
132.0
97.0
132.0
97.0
81.0
132.0
94.0
126.0
100.0
129.0
97.0
129.0
96.0
96.0
130.0
96.0
134.0
98.0
128.0
90.0
129.0
101.0
129.0
97.0
130.0
97.0
127.0
97.0
98.0
101.0
128.0
88.0
129.0
94.0
129.0
93.0
129.0
97.0
100.0
96.0
93.0
131.0
89.0
94.0
131.0
98.0
128.0
97.0
94.0
128.0
100.0
97.0
131.0
86.0
129.0
98.0
130.0
98.0
100.0
132.0
93.0
127.0
100.0
98.0
94.0
75.0
133.0
98.0
96.0
98.0
127.0
100.0
132.0
98.0
101.0
98.0
131.0
90.0
128.0
96.0
132.0
101.0
95.0
128.0
97.0
130.0
100.0
128.0
98.0
132.0
99.0
127.0
93.0
96.0
98.0
96.0
98.0
203.0
95.0
100.0
98.0
131.0
93.0
128.0
98.0
132.0
96.0
130.0
99.0
97.0
97.0
135.0
95.0
101.0
129.0
93.0
130.0
93.0
98.0
129.0
96.0
131.0
99.0
131.0
94.0
98.0
100.0
99.0
130.0
93.0
96.0
98.0
96.0
129.0
94.0
55.0
144.0
101.0
126.0
98.0
97.0
129.0
96.0
98.0
130.0
98.0
93.0
129.0
97.0
125.0
98.0
96.0
85.0
80.0
133.0
96.0
130.0
100.0
94.0
133.0
98.0
100.0
129.0
94.0
89.0
133.0
80.0
132.0
92.0
95.0
130.0
101.0
98.0
99.0
93.0
93.0
134.0
87.0
132.0
96.0
98.0
128.0
100.0
132.0
96.0
130.0
93.0
133.0
102.0
125.0
94.0
128.0
94.0
127.0
94.0
101.0
128.0
91.0
124.0
100.0
133.0
100.0
130.0
418.0
101.0
95.0
100.0
129.0
93.0
129.0
97.0
130.0
190.0
130.0
98.0
96.0
134.0
97.0
93.0
127.0
93.0
130.0
100.0
98.0
130.0
100.0
100.0
125.0
99.0
133.0
95.0
133.0
96.0
99.0
129.0
94.0
136.0
94.0
96.0
125.0
99.0
93.0
135.0
94.0
100.0
98.0
98.0
100.0
102.0
130.0
98.0
93.0
131.0
94.0
132.0
92.0
98.0
86.0
97.0
130.0
94.0
129.0
100.0
97.0
94.0
91.0
129.0
100.0
98.0
131.0
94.0
99.0
96.0
133.0
92.0
98.0
102.0
97.0
94.0
80.0
137.0
99.0
96.0
94.0
98.0
97.0
130.0
94.0
129.0
94.0
129.0
97.0
130.0
93.0
132.0
96.0
97.0
100.0
126.0
98.0
130.0
96.0
97.0
132.0
95.0
97.0
132.0
94.0
126.0
100.0
129.0
98.0
98.0
134.0
98.0
93.0
126.0
98.0
90.0
85.0
126.0
100.0
130.0
94.0
128.0
97.0
127.0
97.0
101.0
93.0
126.0
101.0
133.0
93.0
146.0
100.0
133.0
97.0
96.0
127.0
98.0
97.0
130.0
96.0
96.0
93.0
97.0
96.0
96.0
125.0
100.0
101.0
99.0
98.0
96.0
134.0
91.0
133.0
98.0
130.0
98.0
97.0
132.0
96.0
130.0
93.0
102.0
128.0
98.0
127.0
100.0
130.0
93.0
87.0
131.0
98.0
129.0
94.0
130.0
96.0
129.0
97.0
93.0
126.0
93.0
129.0
98.0
96.0
130.0
96.0
93.0
132.0
97.0
95.0
130.0
95.0
128.0
95.0
98.0
99.0
130.0
91.0
134.0
96.0
130.0
90.0
130.0
100.0
96.0
101.0
130.0
97.0
126.0
98.0
129.0
100.0
130.0
98.0
129.0
97.0
130.0
96.0
128.0
100.0
130.0
94.0
127.0
97.0
130.0
91.0
98.0
133.0
98.0
129.0
97.0
126.0
97.0
125.0
97.0
127.0
190.0
125.0
97.0
130.0
98.0
132.0
99.0
334.0
96.0
127.0
97.0
129.0
96.0
94.0
128.0
95.0
132.0
97.0
97.0
97.0
92.0
95.0
99.0
132.0
98.0
131.0
86.0
128.0
90.0
131.0
92.0
132.0
94.0
125.0
98.0
94.0
99.0
131.0
89.0
129.0
98.0
98.0
130.0
97.0
130.0
98.0
126.0
97.0
85.0
95.0
127.0
100.0
129.0
99.0
101.0
136.0
98.0
130.0
98.0
137.0
98.0
91.0
133.0
93.0
125.0
93.0
131.0
99.0
130.0
94.0
133.0
98.0
125.0
100.0
126.0
97.0
129.0
97.0
96.0
129.0
90.0
129.0
100.0
98.0
93.0
132.0
96.0
130.0
99.0
89.0
97.0
94.0
100.0
93.0
130.0
100.0
129.0
97.0
131.0
97.0
132.0
98.0
132.0
95.0
93.0
97.0
96.0
97.0
130.0
97.0
131.0
470.0
130.0
100.0
128.0
96.0
98.0
99.0
96.0
98.0
123.0
102.0
96.0
98.0
133.0
92.0
125.0
90.0
132.0
94.0
132.0
91.0
134.0
94.0
128.0
101.0
132.0
95.0
129.0
100.0
125.0
97.0
130.0
98.0
128.0
96.0
97.0
90.0
130.0
96.0
129.0
96.0
124.0
96.0
98.0
129.0
94.0
131.0
98.0
133.0
98.0
97.0
98.0
97.0
126.0
96.0
126.0
99.0
97.0
97.0
123.0
99.0
129.0
98.0
128.0
99.0
129.0
97.0
95.0
130.0
93.0
132.0
98.0
97.0
129.0
98.0
133.0
96.0
128.0
99.0
97.0
132.0
514.0
130.0
97.0
130.0
94.0
131.0
93.0
125.0
97.0
96.0
97.0
100.0
128.0
85.0
129.0
394.0
126.0
114.0
134.0
98.0
100.0
99.0
131.0
95.0
97.0
94.0
129.0
99.0
94.0
123.0
101.0
130.0
96.0
132.0
96.0
97.0
95.0
100.0
125.0
88.0
132.0
96.0
93.0
129.0
101.0
128.0
96.0
91.0
132.0
99.0
96.0
125.0
90.0
126.0
103.0
82.0
100.0
131.0
99.0
82.0
131.0
98.0
99.0
130.0
92.0
90.0
128.0
93.0
129.0
103.0
129.0
93.0
97.0
132.0
100.0
90.0
135.0
98.0
128.0
96.0
97.0
129.0
100.0
128.0
95.0
129.0
90.0
123.0
97.0
127.0
97.0
97.0
101.0
128.0
100.0
97.0
96.0
98.0
97.0
101.0
128.0
93.0
133.0
81.0
130.0
96.0
132.0
95.0
91.0
130.0
96.0
96.0
128.0
96.0
99.0
126.0
99.0
133.0
98.0
94.0
100.0
131.0
98.0
132.0
90.0
128.0
96.0
131.0
96.0
130.0
99.0
90.0
130.0
97.0
128.0
98.0
129.0
98.0
128.0
95.0
96.0
100.0
103.0
129.0
92.0
129.0
97.0
99.0
130.0
78.0
136.0
93.0
129.0
92.0
128.0
97.0
100.0
129.0
101.0
133.0
98.0
101.0
92.0
130.0
93.0
101.0
100.0
96.0
93.0
96.0
125.0
96.0
131.0
95.0
126.0
101.0
98.0
129.0
96.0
101.0
125.0
101.0
99.0
98.0
97.0
96.0
130.0
102.0
130.0
96.0
97.0
135.0
92.0
100.0
96.0
90.0
98.0
93.0
128.0
98.0
129.0
96.0
129.0
96.0
96.0
131.0
94.0
98.0
131.0
98.0
98.0
124.0
95.0
132.0
97.0
94.0
129.0
92.0
128.0
97.0
130.0
208.0
96.0
129.0
98.0
90.0
100.0
131.0
98.0
96.0
133.0
101.0
97.0
126.0
98.0
130.0
94.0
130.0
96.0
130.0
98.0
98.0
131.0
99.0
94.0
132.0
96.0
128.0
98.0
132.0
98.0
96.0
129.0
96.0
97.0
91.0
97.0
133.0
96.0
96.0
123.0
98.0
128.0
93.0
93.0
130.0
96.0
99.0
132.0
91.0
99.0
99.0
131.0
102.0
133.0
93.0
128.0
90.0
98.0
130.0
92.0
128.0
98.0
90.0
132.0
99.0
130.0
89.0
97.0
130.0
93.0
87.0
133.0
94.0
129.0
99.0
130.0
97.0
128.0
96.0
132.0
98.0
131.0
98.0
101.0
130.0
97.0
97.0
127.0
97.0
97.0
126.0
104.0
97.0
87.0
133.0
99.0
96.0
98.0
97.0
129.0
97.0
129.0
103.0
130.0
97.0
129.0
100.0
100.0
99.0
97.0
97.0
96.0
133.0
97.0
130.0
97.0
95.0
130.0
97.0
129.0
96.0
86.0
94.0
130.0
100.0
128.0
103.0
99.0
98.0
128.0
91.0
125.0
96.0
98.0
97.0
127.0
98.0
126.0
96.0
97.0
100.0
128.0
99.0
132.0
96.0
130.0
94.0
126.0
97.0
94.0
98.0
131.0
99.0
94.0
130.0
99.0
100.0
130.0
98.0
133.0
98.0
131.0
97.0
100.0
81.0
131.0
97.0
131.0
94.0
92.0
97.0
102.0
130.0
104.0
192.0
130.0
100.0
97.0
128.0
97.0
97.0
126.0
99.0
97.0
132.0
96.0
130.0
101.0
93.0
128.0
97.0
129.0
94.0
98.0
136.0
97.0
131.0
98.0
97.0
133.0
93.0
126.0
96.0
99.0
125.0
98.0
130.0
97.0
97.0
131.0
84.0
131.0
96.0
94.0
93.0
125.0
95.0
129.0
94.0
132.0
97.0
128.0
105.0
101.0
132.0
100.0
131.0
98.0
130.0
100.0
127.0
96.0
130.0
100.0
126.0
101.0
98.0
123.0
101.0
130.0
104.0
94.0
88.0
94.0
133.0
102.0
131.0
99.0
96.0
130.0
92.0
130.0
93.0
131.0
97.0
103.0
94.0
129.0
93.0
130.0
101.0
95.0
100.0
100.0
100.0
126.0
98.0
96.0
126.0
97.0
130.0
96.0
95.0
129.0
92.0
128.0
229.0
128.0
99.0
129.0
95.0
99.0
91.0
133.0
98.0
77.0
135.0
89.0
132.0
96.0
130.0
96.0
94.0
129.0
100.0
128.0
99.0
97.0
93.0
130.0
97.0
97.0
93.0
98.0
101.0
98.0
311.0
130.0
100.0
97.0
132.0
96.0
94.0
130.0
98.0
132.0
98.0
97.0
100.0
96.0
133.0
98.0
99.0
136.0
94.0
96.0
98.0
100.0
97.0
98.0
131.0
96.0
95.0
98.0
100.0
82.0
138.0
100.0
93.0
96.0
131.0
94.0
94.0
102.0
130.0
94.0
126.0
94.0
134.0
540.0
132.0
98.0
132.0
99.0
93.0
132.0
101.0
96.0
125.0
94.0
85.0
131.0
95.0
126.0
96.0
97.0
85.0
129.0
93.0
96.0
132.0
80.0
101.0
98.0
153.0
94.0
94.0
132.0
99.0
132.0
100.0
130.0
214.0
132.0
94.0
128.0
100.0
102.0
128.0
93.0
102.0
98.0
87.0
101.0
486.0
129.0
96.0
124.0
98.0
86.0
125.0
98.0
129.0
98.0
128.0
98.0
130.0
94.0
130.0
97.0
129.0
94.0
130.0
103.0
88.0
133.0
97.0
98.0
131.0
100.0
125.0
101.0
129.0
100.0
123.0
100.0
131.0
96.0
100.0
96.0
101.0
101.0
126.0
97.0
95.0
100.0
97.0
92.0
130.0
90.0
130.0
96.0
95.0
132.0
98.0
130.0
93.0
126.0
96.0
97.0
100.0
129.0
102.0
125.0
101.0
96.0
102.0
130.0
98.0
565.0
131.0
100.0
130.0
98.0
130.0
94.0
95.0
99.0
126.0
101.0
130.0
97.0
131.0
100.0
97.0
97.0
128.0
95.0
134.0
98.0
125.0
96.0
128.0
100.0
99.0
96.0
132.0
94.0
100.0
97.0
92.0
135.0
98.0
99.0
128.0
98.0
129.0
98.0
132.0
98.0
99.0
97.0
133.0
97.0
132.0
98.0
95.0
130.0
97.0
128.0
100.0
131.0
101.0
126.0
98.0
99.0
134.0
101.0
94.0
128.0
97.0
132.0
96.0
127.0
90.0
130.0
97.0
100.0
131.0
96.0
130.0
102.0
102.0
130.0
82.0
131.0
97.0
103.0
96.0
97.0
98.0
96.0
130.0
98.0
97.0
130.0
100.0
125.0
98.0
99.0
125.0
89.0
128.0
97.0
129.0
94.0
98.0
102.0
132.0
97.0
126.0
97.0
128.0
96.0
125.0
73.0
134.0
96.0
99.0
96.0
135.0
98.0
73.0
133.0
93.0
133.0
94.0
127.0
101.0
95.0
97.0
97.0
94.0
99.0
131.0
94.0
98.0
130.0
100.0
97.0
90.0
126.0
99.0
125.0
99.0
346.0
95.0
95.0
131.0
98.0
132.0
96.0
100.0
101.0
133.0
97.0
96.0
100.0
87.0
126.0
96.0
91.0
128.0
100.0
133.0
265.0
98.0
127.0
96.0
96.0
133.0
94.0
97.0
93.0
98.0
132.0
98.0
126.0
97.0
96.0
101.0
126.0
97.0
125.0
99.0
94.0
131.0
93.0
129.0
95.0
98.0
133.0
100.0
132.0
102.0
98.0
132.0
96.0
127.0
98.0
94.0
101.0
131.0
102.0
97.0
125.0
98.0
99.0
98.0
129.0
98.0
101.0
97.0
101.0
342.0
129.0
86.0
131.0
91.0
126.0
98.0
129.0
94.0
100.0
93.0
100.0
95.0
101.0
93.0
94.0
98.0
95.0
132.0
97.0
94.0
96.0
92.0
132.0
97.0
97.0
130.0
96.0
96.0
102.0
132.0
95.0
94.0
100.0
104.0
90.0
131.0
96.0
100.0
128.0
98.0
129.0
96.0
98.0
130.0
99.0
100.0
100.0
130.0
174.0
128.0
92.0
131.0
92.0
99.0
98.0
128.0
90.0
131.0
98.0
98.0
124.0
97.0
102.0
132.0
99.0
98.0
96.0
96.0
130.0
89.0
98.0
100.0
100.0
95.0
132.0
97.0
99.0
132.0
101.0
98.0
98.0
98.0
129.0
100.0
96.0
93.0
131.0
94.0
99.0
100.0
100.0
101.0
130.0
89.0
133.0
99.0
97.0
130.0
101.0
130.0
97.0
97.0
129.0
94.0
98.0
125.0
100.0
130.0
100.0
96.0
98.0
130.0
96.0
125.0
99.0
98.0
95.0
132.0
97.0
134.0
92.0
128.0
96.0
99.0
130.0
97.0
129.0
96.0
97.0
130.0
101.0
126.0
93.0
97.0
133.0
100.0
98.0
131.0
96.0
128.0
96.0
128.0
95.0
97.0
101.0
126.0
100.0
131.0
447.0
100.0
96.0
128.0
93.0
96.0
100.0
98.0
97.0
100.0
98.0
131.0
96.0
89.0
131.0
96.0
100.0
135.0
98.0
99.0
132.0
288.0
96.0
94.0
125.0
89.0
131.0
98.0
98.0
86.0
99.0
95.0
127.0
98.0
132.0
98.0
128.0
98.0
129.0
95.0
133.0
101.0
99.0
102.0
126.0
100.0
102.0
97.0
130.0
94.0
130.0
94.0
97.0
96.0
429.0
130.0
90.0
133.0
98.0
133.0
102.0
129.0
87.0
96.0
95.0
132.0
96.0
96.0
96.0
131.0
100.0
131.0
98.0
129.0
94.0
131.0
100.0
94.0
101.0
96.0
92.0
132.0
87.0
94.0
521.0
130.0
92.0
128.0
75.0
136.0
100.0
132.0
98.0
100.0
129.0
98.0
125.0
98.0
133.0
100.0
127.0
199.0
95.0
128.0
97.0
132.0
97.0
132.0
97.0
128.0
99.0
99.0
82.0
134.0
99.0
89.0
89.0
133.0
89.0
130.0
94.0
93.0
95.0
233.0
94.0
130.0
149.0
93.0
94.0
133.0
98.0
97.0
130.0
97.0
130.0
98.0
97.0
98.0
101.0
132.0
96.0
97.0
95.0
130.0
98.0
98.0
89.0
130.0
99.0
98.0
98.0
128.0
89.0
129.0
100.0
536.0
100.0
130.0
93.0
97.0
103.0
99.0
98.0
102.0
97.0
129.0
101.0
131.0
96.0
85.0
133.0
93.0
94.0
100.0
126.0
93.0
126.0
97.0
132.0
98.0
97.0
94.0
134.0
97.0
97.0
129.0
97.0
98.0
133.0
98.0
96.0
124.0
97.0
97.0
126.0
96.0
98.0
93.0
131.0
498.0
132.0
102.0
127.0
97.0
129.0
98.0
128.0
101.0
128.0
98.0
100.0
132.0
98.0
97.0
96.0
96.0
98.0
130.0
98.0
100.0
101.0
99.0
100.0
133.0
101.0
95.0
130.0
97.0
97.0
93.0
133.0
90.0
133.0
100.0
130.0
98.0
96.0
133.0
81.0
133.0
89.0
96.0
100.0
332.0
97.0
133.0
96.0
130.0
100.0
129.0
96.0
128.0
96.0
131.0
94.0
98.0
130.0
98.0
130.0
103.0
98.0
101.0
94.0
98.0
96.0
102.0
98.0
95.0
129.0
101.0
98.0
127.0
96.0
130.0
100.0
99.0
130.0
99.0
98.0
129.0
100.0
103.0
93.0
90.0
96.0
131.0
96.0
100.0
98.0
98.0
100.0
131.0
99.0
127.0
100.0
130.0
98.0
126.0
93.0
134.0
90.0
130.0
100.0
131.0
98.0
102.0
97.0
101.0
96.0
130.0
85.0
133.0
101.0
101.0
98.0
128.0
100.0
94.0
98.0
89.0
94.0
129.0
245.0
91.0
93.0
125.0
95.0
98.0
123.0
94.0
129.0
96.0
104.0
100.0
130.0
96.0
128.0
91.0
132.0
99.0
128.0
102.0
99.0
133.0
90.0
84.0
134.0
97.0
132.0
97.0
128.0
100.0
97.0
96.0
95.0
133.0
100.0
87.0
135.0
98.0
266.0
130.0
98.0
99.0
130.0
93.0
129.0
97.0
125.0
90.0
132.0
93.0
99.0
94.0
129.0
98.0
102.0
90.0
94.0
101.0
99.0
130.0
96.0
98.0
130.0
304.0
94.0
96.0
102.0
98.0
134.0
98.0
132.0
90.0
133.0
98.0
84.0
126.0
93.0
98.0
98.0
96.0
128.0
103.0
97.0
132.0
99.0
130.0
100.0
94.0
98.0
100.0
131.0
98.0
97.0
133.0
95.0
132.0
93.0
100.0
85.0
100.0
99.0
100.0
130.0
95.0
125.0
97.0
99.0
132.0
94.0
133.0
97.0
91.0
90.0
134.0
100.0
131.0
101.0
96.0
126.0
94.0
129.0
97.0
97.0
96.0
128.0
96.0
129.0
98.0
132.0
94.0
128.0
97.0
124.0
99.0
127.0
97.0
132.0
93.0
130.0
97.0
132.0
93.0
94.0
129.0
92.0
188.0
94.0
96.0
129.0
96.0
130.0
96.0
87.0
99.0
96.0
125.0
94.0
97.0
88.0
128.0
98.0
89.0
135.0
91.0
129.0
94.0
124.0
99.0
96.0
130.0
96.0
133.0
97.0
129.0
96.0
96.0
98.0
95.0
132.0
100.0
97.0
98.0
91.0
97.0
96.0
129.0
93.0
102.0
98.0
94.0
123.0
100.0
98.0
90.0
97.0
98.0
131.0
94.0
129.0
97.0
100.0
128.0
97.0
130.0
101.0
102.0
126.0
98.0
98.0
129.0
100.0
125.0
96.0
128.0
100.0
128.0
94.0
92.0
100.0
96.0
133.0
95.0
129.0
98.0
98.0
96.0
96.0
130.0
93.0
131.0
96.0
131.0
98.0
133.0
98.0
94.0
133.0
96.0
130.0
101.0
126.0
100.0
109.0
98.0
88.0
129.0
98.0
96.0
98.0
133.0
98.0
128.0
97.0
133.0
94.0
132.0
97.0
124.0
96.0
127.0
98.0
94.0
129.0
96.0
133.0
100.0
125.0
102.0
98.0
132.0
92.0
310.0
98.0
99.0
125.0
98.0
131.0
96.0
130.0
91.0
131.0
98.0
131.0
98.0
98.0
132.0
97.0
132.0
97.0
125.0
101.0
130.0
96.0
80.0
133.0
99.0
131.0
96.0
97.0
129.0
94.0
129.0
97.0
98.0
97.0
134.0
97.0
96.0
129.0
98.0
133.0
100.0
130.0
96.0
131.0
101.0
167.0
88.0
98.0
129.0
93.0
130.0
100.0
97.0
128.0
97.0
97.0
128.0
93.0
96.0
130.0
63.0
138.0
95.0
132.0
97.0
130.0
98.0
131.0
96.0
132.0
82.0
134.0
86.0
129.0
101.0
100.0
130.0
97.0
96.0
129.0
96.0
94.0
130.0
100.0
130.0
98.0
132.0
97.0
132.0
98.0
98.0
95.0
125.0
93.0
128.0
90.0
97.0
129.0
90.0
89.0
98.0
99.0
130.0
98.0
130.0
103.0
130.0
97.0
129.0
95.0
94.0
93.0
96.0
98.0
87.0
100.0
133.0
93.0
103.0
94.0
125.0
94.0
130.0
99.0
101.0
96.0
128.0
102.0
100.0
128.0
98.0
130.0
96.0
98.0
96.0
132.0
96.0
130.0
97.0
98.0
101.0
131.0
97.0
99.0
93.0
96.0
97.0
130.0
96.0
131.0
97.0
130.0
100.0
498.0
131.0
96.0
102.0
130.0
89.0
130.0
98.0
99.0
97.0
125.0
96.0
97.0
98.0
94.0
133.0
97.0
129.0
96.0
125.0
98.0
97.0
130.0
101.0
99.0
100.0
130.0
96.0
126.0
100.0
132.0
372.0
132.0
98.0
98.0
98.0
91.0
128.0
93.0
129.0
98.0
97.0
129.0
95.0
130.0
99.0
129.0
102.0
129.0
99.0
96.0
94.0
97.0
99.0
128.0
93.0
129.0
100.0
98.0
102.0
101.0
127.0
97.0
98.0
133.0
95.0
130.0
90.0
129.0
101.0
96.0
100.0
96.0
131.0
100.0
98.0
94.0
133.0
98.0
92.0
129.0
91.0
97.0
98.0
132.0
89.0
130.0
93.0
97.0
94.0
126.0
101.0
101.0
130.0
87.0
131.0
306.0
130.0
90.0
99.0
132.0
93.0
130.0
93.0
129.0
101.0
91.0
130.0
93.0
129.0
91.0
138.0
92.0
128.0
98.0
125.0
93.0
133.0
98.0
130.0
98.0
130.0
98.0
126.0
96.0
130.0
103.0
96.0
130.0
96.0
91.0
131.0
100.0
129.0
99.0
97.0
97.0
129.0
98.0
93.0
96.0
91.0
134.0
94.0
101.0
130.0
90.0
130.0
100.0
133.0
100.0
132.0
98.0
130.0
101.0
129.0
96.0
99.0
128.0
97.0
97.0
99.0
90.0
98.0
131.0
98.0
129.0
98.0
130.0
98.0
94.0
126.0
98.0
102.0
97.0
98.0
100.0
92.0
97.0
89.0
126.0
97.0
129.0
94.0
96.0
132.0
97.0
130.0
94.0
133.0
101.0
133.0
528.0
129.0
98.0
133.0
92.0
100.0
83.0
130.0
98.0
131.0
100.0
95.0
131.0
96.0
130.0
83.0
130.0
93.0
133.0
101.0
90.0
93.0
129.0
97.0
132.0
84.0
132.0
98.0
130.0
96.0
129.0
99.0
132.0
98.0
133.0
96.0
133.0
92.0
98.0
97.0
132.0
88.0
125.0
94.0
129.0
100.0
96.0
128.0
93.0
97.0
128.0
101.0
74.0
133.0
97.0
128.0
94.0
131.0
98.0
469.0
129.0
98.0
96.0
98.0
127.0
100.0
94.0
129.0
99.0
85.0
99.0
126.0
98.0
100.0
94.0
99.0
