139.0
136.0
133.0
132.0
137.0
165.0
135.0
168.0
130.0
166.0
133.0
130.0
136.0
165.0
132.0
167.0
132.0
163.0
158.0
134.0
165.0
137.0
164.0
130.0
134.0
137.0
137.0
162.0
136.0
477.0
164.0
131.0
136.0
124.0
164.0
135.0
162.0
137.0
165.0
135.0
163.0
134.0
167.0
133.0
165.0
132.0
168.0
134.0
165.0
136.0
137.0
127.0
168.0
131.0
164.0
132.0
164.0
135.0
133.0
137.0
167.0
133.0
131.0
137.0
161.0
249.0
136.0
163.0
132.0
134.0
135.0
132.0
165.0
137.0
132.0
135.0
166.0
134.0
160.0
124.0
164.0
129.0
164.0
138.0
133.0
134.0
162.0
137.0
158.0
135.0
164.0
133.0
165.0
133.0
162.0
136.0
165.0
134.0
128.0
162.0
133.0
134.0
165.0
133.0
164.0
127.0
165.0
133.0
162.0
133.0
162.0
331.0
138.0
161.0
133.0
165.0
133.0
162.0
132.0
164.0
135.0
166.0
130.0
166.0
140.0
136.0
161.0
134.0
165.0
136.0
164.0
128.0
135.0
164.0
122.0
165.0
136.0
166.0
134.0
167.0
122.0
133.0
130.0
162.0
134.0
135.0
136.0
161.0
138.0
133.0
163.0
133.0
162.0
195.0
161.0
135.0
164.0
137.0
137.0
166.0
130.0
161.0
136.0
132.0
136.0
160.0
134.0
164.0
132.0
136.0
165.0
134.0
163.0
133.0
164.0
136.0
164.0
132.0
164.0
138.0
165.0
133.0
164.0
133.0
167.0
136.0
133.0
161.0
127.0
162.0
130.0
164.0
130.0
168.0
136.0
165.0
135.0
418.0
162.0
133.0
167.0
133.0
128.0
162.0
129.0
161.0
139.0
165.0
131.0
165.0
450.0
162.0
105.0
177.0
124.0
168.0
129.0
166.0
133.0
129.0
163.0
132.0
164.0
138.0
165.0
136.0
164.0
134.0
162.0
136.0
162.0
136.0
165.0
132.0
166.0
136.0
137.0
162.0
138.0
130.0
171.0
138.0
136.0
160.0
136.0
133.0
136.0
130.0
133.0
128.0
170.0
132.0
131.0
133.0
133.0
162.0
134.0
166.0
133.0
168.0
133.0
162.0
134.0
167.0
134.0
134.0
161.0
130.0
168.0
134.0
163.0
133.0
161.0
134.0
166.0
137.0
161.0
136.0
166.0
136.0
134.0
165.0
130.0
166.0
133.0
132.0
160.0
133.0
160.0
128.0
167.0
136.0
164.0
135.0
164.0
136.0
134.0
132.0
136.0
158.0
133.0
160.0
139.0
132.0
137.0
134.0
167.0
134.0
164.0
129.0
132.0
161.0
130.0
165.0
135.0
164.0
138.0
166.0
134.0
163.0
134.0
162.0
137.0
160.0
131.0
135.0
136.0
165.0
131.0
138.0
166.0
138.0
136.0
163.0
131.0
165.0
133.0
169.0
132.0
135.0
137.0
164.0
137.0
132.0
162.0
119.0
164.0
136.0
163.0
133.0
134.0
125.0
134.0
135.0
130.0
162.0
133.0
163.0
144.0
165.0
138.0
160.0
128.0
164.0
132.0
134.0
134.0
161.0
133.0
137.0
130.0
137.0
132.0
165.0
138.0
137.0
166.0
137.0
164.0
133.0
165.0
136.0
130.0
135.0
136.0
164.0
133.0
162.0
134.0
167.0
134.0
134.0
167.0
129.0
125.0
166.0
133.0
167.0
136.0
137.0
135.0
132.0
158.0
133.0
161.0
134.0
160.0
135.0
166.0
133.0
138.0
135.0
134.0
134.0
163.0
135.0
133.0
162.0
131.0
160.0
133.0
130.0
168.0
136.0
162.0
132.0
165.0
132.0
166.0
134.0
164.0
136.0
381.0
163.0
134.0
161.0
135.0
134.0
163.0
133.0
161.0
248.0
159.0
134.0
163.0
133.0
164.0
133.0
137.0
166.0
132.0
167.0
132.0
134.0
163.0
131.0
132.0
229.0
135.0
164.0
132.0
129.0
133.0
168.0
136.0
133.0
130.0
133.0
164.0
328.0
162.0
135.0
164.0
132.0
133.0
165.0
134.0
162.0
134.0
134.0
135.0
166.0
134.0
135.0
166.0
138.0
135.0
133.0
134.0
133.0
131.0
162.0
136.0
136.0
163.0
133.0
132.0
163.0
221.0
133.0
163.0
134.0
162.0
134.0
134.0
166.0
132.0
164.0
136.0
134.0
134.0
133.0
136.0
162.0
128.0
401.0
166.0
138.0
136.0
162.0
133.0
166.0
131.0
161.0
132.0
160.0
135.0
130.0
164.0
130.0
133.0
136.0
164.0
136.0
165.0
138.0
162.0
134.0
164.0
137.0
132.0
162.0
137.0
121.0
164.0
136.0
164.0
134.0
163.0
136.0
162.0
131.0
134.0
137.0
136.0
163.0
132.0
137.0
129.0
165.0
137.0
162.0
133.0
166.0
134.0
132.0
166.0
136.0
164.0
132.0
129.0
141.0
162.0
136.0
134.0
167.0
132.0
162.0
136.0
162.0
136.0
138.0
163.0
135.0
162.0
132.0
165.0
541.0
164.0
136.0
132.0
168.0
134.0
165.0
134.0
126.0
161.0
132.0
168.0
133.0
164.0
136.0
165.0
133.0
137.0
161.0
132.0
121.0
168.0
134.0
163.0
137.0
163.0
136.0
164.0
137.0
137.0
135.0
165.0
130.0
164.0
134.0
125.0
164.0
134.0
139.0
160.0
135.0
136.0
166.0
133.0
167.0
134.0
169.0
132.0
137.0
164.0
135.0
135.0
130.0
132.0
134.0
136.0
163.0
134.0
167.0
138.0
135.0
165.0
132.0
138.0
134.0
167.0
133.0
165.0
135.0
134.0
133.0
161.0
136.0
133.0
220.0
161.0
137.0
165.0
132.0
132.0
133.0
157.0
133.0
130.0
136.0
166.0
134.0
165.0
134.0
134.0
164.0
129.0
157.0
134.0
162.0
136.0
165.0
133.0
168.0
134.0
161.0
135.0
136.0
165.0
134.0
136.0
164.0
138.0
162.0
135.0
133.0
164.0
134.0
163.0
130.0
136.0
132.0
137.0
164.0
138.0
165.0
130.0
163.0
138.0
165.0
127.0
166.0
135.0
139.0
161.0
135.0
137.0
160.0
132.0
166.0
130.0
160.0
136.0
164.0
136.0
133.0
133.0
165.0
134.0
165.0
134.0
165.0
134.0
163.0
130.0
166.0
134.0
165.0
138.0
126.0
122.0
169.0
137.0
165.0
134.0
139.0
165.0
137.0
131.0
161.0
127.0
162.0
134.0
134.0
165.0
131.0
160.0
135.0
134.0
137.0
138.0
163.0
134.0
164.0
132.0
165.0
130.0
168.0
136.0
164.0
133.0
134.0
136.0
129.0
134.0
162.0
136.0
130.0
165.0
134.0
164.0
126.0
168.0
138.0
136.0
164.0
130.0
128.0
165.0
132.0
160.0
135.0
135.0
162.0
130.0
162.0
132.0
137.0
164.0
129.0
137.0
134.0
165.0
125.0
132.0
163.0
134.0
134.0
132.0
164.0
135.0
165.0
158.0
132.0
161.0
132.0
134.0
165.0
138.0
133.0
136.0
135.0
161.0
133.0
136.0
132.0
135.0
137.0
136.0
165.0
138.0
162.0
128.0
167.0
156.0
162.0
135.0
167.0
133.0
166.0
132.0
163.0
129.0
165.0
136.0
134.0
134.0
439.0
166.0
133.0
166.0
137.0
161.0
138.0
164.0
137.0
160.0
136.0
135.0
139.0
165.0
124.0
165.0
137.0
169.0
128.0
157.0
137.0
163.0
132.0
136.0
162.0
132.0
165.0
137.0
134.0
136.0
125.0
164.0
137.0
137.0
165.0
132.0
165.0
137.0
164.0
138.0
163.0
134.0
162.0
118.0
136.0
162.0
209.0
164.0
134.0
167.0
134.0
162.0
136.0
165.0
137.0
165.0
133.0
130.0
163.0
136.0
161.0
132.0
548.0
135.0
137.0
162.0
133.0
136.0
162.0
134.0
164.0
134.0
165.0
306.0
130.0
137.0
132.0
165.0
137.0
160.0
128.0
165.0
132.0
134.0
165.0
132.0
168.0
135.0
167.0
129.0
166.0
135.0
130.0
133.0
166.0
133.0
161.0
137.0
136.0
165.0
138.0
161.0
131.0
133.0
165.0
138.0
164.0
136.0
161.0
133.0
165.0
133.0
138.0
161.0
134.0
161.0
136.0
166.0
133.0
131.0
127.0
164.0
130.0
166.0
139.0
161.0
131.0
132.0
131.0
130.0
165.0
139.0
161.0
133.0
164.0
133.0
137.0
123.0
165.0
135.0
133.0
136.0
169.0
131.0
138.0
166.0
135.0
160.0
134.0
136.0
133.0
126.0
166.0
136.0
163.0
136.0
164.0
135.0
167.0
133.0
135.0
134.0
162.0
133.0
163.0
129.0
134.0
166.0
137.0
167.0
135.0
162.0
121.0
163.0
137.0
138.0
165.0
136.0
162.0
136.0
163.0
137.0
134.0
276.0
133.0
168.0
134.0
166.0
133.0
137.0
160.0
133.0
168.0
202.0
162.0
136.0
135.0
164.0
133.0
163.0
111.0
166.0
134.0
132.0
166.0
130.0
161.0
133.0
162.0
131.0
126.0
165.0
135.0
132.0
130.0
165.0
133.0
132.0
164.0
131.0
130.0
164.0
114.0
168.0
126.0
136.0
136.0
135.0
133.0
162.0
132.0
169.0
135.0
162.0
130.0
196.0
164.0
138.0
137.0
161.0
134.0
162.0
134.0
136.0
163.0
132.0
156.0
136.0
163.0
136.0
160.0
130.0
166.0
129.0
167.0
134.0
160.0
136.0
131.0
132.0
161.0
129.0
163.0
136.0
168.0
134.0
136.0
136.0
137.0
138.0
162.0
135.0
132.0
125.0
165.0
134.0
166.0
135.0
163.0
131.0
166.0
135.0
161.0
133.0
166.0
136.0
165.0
130.0
133.0
165.0
130.0
141.0
162.0
138.0
160.0
435.0
162.0
133.0
165.0
135.0
133.0
134.0
170.0
132.0
168.0
133.0
162.0
135.0
171.0
134.0
162.0
137.0
166.0
133.0
162.0
135.0
162.0
127.0
164.0
133.0
162.0
136.0
137.0
165.0
133.0
164.0
135.0
132.0
129.0
164.0
131.0
134.0
161.0
133.0
163.0
136.0
160.0
136.0
138.0
259.0
161.0
132.0
128.0
163.0
138.0
162.0
138.0
129.0
132.0
160.0
131.0
134.0
165.0
133.0
162.0
492.0
162.0
135.0
165.0
136.0
168.0
133.0
167.0
133.0
134.0
160.0
138.0
132.0
167.0
138.0
228.0
141.0
133.0
138.0
164.0
137.0
136.0
164.0
133.0
160.0
132.0
165.0
136.0
162.0
133.0
168.0
131.0
162.0
130.0
137.0
162.0
131.0
163.0
136.0
160.0
135.0
165.0
136.0
137.0
136.0
132.0
135.0
162.0
137.0
162.0
133.0
164.0
135.0
163.0
134.0
132.0
132.0
124.0
165.0
137.0
134.0
163.0
134.0
160.0
132.0
133.0
130.0
134.0
132.0
167.0
131.0
134.0
160.0
131.0
161.0
132.0
162.0
133.0
164.0
133.0
136.0
133.0
160.0
131.0
163.0
133.0
134.0
135.0
136.0
165.0
135.0
168.0
137.0
135.0
161.0
136.0
134.0
162.0
133.0
136.0
136.0
131.0
168.0
129.0
157.0
136.0
164.0
134.0
136.0
132.0
136.0
162.0
136.0
133.0
135.0
134.0
164.0
129.0
160.0
133.0
167.0
132.0
137.0
137.0
96.0
179.0
137.0
134.0
134.0
162.0
131.0
162.0
133.0
135.0
165.0
130.0
164.0
134.0
137.0
135.0
162.0
134.0
164.0
112.0
169.0
133.0
134.0
135.0
165.0
136.0
133.0
133.0
164.0
132.0
124.0
167.0
138.0
133.0
135.0
136.0
133.0
133.0
160.0
137.0
127.0
162.0
130.0
132.0
134.0
167.0
138.0
137.0
125.0
134.0
162.0
137.0
165.0
133.0
134.0
168.0
133.0
132.0
166.0
133.0
161.0
136.0
165.0
137.0
138.0
260.0
136.0
283.0
135.0
162.0
135.0
140.0
163.0
136.0
132.0
162.0
130.0
162.0
133.0
133.0
133.0
165.0
133.0
134.0
162.0
127.0
169.0
136.0
136.0
135.0
124.0
166.0
134.0
130.0
166.0
134.0
136.0
133.0
162.0
133.0
132.0
165.0
133.0
166.0
135.0
165.0
202.0
133.0
163.0
133.0
165.0
131.0
164.0
133.0
165.0
134.0
165.0
138.0
134.0
161.0
117.0
132.0
134.0
162.0
137.0
164.0
133.0
121.0
167.0
132.0
131.0
131.0
135.0
134.0
139.0
166.0
132.0
133.0
164.0
136.0
162.0
135.0
163.0
126.0
133.0
162.0
135.0
121.0
137.0
134.0
164.0
133.0
131.0
125.0
164.0
137.0
133.0
167.0
136.0
130.0
162.0
136.0
165.0
137.0
163.0
134.0
134.0
136.0
136.0
165.0
133.0
170.0
133.0
134.0
162.0
131.0
132.0
136.0
164.0
136.0
134.0
161.0
132.0
132.0
133.0
161.0
130.0
130.0
139.0
138.0
166.0
137.0
134.0
160.0
133.0
136.0
164.0
133.0
166.0
137.0
165.0
136.0
133.0
164.0
138.0
165.0
136.0
164.0
131.0
128.0
163.0
137.0
132.0
161.0
130.0
162.0
131.0
166.0
133.0
124.0
161.0
131.0
164.0
139.0
166.0
136.0
165.0
406.0
133.0
165.0
135.0
157.0
136.0
129.0
133.0
132.0
161.0
134.0
133.0
135.0
165.0
131.0
135.0
133.0
134.0
165.0
135.0
135.0
135.0
160.0
136.0
135.0
130.0
132.0
136.0
136.0
135.0
164.0
130.0
127.0
164.0
129.0
168.0
138.0
112.0
170.0
137.0
163.0
132.0
138.0
163.0
129.0
137.0
164.0
133.0
161.0
126.0
164.0
133.0
437.0
160.0
138.0
162.0
132.0
170.0
133.0
163.0
133.0
162.0
133.0
162.0
132.0
160.0
138.0
137.0
164.0
137.0
162.0
136.0
165.0
133.0
133.0
162.0
136.0
163.0
122.0
162.0
134.0
136.0
162.0
134.0
138.0
169.0
134.0
162.0
128.0
164.0
132.0
163.0
137.0
166.0
136.0
166.0
135.0
132.0
134.0
164.0
129.0
130.0
166.0
138.0
162.0
134.0
162.0
134.0
164.0
122.0
168.0
133.0
137.0
164.0
137.0
165.0
132.0
163.0
134.0
166.0
134.0
133.0
165.0
137.0
126.0
165.0
136.0
164.0
133.0
130.0
163.0
132.0
166.0
138.0
137.0
164.0
138.0
138.0
136.0
165.0
137.0
166.0
133.0
165.0
138.0
135.0
168.0
133.0
162.0
125.0
168.0
122.0
163.0
136.0
162.0
134.0
165.0
137.0
135.0
164.0
134.0
163.0
130.0
164.0
133.0
164.0
134.0
133.0
134.0
162.0
128.0
137.0
132.0
133.0
160.0
133.0
133.0
140.0
166.0
130.0
164.0
134.0
164.0
137.0
164.0
135.0
168.0
134.0
161.0
125.0
165.0
138.0
136.0
167.0
135.0
132.0
157.0
137.0
136.0
138.0
124.0
162.0
133.0
165.0
136.0
163.0
136.0
136.0
165.0
137.0
166.0
134.0
161.0
134.0
165.0
134.0
165.0
135.0
161.0
136.0
161.0
132.0
163.0
138.0
162.0
133.0
161.0
136.0
134.0
131.0
137.0
135.0
134.0
230.0
133.0
165.0
136.0
162.0
226.0
135.0
132.0
165.0
137.0
133.0
165.0
136.0
162.0
134.0
166.0
132.0
135.0
164.0
136.0
162.0
132.0
162.0
134.0
124.0
165.0
132.0
166.0
129.0
165.0
136.0
132.0
136.0
133.0
164.0
130.0
164.0
138.0
164.0
135.0
166.0
133.0
165.0
130.0
160.0
136.0
160.0
137.0
163.0
136.0
168.0
138.0
158.0
133.0
137.0
163.0
132.0
133.0
135.0
160.0
132.0
166.0
132.0
161.0
134.0
161.0
133.0
163.0
209.0
134.0
137.0
164.0
130.0
163.0
135.0
166.0
136.0
169.0
131.0
128.0
135.0
133.0
162.0
134.0
162.0
138.0
162.0
136.0
134.0
164.0
131.0
165.0
131.0
160.0
137.0
160.0
132.0
163.0
136.0
133.0
133.0
163.0
201.0
133.0
165.0
133.0
136.0
165.0
126.0
163.0
123.0
164.0
133.0
166.0
133.0
166.0
129.0
136.0
137.0
134.0
132.0
164.0
133.0
136.0
161.0
130.0
134.0
164.0
140.0
164.0
132.0
166.0
135.0
161.0
138.0
136.0
132.0
134.0
134.0
130.0
165.0
205.0
122.0
165.0
137.0
161.0
137.0
164.0
138.0
161.0
137.0
136.0
549.0
164.0
133.0
135.0
162.0
138.0
133.0
158.0
133.0
165.0
134.0
165.0
134.0
130.0
135.0
165.0
137.0
137.0
136.0
137.0
160.0
130.0
163.0
133.0
162.0
134.0
167.0
134.0
164.0
130.0
162.0
130.0
165.0
202.0
165.0
130.0
164.0
136.0
138.0
137.0
136.0
139.0
190.0
163.0
472.0
135.0
133.0
137.0
164.0
136.0
161.0
134.0
162.0
134.0
166.0
104.0
175.0
134.0
161.0
499.0
163.0
197.0
133.0
169.0
189.0
164.0
134.0
160.0
132.0
164.0
130.0
167.0
130.0
165.0
134.0
163.0
134.0
169.0
134.0
165.0
136.0
138.0
164.0
134.0
161.0
135.0
133.0
130.0
170.0
133.0
134.0
167.0
131.0
165.0
132.0
161.0
138.0
165.0
136.0
137.0
134.0
134.0
138.0
163.0
134.0
163.0
132.0
161.0
133.0
162.0
132.0
160.0
132.0
133.0
137.0
168.0
138.0
164.0
137.0
135.0
161.0
134.0
165.0
134.0
162.0
136.0
133.0
164.0
135.0
166.0
133.0
136.0
166.0
133.0
172.0
133.0
133.0
138.0
164.0
134.0
160.0
135.0
167.0
135.0
134.0
162.0
134.0
160.0
130.0
133.0
165.0
132.0
134.0
161.0
122.0
165.0
134.0
134.0
165.0
134.0
161.0
131.0
163.0
133.0
133.0
135.0
123.0
133.0
166.0
133.0
163.0
134.0
165.0
134.0
165.0
136.0
160.0
134.0
164.0
132.0
164.0
134.0
164.0
132.0
163.0
135.0
166.0
132.0
162.0
130.0
162.0
135.0
164.0
136.0
434.0
163.0
133.0
167.0
138.0
133.0
164.0
477.0
165.0
491.0
165.0
135.0
167.0
136.0
165.0
130.0
164.0
133.0
137.0
136.0
132.0
164.0
137.0
161.0
132.0
133.0
160.0
135.0
165.0
132.0
162.0
132.0
162.0
132.0
166.0
133.0
164.0
136.0
133.0
133.0
136.0
166.0
132.0
162.0
133.0
164.0
133.0
135.0
138.0
126.0
162.0
138.0
136.0
128.0
136.0
161.0
135.0
133.0
136.0
162.0
134.0
167.0
330.0
163.0
131.0
130.0
162.0
121.0
165.0
134.0
165.0
137.0
166.0
132.0
133.0
136.0
134.0
161.0
132.0
133.0
161.0
133.0
133.0
165.0
133.0
133.0
130.0
158.0
133.0
162.0
134.0
166.0
134.0
137.0
167.0
134.0
162.0
131.0
160.0
132.0
135.0
132.0
170.0
137.0
162.0
130.0
130.0
162.0
130.0
138.0
133.0
133.0
165.0
132.0
165.0
134.0
164.0
134.0
165.0
130.0
165.0
130.0
135.0
165.0
132.0
164.0
135.0
161.0
132.0
162.0
141.0
136.0
166.0
133.0
363.0
169.0
135.0
165.0
135.0
164.0
124.0
136.0
166.0
136.0
132.0
138.0
134.0
133.0
165.0
139.0
136.0
160.0
133.0
163.0
133.0
164.0
136.0
162.0
133.0
165.0
136.0
168.0
134.0
163.0
134.0
190.0
163.0
138.0
168.0
133.0
169.0
191.0
165.0
137.0
138.0
164.0
133.0
121.0
167.0
136.0
160.0
136.0
166.0
126.0
134.0
166.0
133.0
162.0
239.0
164.0
134.0
165.0
133.0
134.0
133.0
162.0
126.0
133.0
163.0
137.0
134.0
133.0
136.0
133.0
164.0
131.0
161.0
135.0
135.0
343.0
158.0
125.0
166.0
132.0
165.0
134.0
133.0
162.0
126.0
162.0
132.0
134.0
133.0
163.0
135.0
138.0
165.0
137.0
132.0
132.0
126.0
137.0
133.0
134.0
140.0
165.0
130.0
136.0
131.0
164.0
132.0
133.0
164.0
136.0
164.0
125.0
162.0
138.0
136.0
137.0
165.0
134.0
164.0
135.0
132.0
165.0
137.0
135.0
138.0
166.0
136.0
163.0
137.0
162.0
133.0
165.0
136.0
165.0
500.0
167.0
138.0
162.0
132.0
164.0
232.0
133.0
163.0
130.0
134.0
163.0
135.0
162.0
124.0
132.0
132.0
164.0
134.0
136.0
163.0
127.0
161.0
134.0
136.0
166.0
131.0
164.0
136.0
166.0
133.0
133.0
166.0
134.0
138.0
129.0
132.0
131.0
163.0
136.0
162.0
133.0
132.0
162.0
136.0
135.0
134.0
164.0
132.0
133.0
135.0
136.0
133.0
134.0
164.0
136.0
136.0
135.0
133.0
132.0
160.0
130.0
164.0
136.0
133.0
162.0
139.0
139.0
135.0
133.0
135.0
165.0
128.0
137.0
163.0
134.0
134.0
164.0
134.0
134.0
131.0
162.0
134.0
198.0
162.0
132.0
160.0
134.0
134.0
163.0
137.0
164.0
135.0
165.0
133.0
165.0
135.0
137.0
117.0
164.0
119.0
165.0
138.0
162.0
137.0
135.0
137.0
167.0
137.0
133.0
133.0
163.0
135.0
135.0
136.0
168.0
136.0
131.0
134.0
164.0
130.0
138.0
135.0
166.0
133.0
137.0
134.0
164.0
137.0
130.0
131.0
165.0
133.0
134.0
164.0
135.0
168.0
131.0
165.0
132.0
165.0
135.0
136.0
164.0
130.0
128.0
164.0
135.0
163.0
135.0
132.0
165.0
136.0
128.0
137.0
133.0
136.0
164.0
130.0
165.0
133.0
133.0
126.0
164.0
136.0
132.0
133.0
135.0
133.0
160.0
130.0
167.0
133.0
136.0
133.0
161.0
122.0
166.0
138.0
133.0
162.0
133.0
165.0
134.0
130.0
133.0
141.0
160.0
136.0
163.0
133.0
162.0
133.0
134.0
137.0
161.0
138.0
136.0
162.0
126.0
162.0
140.0
138.0
161.0
138.0
170.0
130.0
133.0
166.0
133.0
134.0
134.0
161.0
136.0
162.0
132.0
166.0
130.0
166.0
133.0
163.0
129.0
166.0
119.0
165.0
134.0
138.0
130.0
165.0
132.0
138.0
458.0
135.0
164.0
136.0
134.0
158.0
133.0
133.0
162.0
132.0
134.0
162.0
132.0
166.0
134.0
163.0
504.0
164.0
132.0
165.0
133.0
138.0
165.0
134.0
136.0
125.0
131.0
134.0
132.0
162.0
133.0
164.0
120.0
166.0
133.0
165.0
130.0
166.0
136.0
165.0
136.0
161.0
134.0
136.0
166.0
133.0
137.0
135.0
134.0
164.0
137.0
138.0
162.0
135.0
135.0
164.0
130.0
162.0
133.0
164.0
134.0
132.0
138.0
164.0
135.0
162.0
134.0
164.0
134.0
166.0
136.0
164.0
136.0
133.0
162.0
137.0
133.0
166.0
132.0
162.0
133.0
167.0
135.0
165.0
133.0
134.0
134.0
134.0
134.0
162.0
138.0
166.0
131.0
169.0
653.0
128.0
135.0
133.0
159.0
133.0
133.0
135.0
162.0
133.0
138.0
133.0
133.0
161.0
136.0
161.0
128.0
165.0
127.0
166.0
191.0
141.0
137.0
164.0
133.0
162.0
134.0
132.0
163.0
136.0
135.0
166.0
137.0
165.0
137.0
134.0
165.0
136.0
134.0
126.0
164.0
132.0
169.0
130.0
163.0
135.0
137.0
134.0
133.0
166.0
136.0
131.0
131.0
133.0
163.0
136.0
134.0
159.0
133.0
165.0
136.0
135.0
137.0
161.0
134.0
162.0
133.0
135.0
166.0
136.0
165.0
138.0
161.0
211.0
162.0
133.0
135.0
133.0
162.0
134.0
162.0
130.0
134.0
164.0
136.0
163.0
134.0
161.0
123.0
165.0
136.0
165.0
136.0
269.0
135.0
165.0
135.0
160.0
134.0
166.0
136.0
138.0
161.0
133.0
129.0
165.0
137.0
165.0
134.0
135.0
137.0
128.0
167.0
135.0
162.0
135.0
138.0
232.0
136.0
131.0
162.0
134.0
164.0
131.0
165.0
133.0
134.0
133.0
166.0
136.0
161.0
132.0
165.0
132.0
161.0
126.0
130.0
162.0
126.0
165.0
138.0
135.0
162.0
136.0
165.0
134.0
162.0
136.0
133.0
164.0
135.0
137.0
133.0
133.0
136.0
159.0
133.0
166.0
134.0
168.0
239.0
164.0
134.0
133.0
134.0
165.0
129.0
163.0
136.0
162.0
125.0
162.0
137.0
131.0
162.0
128.0
165.0
133.0
134.0
164.0
139.0
166.0
133.0
161.0
133.0
134.0
163.0
125.0
160.0
134.0
162.0
137.0
165.0
134.0
165.0
136.0
163.0
136.0
166.0
133.0
168.0
134.0
134.0
158.0
218.0
140.0
165.0
133.0
134.0
136.0
162.0
136.0
163.0
134.0
163.0
133.0
208.0
132.0
158.0
134.0
164.0
133.0
136.0
135.0
162.0
128.0
129.0
168.0
133.0
125.0
166.0
136.0
136.0
134.0
163.0
133.0
136.0
163.0
137.0
137.0
165.0
136.0
129.0
165.0
137.0
134.0
165.0
123.0
134.0
165.0
134.0
132.0
163.0
136.0
160.0
134.0
160.0
136.0
134.0
132.0
126.0
160.0
129.0
132.0
163.0
130.0
164.0
136.0
162.0
138.0
165.0
131.0
130.0
165.0
134.0
137.0
170.0
135.0
162.0
125.0
136.0
133.0
164.0
132.0
162.0
136.0
166.0
123.0
163.0
134.0
134.0
162.0
131.0
165.0
135.0
164.0
134.0
131.0
165.0
139.0
141.0
166.0
133.0
165.0
130.0
163.0
126.0
166.0
133.0
134.0
138.0
161.0
141.0
136.0
131.0
132.0
131.0
138.0
166.0
136.0
134.0
131.0
165.0
131.0
446.0
167.0
130.0
162.0
134.0
131.0
161.0
122.0
166.0
137.0
160.0
136.0
135.0
164.0
134.0
163.0
125.0
166.0
134.0
162.0
133.0
164.0
136.0
134.0
135.0
163.0
124.0
129.0
165.0
133.0
161.0
136.0
133.0
165.0
133.0
160.0
123.0
169.0
133.0
164.0
129.0
165.0
123.0
165.0
130.0
165.0
137.0
164.0
135.0
161.0
199.0
161.0
138.0
133.0
163.0
132.0
163.0
134.0
165.0
133.0
164.0
136.0
124.0
165.0
136.0
166.0
134.0
134.0
164.0
135.0
168.0
136.0
166.0
135.0
136.0
164.0
126.0
126.0
162.0
123.0
137.0
129.0
136.0
134.0
162.0
133.0
137.0
127.0
168.0
133.0
164.0
133.0
133.0
165.0
136.0
136.0
163.0
134.0
168.0
133.0
133.0
129.0
164.0
135.0
134.0
165.0
133.0
162.0
130.0
164.0
131.0
165.0
136.0
167.0
134.0
164.0
134.0
135.0
137.0
168.0
134.0
126.0
168.0
128.0
134.0
137.0
161.0
129.0
169.0
132.0
163.0
128.0
164.0
138.0
131.0
134.0
164.0
133.0
161.0
134.0
130.0
160.0
134.0
125.0
165.0
136.0
168.0
133.0
166.0
134.0
136.0
165.0
132.0
134.0
134.0
164.0
135.0
133.0
167.0
133.0
135.0
162.0
135.0
226.0
160.0
136.0
137.0
137.0
133.0
139.0
135.0
133.0
162.0
134.0
162.0
134.0
136.0
165.0
136.0
133.0
164.0
132.0
169.0
130.0
161.0
130.0
162.0
136.0
163.0
133.0
163.0
134.0
160.0
134.0
133.0
133.0
134.0
131.0
132.0
131.0
163.0
133.0
135.0
317.0
164.0
131.0
162.0
135.0
130.0
134.0
166.0
136.0
166.0
137.0
133.0
166.0
136.0
136.0
161.0
135.0
136.0
133.0
162.0
130.0
165.0
132.0
163.0
130.0
162.0
138.0
166.0
129.0
138.0
136.0
162.0
136.0
168.0
129.0
134.0
137.0
132.0
162.0
133.0
135.0
160.0
134.0
164.0
136.0
160.0
134.0
138.0
162.0
135.0
134.0
133.0
165.0
135.0
136.0
133.0
123.0
168.0
131.0
162.0
136.0
162.0
112.0
166.0
135.0
133.0
130.0
165.0
135.0
166.0
133.0
164.0
693.0
136.0
137.0
160.0
137.0
164.0
130.0
133.0
130.0
133.0
165.0
129.0
162.0
134.0
164.0
138.0
165.0
134.0
132.0
164.0
135.0
161.0
133.0
168.0
133.0
135.0
133.0
125.0
137.0
161.0
539.0
162.0
133.0
133.0
137.0
162.0
133.0
165.0
133.0
162.0
126.0
160.0
133.0
167.0
132.0
162.0
133.0
164.0
133.0
164.0
134.0
165.0
130.0
162.0
123.0
163.0
137.0
166.0
133.0
134.0
165.0
131.0
162.0
135.0
163.0
137.0
166.0
134.0
134.0
161.0
135.0
138.0
164.0
280.0
166.0
133.0
134.0
136.0
163.0
132.0
133.0
167.0
135.0
166.0
133.0
164.0
132.0
132.0
133.0
133.0
164.0
130.0
137.0
137.0
136.0
162.0
136.0
162.0
253.0
136.0
165.0
135.0
162.0
137.0
134.0
165.0
129.0
163.0
136.0
134.0
134.0
130.0
133.0
134.0
165.0
132.0
165.0
133.0
116.0
168.0
137.0
137.0
164.0
107.0
166.0
136.0
162.0
138.0
136.0
130.0
131.0
162.0
132.0
136.0
136.0
129.0
134.0
162.0
135.0
135.0
162.0
132.0
165.0
135.0
162.0
136.0
165.0
125.0
162.0
138.0
164.0
123.0
165.0
134.0
134.0
135.0
164.0
134.0
161.0
137.0
165.0
138.0
160.0
134.0
137.0
163.0
131.0
162.0
135.0
134.0
164.0
136.0
165.0
132.0
162.0
133.0
167.0
136.0
132.0
168.0
133.0
161.0
133.0
165.0
138.0
162.0
136.0
162.0
138.0
163.0
137.0
136.0
196.0
133.0
165.0
134.0
160.0
133.0
133.0
161.0
136.0
136.0
138.0
164.0
136.0
164.0
126.0
163.0
134.0
134.0
164.0
138.0
163.0
133.0
130.0
164.0
132.0
133.0
165.0
137.0
131.0
161.0
128.0
137.0
165.0
128.0
168.0
136.0
133.0
165.0
136.0
132.0
162.0
100.0
170.0
133.0
133.0
137.0
137.0
137.0
161.0
134.0
132.0
165.0
133.0
162.0
133.0
131.0
160.0
134.0
164.0
136.0
133.0
161.0
126.0
166.0
134.0
123.0
164.0
137.0
165.0
133.0
134.0
164.0
134.0
131.0
161.0
137.0
133.0
160.0
136.0
162.0
131.0
133.0
168.0
130.0
168.0
134.0
138.0
162.0
133.0
162.0
228.0
135.0
136.0
164.0
134.0
135.0
165.0
131.0
160.0
137.0
169.0
131.0
161.0
130.0
132.0
132.0
160.0
136.0
162.0
110.0
173.0
133.0
163.0
135.0
114.0
170.0
130.0
162.0
134.0
136.0
157.0
132.0
137.0
129.0
169.0
133.0
133.0
166.0
132.0
132.0
160.0
134.0
157.0
135.0
134.0
134.0
166.0
114.0
164.0
130.0
165.0
121.0
134.0
132.0
162.0
128.0
503.0
136.0
134.0
135.0
164.0
130.0
132.0
132.0
165.0
134.0
129.0
163.0
132.0
162.0
133.0
164.0
113.0
167.0
137.0
137.0
162.0
133.0
120.0
166.0
132.0
135.0
135.0
133.0
164.0
133.0
137.0
162.0
132.0
160.0
138.0
164.0
133.0
163.0
469.0
131.0
162.0
137.0
162.0
134.0
131.0
165.0
134.0
166.0
133.0
136.0
138.0
160.0
133.0
136.0
133.0
134.0
165.0
128.0
166.0
138.0
164.0
129.0
137.0
166.0
123.0
162.0
132.0
134.0
165.0
136.0
163.0
131.0
135.0
164.0
132.0
134.0
162.0
134.0
137.0
161.0
133.0
130.0
164.0
134.0
131.0
129.0
161.0
121.0
160.0
134.0
121.0
169.0
128.0
170.0
129.0
165.0
132.0
166.0
134.0
132.0
160.0
133.0
163.0
137.0
165.0
133.0
164.0
132.0
161.0
129.0
168.0
130.0
160.0
134.0
353.0
164.0
136.0
362.0
136.0
130.0
165.0
137.0
132.0
160.0
135.0
165.0
132.0
166.0
136.0
136.0
160.0
136.0
129.0
136.0
165.0
88.0
182.0
134.0
134.0
136.0
162.0
125.0
164.0
134.0
133.0
162.0
136.0
132.0
165.0
133.0
133.0
138.0
130.0
133.0
165.0
130.0
167.0
132.0
134.0
167.0
136.0
163.0
136.0
134.0
164.0
133.0
166.0
133.0
130.0
138.0
165.0
132.0
167.0
137.0
136.0
165.0
133.0
131.0
168.0
138.0
137.0
165.0
131.0
133.0
136.0
164.0
130.0
164.0
412.0
162.0
129.0
163.0
133.0
132.0
165.0
138.0
163.0
130.0
163.0
135.0
134.0
136.0
138.0
166.0
133.0
134.0
137.0
170.0
131.0
134.0
162.0
136.0
132.0
133.0
170.0
130.0
133.0
133.0
133.0
533.0
132.0
162.0
136.0
161.0
135.0
136.0
163.0
133.0
132.0
285.0
135.0
132.0
133.0
136.0
133.0
168.0
133.0
161.0
135.0
162.0
136.0
136.0
160.0
135.0
161.0
135.0
165.0
134.0
124.0
165.0
133.0
161.0
138.0
161.0
136.0
162.0
137.0
420.0
161.0
134.0
165.0
132.0
160.0
133.0
168.0
132.0
164.0
134.0
157.0
130.0
160.0
133.0
132.0
135.0
163.0
124.0
165.0
133.0
162.0
136.0
166.0
136.0
135.0
130.0
130.0
168.0
130.0
134.0
164.0
293.0
162.0
136.0
132.0
168.0
134.0
135.0
165.0
130.0
168.0
132.0
166.0
133.0
136.0
167.0
131.0
164.0
138.0
132.0
132.0
628.0
129.0
130.0
133.0
135.0
164.0
137.0
165.0
133.0
136.0
136.0
163.0
129.0
164.0
134.0
166.0
137.0
136.0
165.0
133.0
164.0
131.0
165.0
137.0
163.0
137.0
162.0
134.0
135.0
135.0
130.0
136.0
137.0
131.0
136.0
136.0
163.0
135.0
165.0
134.0
165.0
134.0
164.0
137.0
136.0
134.0
166.0
135.0
138.0
163.0
131.0
169.0
136.0
134.0
166.0
133.0
164.0
135.0
165.0
134.0
133.0
134.0
132.0
170.0
134.0
133.0
133.0
134.0
161.0
132.0
91.0
173.0
133.0
158.0
137.0
133.0
165.0
136.0
131.0
162.0
132.0
134.0
163.0
136.0
161.0
134.0
133.0
239.0
589.0
153.0
133.0
164.0
134.0
133.0
165.0
137.0
136.0
162.0
133.0
125.0
164.0
116.0
162.0
130.0
134.0
163.0
130.0
134.0
138.0
128.0
126.0
165.0
128.0
169.0
133.0
133.0
169.0
133.0
164.0
134.0
166.0
134.0
166.0
139.0
160.0
130.0
165.0
134.0
165.0
137.0
137.0
164.0
134.0
165.0
134.0
165.0
134.0
162.0
131.0
132.0
131.0
138.0
161.0
133.0
164.0
132.0
162.0
133.0
166.0
134.0
130.0
170.0
134.0
133.0
163.0
132.0
163.0
133.0
133.0
163.0
137.0
138.0
161.0
137.0
162.0
132.0
164.0
137.0
139.0
162.0
131.0
168.0
137.0
137.0
159.0
131.0
133.0
169.0
309.0
133.0
135.0
130.0
139.0
136.0
166.0
135.0
132.0
164.0
133.0
166.0
131.0
134.0
122.0
134.0
164.0
136.0
165.0
137.0
134.0
136.0
133.0
163.0
138.0
135.0
162.0
131.0
134.0
138.0
164.0
133.0
136.0
137.0
137.0
133.0
121.0
166.0
134.0
134.0
136.0
137.0
133.0
162.0
135.0
160.0
133.0
163.0
133.0
160.0
133.0
161.0
135.0
136.0
137.0
162.0
134.0
162.0
132.0
133.0
163.0
134.0
133.0
162.0
134.0
167.0
137.0
165.0
135.0
136.0
162.0
132.0
134.0
162.0
209.0
129.0
126.0
162.0
136.0
168.0
134.0
164.0
133.0
161.0
135.0
135.0
133.0
162.0
135.0
164.0
133.0
180.0
136.0
165.0
130.0
133.0
161.0
130.0
133.0
166.0
134.0
136.0
507.0
131.0
136.0
136.0
161.0
136.0
133.0
139.0
133.0
137.0
165.0
132.0
162.0
134.0
164.0
136.0
130.0
164.0
133.0
162.0
134.0
135.0
161.0
133.0
163.0
136.0
162.0
138.0
128.0
166.0
134.0
161.0
134.0
163.0
134.0
165.0
136.0
133.0
165.0
136.0
165.0
134.0
137.0
166.0
130.0
130.0
163.0
136.0
135.0
164.0
132.0
162.0
132.0
136.0
139.0
163.0
133.0
168.0
133.0
163.0
133.0
165.0
135.0
132.0
135.0
165.0
134.0
165.0
133.0
163.0
134.0
165.0
133.0
165.0
131.0
166.0
138.0
164.0
134.0
166.0
130.0
160.0
132.0
168.0
131.0
135.0
165.0
134.0
161.0
133.0
164.0
136.0
161.0
132.0
160.0
132.0
164.0
135.0
164.0
133.0
165.0
135.0
132.0
136.0
162.0
133.0
164.0
137.0
133.0
165.0
133.0
163.0
136.0
138.0
137.0
129.0
133.0
136.0
166.0
136.0
164.0
124.0
165.0
134.0
166.0
125.0
168.0
133.0
167.0
135.0
133.0
134.0
164.0
133.0
165.0
134.0
130.0
165.0
254.0
165.0
133.0
160.0
134.0
122.0
135.0
158.0
133.0
165.0
134.0
136.0
162.0
132.0
167.0
134.0
163.0
134.0
206.0
165.0
131.0
165.0
132.0
169.0
277.0
163.0
136.0
168.0
134.0
161.0
133.0
160.0
134.0
165.0
135.0
133.0
161.0
126.0
157.0
135.0
135.0
130.0
167.0
133.0
165.0
133.0
129.0
131.0
132.0
136.0
134.0
165.0
138.0
163.0
137.0
162.0
132.0
166.0
134.0
165.0
138.0
135.0
130.0
136.0
136.0
165.0
133.0
162.0
129.0
163.0
137.0
163.0
137.0
138.0
137.0
134.0
139.0
160.0
133.0
134.0
132.0
165.0
130.0
163.0
123.0
169.0
132.0
164.0
128.0
166.0
130.0
166.0
136.0
161.0
136.0
165.0
131.0
165.0
135.0
164.0
137.0
161.0
133.0
134.0
122.0
161.0
137.0
162.0
132.0
160.0
136.0
129.0
166.0
135.0
162.0
134.0
165.0
134.0
132.0
133.0
133.0
164.0
133.0
165.0
134.0
137.0
136.0
162.0
135.0
164.0
133.0
164.0
137.0
161.0
136.0
133.0
162.0
130.0
165.0
134.0
133.0
168.0
136.0
165.0
132.0
158.0
135.0
138.0
162.0
125.0
165.0
128.0
162.0
132.0
165.0
132.0
160.0
137.0
134.0
134.0
136.0
163.0
118.0
163.0
134.0
162.0
210.0
161.0
136.0
134.0
136.0
167.0
130.0
133.0
131.0
165.0
134.0
132.0
161.0
133.0
162.0
134.0
158.0
132.0
131.0
131.0
138.0
162.0
133.0
162.0
135.0
132.0
162.0
134.0
162.0
133.0
137.0
164.0
136.0
135.0
160.0
130.0
161.0
132.0
119.0
137.0
167.0
134.0
571.0
156.0
137.0
136.0
165.0
498.0
127.0
168.0
133.0
161.0
138.0
168.0
138.0
132.0
164.0
134.0
126.0
170.0
138.0
163.0
134.0
138.0
162.0
136.0
164.0
132.0
165.0
126.0
163.0
136.0
162.0
134.0
133.0
134.0
162.0
133.0
132.0
135.0
134.0
133.0
137.0
164.0
133.0
165.0
116.0
168.0
134.0
164.0
136.0
132.0
162.0
136.0
136.0
160.0
132.0
136.0
161.0
132.0
165.0
136.0
138.0
133.0
166.0
132.0
166.0
130.0
166.0
133.0
158.0
136.0
164.0
136.0
131.0
161.0
134.0
164.0
135.0
164.0
133.0
164.0
136.0
133.0
135.0
136.0
167.0
127.0
163.0
136.0
130.0
165.0
114.0
167.0
133.0
165.0
128.0
165.0
137.0
138.0
164.0
134.0
164.0
130.0
137.0
125.0
163.0
132.0
284.0
132.0
134.0
133.0
132.0
163.0
138.0
162.0
131.0
165.0
134.0
135.0
166.0
130.0
136.0
160.0
134.0
136.0
134.0
132.0
134.0
166.0
134.0
162.0
136.0
134.0
165.0
196.0
138.0
133.0
126.0
136.0
134.0
161.0
133.0
162.0
134.0
162.0
132.0
136.0
162.0
134.0
133.0
158.0
135.0
135.0
162.0
137.0
165.0
134.0
131.0
160.0
129.0
162.0
133.0
165.0
132.0
134.0
164.0
136.0
129.0
135.0
161.0
133.0
133.0
165.0
133.0
133.0
165.0
133.0
165.0
134.0
162.0
130.0
168.0
134.0
134.0
161.0
137.0
130.0
165.0
136.0
169.0
136.0
164.0
134.0
131.0
160.0
136.0
134.0
132.0
133.0
168.0
132.0
138.0
162.0
134.0
162.0
132.0
134.0
164.0
136.0
136.0
160.0
129.0
133.0
133.0
166.0
136.0
161.0
130.0
165.0
125.0
134.0
162.0
131.0
165.0
136.0
128.0
161.0
135.0
164.0
123.0
136.0
164.0
128.0
121.0
164.0
130.0
165.0
134.0
164.0
137.0
160.0
133.0
161.0
133.0
165.0
133.0
133.0
166.0
131.0
135.0
161.0
132.0
133.0
161.0
134.0
134.0
120.0
166.0
136.0
133.0
133.0
134.0
162.0
137.0
162.0
138.0
163.0
134.0
165.0
136.0
131.0
139.0
134.0
136.0
133.0
162.0
129.0
165.0
134.0
133.0
162.0
134.0
165.0
133.0
122.0
130.0
164.0
136.0
162.0
140.0
136.0
134.0
162.0
131.0
161.0
134.0
136.0
137.0
162.0
138.0
163.0
134.0
136.0
132.0
166.0
135.0
165.0
133.0
164.0
134.0
166.0
133.0
134.0
136.0
166.0
135.0
135.0
162.0
132.0
132.0
165.0
133.0
167.0
136.0
162.0
135.0
135.0
116.0
169.0
135.0
165.0
130.0
129.0
134.0
133.0
161.0
137.0
134.0
164.0
133.0
133.0
158.0
133.0
137.0
164.0
136.0
133.0
168.0
132.0
164.0
135.0
130.0
164.0
405.0
164.0
136.0
135.0
164.0
137.0
165.0
138.0
130.0
166.0
131.0
163.0
136.0
135.0
165.0
133.0
165.0
134.0
133.0
161.0
123.0
165.0
136.0
126.0
136.0
165.0
133.0
164.0
133.0
170.0
136.0
166.0
141.0
134.0
161.0
141.0
162.0
130.0
164.0
135.0
162.0
133.0
165.0
134.0
164.0
136.0
132.0
161.0
136.0
164.0
138.0
137.0
134.0
139.0
167.0
133.0
166.0
137.0
131.0
165.0
130.0
165.0
137.0
165.0
136.0
135.0
133.0
167.0
134.0
164.0
135.0
133.0
138.0
134.0
135.0
164.0
133.0
133.0
162.0
133.0
165.0
136.0
133.0
164.0
128.0
164.0
306.0
160.0
136.0
164.0
134.0
136.0
130.0
168.0
135.0
119.0
164.0
128.0
165.0
136.0
168.0
136.0
132.0
165.0
134.0
165.0
135.0
134.0
133.0
164.0
132.0
134.0
133.0
136.0
137.0
137.0
137.0
164.0
134.0
135.0
162.0
133.0
133.0
164.0
137.0
165.0
136.0
132.0
136.0
134.0
162.0
132.0
137.0
164.0
132.0
138.0
135.0
136.0
139.0
134.0
166.0
138.0
132.0
132.0
137.0
117.0
162.0
134.0
131.0
132.0
164.0
129.0
134.0
139.0
161.0
130.0
164.0
133.0
168.0
125.0
167.0
133.0
165.0
133.0
135.0
164.0
137.0
133.0
162.0
135.0
123.0
165.0
137.0
164.0
135.0
133.0
123.0
164.0
133.0
133.0
165.0
119.0
137.0
132.0
405.0
132.0
134.0
165.0
136.0
165.0
206.0
168.0
131.0
164.0
138.0
166.0
135.0
246.0
163.0
134.0
134.0
136.0
128.0
136.0
129.0
163.0
131.0
163.0
134.0
131.0
161.0
135.0
168.0
134.0
166.0
133.0
165.0
133.0
163.0
133.0
163.0
134.0
162.0
136.0
128.0
170.0
133.0
134.0
163.0
139.0
164.0
229.0
164.0
133.0
164.0
133.0
161.0
132.0
136.0
133.0
136.0
137.0
164.0
137.0
136.0
133.0
133.0
131.0
165.0
130.0
164.0
132.0
132.0
167.0
131.0
162.0
133.0
165.0
134.0
137.0
138.0
162.0
137.0
162.0
138.0
132.0
137.0
164.0
137.0
126.0
165.0
133.0
165.0
136.0
163.0
131.0
278.0
134.0
165.0
137.0
165.0
136.0
164.0
135.0
136.0
134.0
162.0
134.0
168.0
133.0
160.0
136.0
165.0
138.0
136.0
132.0
162.0
134.0
135.0
136.0
136.0
165.0
131.0
134.0
165.0
136.0
165.0
138.0
165.0
135.0
137.0
135.0
165.0
133.0
165.0
137.0
133.0
161.0
136.0
164.0
134.0
161.0
134.0
164.0
135.0
134.0
165.0
135.0
136.0
164.0
133.0
164.0
135.0
163.0
125.0
165.0
132.0
136.0
165.0
138.0
165.0
136.0
138.0
165.0
119.0
168.0
132.0
137.0
134.0
135.0
132.0
132.0
168.0
138.0
137.0
164.0
133.0
161.0
132.0
134.0
162.0
119.0
163.0
136.0
160.0
133.0
140.0
135.0
164.0
141.0
164.0
134.0
165.0
133.0
161.0
618.0
133.0
136.0
132.0
134.0
165.0
134.0
118.0
170.0
333.0
165.0
130.0
161.0
135.0
136.0
138.0
134.0
133.0
132.0
165.0
133.0
131.0
167.0
135.0
133.0
130.0
165.0
136.0
163.0
135.0
132.0
134.0
157.0
165.0
136.0
167.0
135.0
135.0
134.0
165.0
138.0
137.0
134.0
117.0
161.0
128.0
136.0
162.0
133.0
168.0
136.0
134.0
160.0
134.0
136.0
163.0
133.0
244.0
137.0
134.0
164.0
139.0
160.0
132.0
137.0
138.0
162.0
139.0
162.0
134.0
132.0
165.0
134.0
163.0
134.0
138.0
162.0
136.0
164.0
136.0
135.0
162.0
133.0
162.0
132.0
136.0
136.0
166.0
135.0
132.0
162.0
132.0
132.0
131.0
163.0
133.0
134.0
135.0
138.0
133.0
162.0
123.0
166.0
131.0
165.0
136.0
164.0
130.0
133.0
134.0
133.0
132.0
136.0
129.0
139.0
137.0
130.0
164.0
136.0
134.0
130.0
131.0
165.0
134.0
133.0
163.0
136.0
132.0
136.0
167.0
134.0
134.0
136.0
140.0
127.0
166.0
134.0
421.0
166.0
135.0
165.0
137.0
134.0
166.0
133.0
134.0
131.0
165.0
132.0
164.0
133.0
169.0
130.0
132.0
134.0
164.0
130.0
165.0
137.0
136.0
166.0
134.0
137.0
169.0
135.0
133.0
133.0
134.0
166.0
128.0
133.0
137.0
136.0
138.0
164.0
139.0
132.0
166.0
134.0
137.0
138.0
135.0
162.0
135.0
136.0
137.0
165.0
136.0
131.0
133.0
133.0
136.0
163.0
126.0
163.0
137.0
136.0
163.0
135.0
163.0
134.0
134.0
161.0
133.0
131.0
166.0
137.0
164.0
136.0
134.0
137.0
164.0
135.0
165.0
137.0
134.0
136.0
164.0
134.0
164.0
129.0
164.0
138.0
136.0
162.0
135.0
165.0
135.0
139.0
166.0
132.0
161.0
133.0
136.0
164.0
134.0
134.0
166.0
136.0
165.0
138.0
162.0
132.0
137.0
137.0
164.0
136.0
165.0
128.0
133.0
133.0
164.0
134.0
133.0
135.0
135.0
134.0
134.0
136.0
166.0
135.0
129.0
165.0
132.0
137.0
165.0
135.0
133.0
168.0
134.0
137.0
133.0
160.0
125.0
170.0
137.0
136.0
122.0
137.0
132.0
163.0
136.0
165.0
136.0
164.0
134.0
162.0
131.0
163.0
133.0
138.0
132.0
163.0
138.0
135.0
129.0
163.0
136.0
162.0
132.0
134.0
133.0
131.0
163.0
130.0
168.0
133.0
165.0
137.0
160.0
124.0
132.0
132.0
167.0
135.0
131.0
138.0
168.0
133.0
165.0
136.0
161.0
135.0
166.0
134.0
134.0
134.0
137.0
125.0
164.0
125.0
132.0
122.0
168.0
128.0
165.0
114.0
168.0
137.0
164.0
134.0
137.0
165.0
133.0
164.0
133.0
165.0
133.0
165.0
136.0
135.0
164.0
136.0
164.0
136.0
162.0
129.0
165.0
139.0
134.0
122.0
165.0
132.0
125.0
126.0
169.0
126.0
165.0
235.0
130.0
135.0
134.0
136.0
169.0
182.0
136.0
133.0
165.0
135.0
245.0
168.0
136.0
164.0
134.0
133.0
133.0
134.0
163.0
135.0
134.0
133.0
163.0
134.0
136.0
131.0
166.0
137.0
136.0
138.0
164.0
405.0
163.0
136.0
125.0
141.0
162.0
136.0
134.0
137.0
134.0
311.0
136.0
133.0
169.0
137.0
166.0
135.0
125.0
162.0
126.0
132.0
137.0
165.0
131.0
161.0
134.0
162.0
136.0
135.0
129.0
168.0
133.0
132.0
165.0
132.0
136.0
164.0
139.0
136.0
167.0
134.0
134.0
165.0
136.0
137.0
133.0
164.0
125.0
161.0
136.0
164.0
138.0
163.0
133.0
164.0
136.0
165.0
136.0
133.0
165.0
138.0
131.0
133.0
134.0
135.0
166.0
134.0
233.0
134.0
133.0
136.0
165.0
136.0
134.0
167.0
136.0
132.0
129.0
166.0
128.0
166.0
137.0
162.0
136.0
133.0
166.0
118.0
165.0
130.0
130.0
135.0
341.0
129.0
166.0
132.0
168.0
138.0
164.0
134.0
165.0
133.0
167.0
131.0
131.0
163.0
133.0
167.0
137.0
134.0
138.0
133.0
133.0
139.0
137.0
134.0
138.0
161.0
132.0
137.0
165.0
134.0
165.0
138.0
137.0
165.0
133.0
138.0
161.0
134.0
138.0
132.0
127.0
136.0
168.0
498.0
136.0
136.0
134.0
138.0
164.0
136.0
162.0
137.0
165.0
134.0
165.0
133.0
167.0
131.0
164.0
134.0
164.0
129.0
135.0
136.0
139.0
133.0
165.0
118.0
165.0
136.0
137.0
137.0
164.0
136.0
135.0
134.0
134.0
134.0
161.0
138.0
132.0
135.0
161.0
135.0
136.0
158.0
131.0
165.0
138.0
141.0
136.0
167.0
131.0
164.0
128.0
164.0
137.0
162.0
132.0
133.0
165.0
125.0
125.0
171.0
136.0
164.0
135.0
166.0
132.0
133.0
135.0
136.0
165.0
136.0
124.0
166.0
132.0
134.0
163.0
137.0
134.0
166.0
131.0
168.0
133.0
164.0
123.0
166.0
133.0
130.0
133.0
164.0
134.0
136.0
130.0
132.0
138.0
136.0
164.0
133.0
136.0
163.0
467.0
132.0
134.0
135.0
135.0
168.0
137.0
163.0
128.0
166.0
135.0
123.0
161.0
132.0
140.0
134.0
134.0
168.0
141.0
138.0
165.0
141.0
166.0
136.0
201.0
137.0
136.0
162.0
138.0
132.0
164.0
133.0
166.0
129.0
133.0
128.0
139.0
132.0
136.0
166.0
137.0
160.0
127.0
133.0
164.0
130.0
165.0
135.0
126.0
126.0
165.0
134.0
164.0
137.0
136.0
161.0
127.0
163.0
132.0
136.0
133.0
160.0
135.0
165.0
134.0
165.0
130.0
168.0
136.0
160.0
136.0
166.0
132.0
164.0
130.0
165.0
132.0
166.0
131.0
284.0
165.0
133.0
132.0
135.0
134.0
162.0
138.0
163.0
138.0
129.0
130.0
134.0
162.0
136.0
133.0
125.0
165.0
132.0
125.0
160.0
130.0
164.0
132.0
162.0
136.0
132.0
163.0
135.0
165.0
133.0
165.0
133.0
138.0
135.0
132.0
164.0
133.0
136.0
138.0
125.0
134.0
135.0
167.0
133.0
138.0
133.0
136.0
160.0
137.0
137.0
130.0
133.0
134.0
165.0
135.0
164.0
138.0
134.0
161.0
134.0
162.0
138.0
135.0
165.0
137.0
132.0
161.0
134.0
161.0
130.0
162.0
137.0
162.0
132.0
132.0
133.0
133.0
162.0
136.0
165.0
133.0
132.0
130.0
130.0
165.0
135.0
165.0
126.0
166.0
131.0
168.0
133.0
130.0
164.0
132.0
163.0
134.0
163.0
138.0
136.0
134.0
132.0
164.0
134.0
133.0
131.0
160.0
134.0
164.0
133.0
167.0
133.0
166.0
134.0
162.0
136.0
166.0
134.0
134.0
165.0
134.0
165.0
133.0
162.0
139.0
133.0
161.0
130.0
133.0
133.0
217.0
162.0
134.0
164.0
136.0
161.0
132.0
167.0
132.0
162.0
136.0
136.0
164.0
137.0
164.0
136.0
164.0
136.0
166.0
135.0
117.0
166.0
136.0
163.0
132.0
134.0
165.0
137.0
160.0
130.0
134.0
134.0
165.0
136.0
134.0
161.0
133.0
162.0
136.0
162.0
130.0
165.0
135.0
197.0
133.0
135.0
163.0
132.0
165.0
140.0
133.0
162.0
134.0
134.0
168.0
132.0
132.0
170.0
105.0
173.0
136.0
160.0
133.0
160.0
138.0
162.0
132.0
165.0
121.0
171.0
124.0
166.0
133.0
134.0
166.0
139.0
136.0
163.0
137.0
133.0
166.0
136.0
165.0
133.0
162.0
134.0
164.0
131.0
133.0
135.0
160.0
132.0
165.0
128.0
134.0
166.0
132.0
124.0
133.0
134.0
167.0
133.0
165.0
136.0
164.0
134.0
161.0
132.0
134.0
132.0
133.0
134.0
125.0
136.0
165.0
129.0
136.0
125.0
160.0
136.0
163.0
136.0
136.0
134.0
161.0
133.0
136.0
163.0
134.0
165.0
135.0
133.0
134.0
165.0
135.0
162.0
133.0
200.0
136.0
164.0
133.0
136.0
136.0
136.0
134.0
162.0
133.0
165.0
133.0
163.0
136.0
128.0
168.0
134.0
135.0
164.0
132.0
163.0
134.0
135.0
132.0
164.0
133.0
136.0
131.0
131.0
168.0
198.0
166.0
137.0
162.0
134.0
130.0
163.0
134.0
134.0
134.0
163.0
132.0
163.0
136.0
164.0
132.0
162.0
134.0
133.0
132.0
130.0
163.0
132.0
166.0
138.0
136.0
166.0
133.0
166.0
137.0
162.0
134.0
164.0
133.0
134.0
131.0
134.0
133.0
164.0
136.0
164.0
134.0
137.0
136.0
138.0
166.0
137.0
139.0
165.0
136.0
162.0
129.0
164.0
138.0
202.0
134.0
131.0
163.0
134.0
132.0
127.0
162.0
134.0
136.0
160.0
135.0
138.0
137.0
165.0
122.0
166.0
128.0
133.0
134.0
161.0
138.0
137.0
157.0
125.0
161.0
133.0
164.0
122.0
137.0
163.0
132.0
168.0
132.0
164.0
138.0
131.0
166.0
134.0
165.0
126.0
167.0
132.0
162.0
134.0
165.0
132.0
166.0
133.0
165.0
137.0
165.0
130.0
162.0
134.0
164.0
137.0
133.0
164.0
133.0
125.0
166.0
136.0
167.0
133.0
134.0
137.0
165.0
134.0
133.0
134.0
253.0
164.0
130.0
140.0
166.0
125.0
165.0
134.0
164.0
137.0
165.0
134.0
161.0
133.0
162.0
133.0
135.0
162.0
132.0
130.0
141.0
132.0
137.0
162.0
136.0
165.0
136.0
162.0
133.0
133.0
166.0
136.0
138.0
130.0
138.0
132.0
130.0
136.0
129.0
166.0
132.0
161.0
133.0
135.0
162.0
132.0
165.0
136.0
164.0
138.0
166.0
125.0
166.0
134.0
162.0
137.0
134.0
124.0
165.0
130.0
164.0
134.0
341.0
164.0
133.0
165.0
123.0
167.0
129.0
164.0
133.0
126.0
131.0
165.0
134.0
168.0
122.0
165.0
138.0
166.0
134.0
161.0
135.0
165.0
133.0
164.0
133.0
172.0
133.0
134.0
131.0
168.0
128.0
162.0
133.0
163.0
136.0
132.0
161.0
132.0
133.0
164.0
133.0
109.0
171.0
129.0
163.0
135.0
165.0
133.0
130.0
165.0
137.0
132.0
134.0
165.0
134.0
137.0
165.0
136.0
125.0
133.0
167.0
137.0
133.0
132.0
139.0
