134.0
134.0
138.0
133.0
133.0
163.0
135.0
164.0
132.0
164.0
129.0
136.0
133.0
164.0
134.0
170.0
129.0
160.0
156.0
138.0
163.0
137.0
163.0
128.0
133.0
134.0
134.0
163.0
134.0
130.0
163.0
132.0
137.0
121.0
162.0
136.0
162.0
141.0
164.0
137.0
162.0
133.0
162.0
131.0
165.0
136.0
165.0
133.0
158.0
131.0
133.0
128.0
166.0
128.0
163.0
133.0
161.0
137.0
136.0
134.0
164.0
137.0
131.0
134.0
157.0
130.0
138.0
161.0
134.0
133.0
133.0
134.0
161.0
138.0
132.0
137.0
160.0
134.0
160.0
119.0
165.0
129.0
164.0
138.0
133.0
243.0
161.0
135.0
163.0
136.0
157.0
135.0
163.0
133.0
161.0
136.0
161.0
134.0
130.0
164.0
136.0
134.0
163.0
133.0
157.0
125.0
164.0
136.0
162.0
139.0
165.0
123.0
133.0
164.0
134.0
165.0
135.0
164.0
135.0
166.0
133.0
165.0
122.0
166.0
133.0
134.0
162.0
137.0
164.0
132.0
165.0
129.0
132.0
163.0
123.0
166.0
133.0
161.0
135.0
163.0
128.0
131.0
133.0
166.0
129.0
136.0
134.0
162.0
132.0
132.0
164.0
139.0
162.0
131.0
162.0
136.0
162.0
130.0
134.0
164.0
133.0
162.0
130.0
132.0
136.0
162.0
129.0
166.0
134.0
129.0
161.0
133.0
165.0
136.0
162.0
133.0
165.0
132.0
162.0
133.0
162.0
132.0
163.0
136.0
166.0
136.0
135.0
164.0
127.0
162.0
132.0
164.0
130.0
170.0
132.0
161.0
133.0
129.0
164.0
128.0
165.0
133.0
130.0
165.0
130.0
163.0
138.0
161.0
587.0
160.0
122.0
162.0
526.0
172.0
123.0
169.0
128.0
164.0
136.0
133.0
162.0
134.0
162.0
134.0
162.0
135.0
166.0
134.0
162.0
134.0
159.0
131.0
165.0
132.0
165.0
138.0
134.0
157.0
133.0
134.0
370.0
136.0
133.0
163.0
136.0
134.0
135.0
133.0
132.0
123.0
169.0
136.0
137.0
132.0
136.0
165.0
132.0
166.0
134.0
169.0
138.0
161.0
133.0
164.0
136.0
131.0
161.0
133.0
164.0
134.0
162.0
133.0
161.0
135.0
163.0
137.0
160.0
137.0
162.0
138.0
136.0
165.0
125.0
163.0
133.0
133.0
160.0
138.0
163.0
126.0
166.0
133.0
162.0
134.0
163.0
132.0
134.0
132.0
133.0
163.0
189.0
161.0
136.0
134.0
134.0
138.0
162.0
130.0
166.0
132.0
125.0
163.0
132.0
166.0
135.0
164.0
134.0
168.0
134.0
160.0
132.0
164.0
134.0
161.0
134.0
134.0
132.0
164.0
133.0
133.0
164.0
137.0
137.0
163.0
559.0
161.0
130.0
165.0
132.0
134.0
136.0
162.0
136.0
132.0
162.0
119.0
167.0
134.0
163.0
130.0
138.0
128.0
133.0
133.0
135.0
162.0
137.0
161.0
137.0
158.0
133.0
161.0
130.0
162.0
135.0
133.0
135.0
163.0
136.0
133.0
132.0
132.0
135.0
168.0
137.0
134.0
163.0
133.0
164.0
131.0
164.0
135.0
130.0
274.0
137.0
170.0
133.0
160.0
135.0
165.0
138.0
130.0
165.0
135.0
124.0
164.0
134.0
165.0
134.0
136.0
130.0
138.0
161.0
134.0
165.0
136.0
159.0
134.0
165.0
136.0
136.0
136.0
134.0
132.0
158.0
133.0
133.0
163.0
135.0
157.0
129.0
132.0
163.0
129.0
160.0
134.0
162.0
134.0
164.0
132.0
162.0
198.0
131.0
162.0
140.0
162.0
134.0
130.0
162.0
126.0
164.0
133.0
161.0
137.0
164.0
135.0
162.0
136.0
136.0
162.0
135.0
166.0
133.0
133.0
165.0
133.0
130.0
133.0
133.0
161.0
135.0
126.0
129.0
164.0
134.0
136.0
134.0
132.0
166.0
134.0
162.0
134.0
164.0
134.0
134.0
165.0
130.0
166.0
137.0
136.0
136.0
163.0
134.0
132.0
166.0
136.0
135.0
134.0
133.0
134.0
133.0
160.0
134.0
137.0
165.0
130.0
135.0
162.0
135.0
134.0
160.0
133.0
162.0
133.0
133.0
165.0
132.0
165.0
137.0
134.0
135.0
132.0
131.0
160.0
126.0
126.0
162.0
133.0
137.0
166.0
131.0
164.0
129.0
162.0
132.0
159.0
131.0
133.0
161.0
131.0
134.0
134.0
164.0
134.0
163.0
138.0
165.0
132.0
165.0
134.0
133.0
160.0
135.0
125.0
163.0
138.0
158.0
135.0
160.0
136.0
159.0
130.0
134.0
133.0
139.0
167.0
138.0
137.0
133.0
164.0
134.0
163.0
131.0
164.0
131.0
133.0
167.0
188.0
164.0
129.0
135.0
235.0
164.0
131.0
130.0
162.0
128.0
160.0
137.0
162.0
137.0
134.0
166.0
129.0
161.0
137.0
164.0
122.0
165.0
137.0
133.0
163.0
133.0
165.0
136.0
118.0
164.0
134.0
165.0
130.0
161.0
135.0
165.0
138.0
133.0
162.0
131.0
119.0
165.0
134.0
162.0
136.0
164.0
134.0
165.0
135.0
137.0
136.0
162.0
129.0
164.0
137.0
129.0
166.0
135.0
132.0
160.0
138.0
137.0
162.0
134.0
165.0
131.0
165.0
130.0
130.0
168.0
130.0
135.0
134.0
136.0
134.0
132.0
165.0
134.0
164.0
134.0
136.0
164.0
130.0
138.0
134.0
162.0
129.0
164.0
134.0
133.0
137.0
164.0
138.0
133.0
130.0
163.0
133.0
161.0
129.0
133.0
131.0
160.0
134.0
133.0
132.0
162.0
129.0
166.0
132.0
136.0
161.0
133.0
157.0
132.0
162.0
136.0
166.0
135.0
163.0
132.0
167.0
135.0
133.0
162.0
131.0
136.0
163.0
136.0
162.0
134.0
135.0
164.0
136.0
162.0
132.0
133.0
138.0
136.0
165.0
135.0
161.0
128.0
162.0
130.0
161.0
122.0
166.0
133.0
136.0
162.0
132.0
130.0
160.0
134.0
162.0
122.0
164.0
131.0
166.0
134.0
136.0
132.0
164.0
134.0
162.0
133.0
165.0
132.0
169.0
133.0
162.0
131.0
164.0
306.0
124.0
640.0
161.0
133.0
162.0
132.0
137.0
165.0
135.0
131.0
161.0
550.0
160.0
137.0
136.0
163.0
125.0
162.0
137.0
135.0
137.0
136.0
160.0
134.0
162.0
132.0
162.0
128.0
164.0
137.0
165.0
134.0
129.0
136.0
134.0
134.0
162.0
135.0
127.0
166.0
186.0
161.0
128.0
166.0
136.0
134.0
164.0
132.0
129.0
160.0
131.0
163.0
135.0
135.0
166.0
131.0
164.0
423.0
134.0
161.0
127.0
130.0
132.0
163.0
133.0
132.0
164.0
130.0
136.0
128.0
160.0
133.0
165.0
157.0
130.0
164.0
133.0
135.0
167.0
137.0
133.0
134.0
136.0
159.0
134.0
136.0
133.0
135.0
136.0
137.0
168.0
133.0
164.0
166.0
164.0
382.0
160.0
130.0
161.0
132.0
164.0
134.0
165.0
123.0
163.0
137.0
132.0
130.0
116.0
166.0
131.0
162.0
135.0
164.0
134.0
161.0
137.0
157.0
137.0
139.0
133.0
163.0
122.0
164.0
133.0
169.0
538.0
160.0
213.0
160.0
132.0
133.0
168.0
137.0
160.0
131.0
135.0
133.0
121.0
163.0
132.0
135.0
164.0
132.0
164.0
135.0
164.0
134.0
164.0
133.0
162.0
208.0
133.0
161.0
133.0
163.0
133.0
164.0
133.0
164.0
134.0
164.0
134.0
164.0
131.0
133.0
163.0
133.0
164.0
136.0
120.0
136.0
133.0
164.0
133.0
136.0
164.0
134.0
165.0
135.0
163.0
133.0
132.0
138.0
133.0
162.0
134.0
161.0
129.0
158.0
138.0
138.0
163.0
130.0
160.0
150.0
163.0
130.0
164.0
138.0
133.0
136.0
165.0
136.0
162.0
137.0
133.0
163.0
136.0
164.0
131.0
134.0
165.0
215.0
162.0
133.0
158.0
130.0
161.0
134.0
136.0
161.0
129.0
164.0
135.0
164.0
138.0
133.0
123.0
166.0
135.0
164.0
134.0
158.0
136.0
131.0
134.0
133.0
162.0
133.0
162.0
133.0
162.0
133.0
138.0
120.0
162.0
135.0
132.0
136.0
161.0
133.0
135.0
167.0
133.0
167.0
136.0
132.0
138.0
130.0
166.0
135.0
160.0
134.0
162.0
132.0
165.0
134.0
135.0
137.0
161.0
203.0
157.0
133.0
135.0
165.0
133.0
162.0
135.0
165.0
122.0
162.0
134.0
134.0
165.0
134.0
163.0
132.0
162.0
137.0
136.0
134.0
133.0
164.0
137.0
166.0
133.0
134.0
163.0
133.0
159.0
130.0
165.0
226.0
135.0
161.0
132.0
164.0
109.0
163.0
130.0
132.0
165.0
132.0
160.0
134.0
164.0
132.0
129.0
165.0
133.0
133.0
136.0
166.0
133.0
134.0
163.0
128.0
132.0
164.0
116.0
164.0
126.0
135.0
136.0
136.0
136.0
160.0
130.0
164.0
138.0
162.0
133.0
136.0
161.0
134.0
138.0
160.0
132.0
162.0
133.0
133.0
162.0
135.0
155.0
135.0
162.0
134.0
163.0
123.0
168.0
123.0
164.0
137.0
156.0
136.0
136.0
132.0
161.0
126.0
164.0
132.0
166.0
136.0
133.0
134.0
136.0
134.0
163.0
133.0
135.0
124.0
168.0
134.0
162.0
134.0
164.0
131.0
166.0
131.0
163.0
128.0
162.0
130.0
162.0
136.0
136.0
165.0
133.0
133.0
165.0
133.0
158.0
429.0
162.0
134.0
164.0
133.0
134.0
134.0
162.0
137.0
163.0
134.0
162.0
133.0
171.0
135.0
162.0
133.0
162.0
132.0
161.0
131.0
164.0
122.0
161.0
133.0
159.0
136.0
133.0
162.0
133.0
164.0
136.0
131.0
136.0
165.0
137.0
137.0
162.0
132.0
161.0
136.0
161.0
136.0
136.0
134.0
166.0
134.0
119.0
160.0
133.0
161.0
134.0
132.0
134.0
163.0
134.0
134.0
165.0
136.0
162.0
126.0
162.0
136.0
163.0
134.0
162.0
136.0
165.0
132.0
138.0
164.0
132.0
134.0
163.0
138.0
133.0
136.0
134.0
221.0
164.0
132.0
134.0
161.0
139.0
164.0
136.0
168.0
134.0
163.0
136.0
162.0
132.0
162.0
136.0
134.0
158.0
486.0
160.0
134.0
160.0
134.0
166.0
136.0
132.0
137.0
133.0
134.0
164.0
137.0
164.0
132.0
162.0
133.0
167.0
133.0
362.0
134.0
122.0
165.0
130.0
132.0
161.0
137.0
161.0
130.0
266.0
132.0
134.0
134.0
163.0
136.0
137.0
162.0
133.0
163.0
133.0
164.0
129.0
164.0
133.0
136.0
126.0
158.0
130.0
165.0
129.0
134.0
134.0
136.0
165.0
136.0
161.0
215.0
138.0
162.0
138.0
201.0
163.0
130.0
136.0
135.0
127.0
165.0
131.0
162.0
130.0
164.0
134.0
134.0
133.0
137.0
165.0
133.0
136.0
132.0
138.0
161.0
133.0
158.0
134.0
162.0
129.0
138.0
136.0
91.0
172.0
132.0
132.0
133.0
163.0
135.0
165.0
131.0
135.0
160.0
127.0
167.0
134.0
136.0
130.0
163.0
133.0
163.0
110.0
167.0
134.0
133.0
136.0
165.0
138.0
132.0
133.0
162.0
136.0
125.0
169.0
136.0
132.0
136.0
133.0
136.0
133.0
159.0
134.0
129.0
164.0
136.0
132.0
137.0
162.0
137.0
136.0
126.0
133.0
164.0
132.0
163.0
135.0
133.0
162.0
133.0
131.0
163.0
132.0
161.0
133.0
162.0
136.0
133.0
133.0
136.0
195.0
135.0
162.0
133.0
127.0
160.0
134.0
133.0
162.0
130.0
161.0
134.0
132.0
138.0
160.0
135.0
133.0
161.0
124.0
169.0
136.0
136.0
133.0
550.0
161.0
133.0
129.0
164.0
136.0
134.0
133.0
161.0
126.0
130.0
168.0
132.0
163.0
131.0
161.0
140.0
132.0
162.0
136.0
162.0
134.0
162.0
130.0
161.0
133.0
160.0
134.0
133.0
160.0
117.0
133.0
131.0
162.0
133.0
164.0
130.0
642.0
156.0
351.0
128.0
129.0
132.0
135.0
135.0
158.0
131.0
130.0
164.0
136.0
167.0
138.0
161.0
130.0
135.0
164.0
131.0
119.0
137.0
133.0
164.0
133.0
133.0
127.0
161.0
137.0
132.0
162.0
135.0
134.0
160.0
136.0
165.0
133.0
162.0
134.0
132.0
135.0
136.0
165.0
135.0
166.0
133.0
134.0
164.0
133.0
132.0
132.0
163.0
134.0
132.0
161.0
132.0
133.0
133.0
164.0
130.0
134.0
131.0
134.0
164.0
133.0
132.0
166.0
133.0
132.0
163.0
133.0
161.0
133.0
162.0
135.0
136.0
162.0
131.0
164.0
136.0
162.0
130.0
124.0
163.0
134.0
130.0
162.0
133.0
158.0
126.0
163.0
134.0
121.0
165.0
129.0
161.0
132.0
165.0
135.0
161.0
126.0
129.0
163.0
130.0
155.0
134.0
131.0
131.0
131.0
162.0
134.0
288.0
138.0
162.0
133.0
135.0
133.0
133.0
162.0
134.0
135.0
134.0
161.0
131.0
132.0
133.0
138.0
136.0
188.0
130.0
162.0
125.0
125.0
164.0
127.0
166.0
135.0
108.0
168.0
136.0
163.0
132.0
132.0
169.0
131.0
136.0
161.0
130.0
164.0
130.0
161.0
134.0
132.0
165.0
135.0
165.0
131.0
167.0
133.0
162.0
132.0
162.0
137.0
160.0
135.0
162.0
134.0
133.0
162.0
137.0
165.0
134.0
162.0
131.0
133.0
160.0
134.0
165.0
126.0
162.0
131.0
135.0
157.0
135.0
130.0
163.0
134.0
160.0
125.0
163.0
130.0
157.0
134.0
165.0
130.0
167.0
132.0
132.0
133.0
162.0
516.0
134.0
163.0
135.0
164.0
128.0
158.0
130.0
161.0
125.0
165.0
136.0
133.0
163.0
133.0
166.0
133.0
162.0
134.0
166.0
133.0
131.0
161.0
131.0
127.0
168.0
133.0
162.0
133.0
133.0
160.0
132.0
166.0
136.0
138.0
166.0
132.0
135.0
133.0
165.0
132.0
165.0
131.0
162.0
136.0
131.0
165.0
136.0
157.0
130.0
164.0
125.0
160.0
130.0
162.0
132.0
166.0
135.0
135.0
162.0
132.0
163.0
133.0
165.0
136.0
161.0
134.0
130.0
136.0
161.0
128.0
132.0
133.0
133.0
163.0
134.0
130.0
134.0
160.0
133.0
162.0
130.0
160.0
138.0
166.0
129.0
162.0
138.0
163.0
121.0
163.0
133.0
135.0
161.0
134.0
130.0
162.0
136.0
132.0
134.0
118.0
165.0
134.0
164.0
134.0
157.0
134.0
133.0
163.0
133.0
167.0
134.0
163.0
132.0
161.0
130.0
163.0
131.0
162.0
133.0
164.0
130.0
164.0
136.0
158.0
132.0
162.0
134.0
135.0
205.0
134.0
136.0
133.0
132.0
136.0
162.0
133.0
162.0
134.0
130.0
129.0
165.0
139.0
133.0
163.0
136.0
164.0
135.0
165.0
130.0
132.0
160.0
137.0
161.0
134.0
162.0
137.0
118.0
165.0
136.0
164.0
125.0
162.0
133.0
134.0
136.0
130.0
165.0
132.0
164.0
135.0
165.0
130.0
163.0
130.0
164.0
131.0
160.0
132.0
160.0
136.0
163.0
135.0
164.0
136.0
164.0
130.0
136.0
160.0
134.0
137.0
134.0
162.0
135.0
165.0
129.0
156.0
133.0
162.0
129.0
168.0
147.0
134.0
133.0
162.0
136.0
162.0
133.0
164.0
132.0
162.0
135.0
128.0
134.0
134.0
160.0
134.0
161.0
137.0
163.0
134.0
135.0
161.0
133.0
163.0
132.0
164.0
131.0
158.0
136.0
170.0
136.0
133.0
135.0
161.0
132.0
187.0
161.0
134.0
130.0
166.0
126.0
163.0
120.0
166.0
130.0
162.0
133.0
164.0
130.0
135.0
133.0
127.0
488.0
163.0
131.0
134.0
161.0
132.0
133.0
161.0
139.0
164.0
135.0
162.0
234.0
156.0
136.0
132.0
136.0
133.0
224.0
130.0
164.0
136.0
120.0
167.0
137.0
161.0
134.0
163.0
224.0
161.0
134.0
138.0
121.0
167.0
133.0
131.0
162.0
130.0
136.0
161.0
130.0
166.0
138.0
164.0
136.0
127.0
135.0
163.0
134.0
134.0
132.0
135.0
162.0
128.0
164.0
132.0
166.0
135.0
165.0
137.0
166.0
134.0
162.0
132.0
163.0
130.0
166.0
136.0
162.0
135.0
133.0
133.0
136.0
136.0
134.0
161.0
126.0
133.0
128.0
134.0
161.0
132.0
165.0
131.0
161.0
137.0
170.0
100.0
175.0
132.0
161.0
124.0
162.0
201.0
134.0
166.0
132.0
162.0
132.0
165.0
131.0
162.0
127.0
165.0
136.0
162.0
136.0
163.0
137.0
162.0
134.0
162.0
136.0
131.0
165.0
133.0
164.0
133.0
133.0
133.0
161.0
133.0
134.0
162.0
131.0
162.0
129.0
160.0
132.0
161.0
136.0
132.0
134.0
136.0
134.0
164.0
135.0
160.0
132.0
161.0
138.0
160.0
133.0
161.0
136.0
131.0
133.0
163.0
135.0
162.0
133.0
136.0
160.0
130.0
162.0
133.0
158.0
133.0
138.0
165.0
134.0
162.0
136.0
131.0
163.0
133.0
180.0
137.0
133.0
136.0
159.0
133.0
161.0
135.0
162.0
136.0
131.0
163.0
136.0
164.0
135.0
137.0
161.0
128.0
133.0
161.0
128.0
169.0
133.0
140.0
165.0
126.0
165.0
137.0
164.0
132.0
130.0
133.0
125.0
136.0
165.0
135.0
165.0
132.0
160.0
132.0
166.0
133.0
162.0
129.0
164.0
136.0
163.0
134.0
162.0
134.0
164.0
131.0
161.0
131.0
162.0
133.0
166.0
134.0
165.0
132.0
129.0
162.0
127.0
162.0
135.0
134.0
168.0
125.0
161.0
122.0
162.0
133.0
162.0
133.0
162.0
129.0
165.0
135.0
134.0
133.0
130.0
165.0
134.0
160.0
132.0
135.0
163.0
210.0
160.0
135.0
161.0
132.0
165.0
136.0
161.0
134.0
165.0
266.0
130.0
251.0
137.0
158.0
132.0
160.0
134.0
166.0
134.0
133.0
133.0
126.0
161.0
137.0
218.0
133.0
398.0
162.0
132.0
133.0
134.0
162.0
132.0
165.0
134.0
163.0
137.0
134.0
164.0
120.0
164.0
130.0
160.0
139.0
161.0
131.0
134.0
133.0
133.0
163.0
134.0
133.0
164.0
136.0
134.0
162.0
134.0
129.0
131.0
162.0
208.0
157.0
135.0
162.0
135.0
134.0
164.0
134.0
160.0
133.0
162.0
129.0
138.0
128.0
165.0
139.0
158.0
133.0
128.0
160.0
128.0
134.0
133.0
134.0
164.0
134.0
160.0
132.0
160.0
138.0
162.0
132.0
162.0
131.0
136.0
165.0
130.0
167.0
136.0
164.0
135.0
162.0
136.0
135.0
164.0
133.0
108.0
170.0
133.0
162.0
135.0
164.0
125.0
136.0
162.0
137.0
133.0
133.0
131.0
135.0
162.0
136.0
129.0
159.0
133.0
161.0
135.0
162.0
135.0
162.0
135.0
163.0
132.0
169.0
130.0
164.0
136.0
132.0
162.0
131.0
163.0
132.0
163.0
138.0
164.0
135.0
136.0
161.0
132.0
122.0
164.0
133.0
160.0
134.0
161.0
508.0
134.0
164.0
132.0
160.0
132.0
164.0
130.0
168.0
132.0
132.0
134.0
161.0
125.0
134.0
164.0
129.0
133.0
132.0
133.0
136.0
159.0
134.0
164.0
134.0
133.0
126.0
158.0
125.0
162.0
125.0
161.0
136.0
135.0
162.0
131.0
165.0
195.0
134.0
211.0
162.0
132.0
133.0
160.0
130.0
134.0
139.0
130.0
137.0
134.0
133.0
136.0
162.0
130.0
135.0
125.0
165.0
130.0
128.0
160.0
138.0
166.0
558.0
160.0
136.0
131.0
132.0
163.0
132.0
160.0
136.0
136.0
161.0
132.0
137.0
134.0
162.0
133.0
162.0
137.0
162.0
136.0
163.0
281.0
165.0
125.0
166.0
132.0
161.0
134.0
166.0
234.0
132.0
157.0
131.0
134.0
164.0
133.0
162.0
132.0
285.0
133.0
161.0
134.0
130.0
163.0
130.0
162.0
133.0
134.0
164.0
131.0
165.0
134.0
164.0
134.0
134.0
163.0
134.0
135.0
129.0
128.0
134.0
166.0
135.0
164.0
131.0
131.0
162.0
133.0
132.0
134.0
160.0
130.0
136.0
134.0
139.0
130.0
134.0
169.0
136.0
133.0
132.0
138.0
135.0
160.0
160.0
160.0
132.0
132.0
161.0
133.0
136.0
130.0
135.0
133.0
160.0
123.0
136.0
164.0
134.0
133.0
164.0
134.0
133.0
192.0
163.0
138.0
134.0
160.0
234.0
163.0
133.0
130.0
166.0
132.0
164.0
134.0
159.0
133.0
158.0
136.0
132.0
112.0
161.0
116.0
165.0
134.0
162.0
133.0
133.0
134.0
164.0
137.0
133.0
134.0
162.0
133.0
132.0
132.0
168.0
133.0
131.0
133.0
161.0
136.0
136.0
133.0
165.0
134.0
135.0
131.0
164.0
132.0
126.0
134.0
161.0
132.0
132.0
165.0
134.0
165.0
132.0
167.0
134.0
162.0
133.0
132.0
165.0
136.0
133.0
160.0
132.0
165.0
135.0
132.0
160.0
136.0
130.0
133.0
136.0
133.0
157.0
130.0
160.0
133.0
136.0
128.0
164.0
133.0
133.0
132.0
132.0
132.0
159.0
133.0
165.0
136.0
134.0
135.0
162.0
123.0
165.0
132.0
136.0
168.0
134.0
164.0
133.0
131.0
136.0
136.0
156.0
132.0
160.0
134.0
162.0
137.0
133.0
135.0
164.0
137.0
132.0
162.0
130.0
163.0
135.0
133.0
162.0
138.0
166.0
131.0
131.0
161.0
130.0
134.0
130.0
162.0
134.0
162.0
130.0
164.0
131.0
165.0
135.0
163.0
125.0
162.0
126.0
166.0
234.0
134.0
129.0
161.0
138.0
138.0
130.0
136.0
165.0
136.0
132.0
162.0
129.0
133.0
165.0
135.0
136.0
166.0
130.0
160.0
137.0
163.0
125.0
161.0
136.0
162.0
131.0
138.0
166.0
135.0
134.0
131.0
132.0
132.0
130.0
162.0
133.0
162.0
120.0
168.0
136.0
165.0
132.0
167.0
130.0
166.0
135.0
165.0
136.0
137.0
163.0
134.0
138.0
313.0
128.0
161.0
132.0
134.0
163.0
133.0
138.0
162.0
134.0
163.0
134.0
165.0
135.0
130.0
137.0
168.0
133.0
160.0
137.0
162.0
135.0
163.0
137.0
161.0
138.0
133.0
162.0
137.0
131.0
162.0
135.0
164.0
133.0
160.0
130.0
162.0
137.0
133.0
135.0
136.0
133.0
165.0
138.0
165.0
132.0
165.0
107.0
169.0
136.0
134.0
162.0
135.0
136.0
133.0
164.0
133.0
134.0
134.0
134.0
164.0
135.0
167.0
132.0
169.0
126.0
164.0
131.0
133.0
138.0
164.0
133.0
162.0
133.0
130.0
162.0
130.0
133.0
164.0
132.0
168.0
138.0
133.0
164.0
132.0
134.0
132.0
163.0
132.0
165.0
126.0
166.0
134.0
134.0
136.0
136.0
160.0
131.0
132.0
131.0
133.0
162.0
133.0
134.0
159.0
133.0
163.0
138.0
135.0
134.0
164.0
130.0
163.0
134.0
129.0
165.0
134.0
164.0
136.0
163.0
132.0
163.0
137.0
133.0
136.0
162.0
130.0
160.0
126.0
134.0
164.0
135.0
164.0
134.0
166.0
128.0
170.0
133.0
161.0
134.0
130.0
130.0
160.0
135.0
164.0
133.0
164.0
138.0
222.0
158.0
132.0
126.0
167.0
133.0
162.0
133.0
129.0
135.0
121.0
164.0
130.0
161.0
137.0
133.0
134.0
136.0
131.0
162.0
133.0
161.0
132.0
160.0
133.0
132.0
135.0
162.0
134.0
165.0
133.0
163.0
130.0
162.0
126.0
129.0
166.0
121.0
166.0
136.0
133.0
165.0
135.0
162.0
130.0
165.0
134.0
132.0
160.0
134.0
133.0
133.0
132.0
132.0
163.0
133.0
163.0
134.0
163.0
137.0
164.0
136.0
136.0
134.0
161.0
130.0
165.0
133.0
165.0
130.0
157.0
138.0
129.0
158.0
124.0
164.0
134.0
133.0
164.0
173.0
164.0
217.0
160.0
130.0
133.0
165.0
127.0
160.0
132.0
162.0
131.0
160.0
137.0
163.0
133.0
162.0
138.0
161.0
135.0
166.0
132.0
136.0
160.0
134.0
131.0
167.0
133.0
132.0
136.0
168.0
136.0
164.0
132.0
162.0
134.0
133.0
133.0
160.0
133.0
160.0
134.0
135.0
133.0
164.0
132.0
129.0
165.0
132.0
128.0
165.0
131.0
133.0
129.0
158.0
132.0
134.0
163.0
135.0
142.0
164.0
133.0
130.0
167.0
137.0
133.0
161.0
126.0
134.0
166.0
135.0
133.0
165.0
137.0
165.0
138.0
160.0
136.0
133.0
136.0
131.0
166.0
130.0
137.0
160.0
130.0
166.0
137.0
164.0
131.0
162.0
131.0
134.0
163.0
136.0
136.0
162.0
133.0
164.0
135.0
135.0
129.0
160.0
130.0
163.0
133.0
165.0
121.0
164.0
132.0
133.0
162.0
136.0
162.0
137.0
163.0
129.0
128.0
164.0
138.0
138.0
163.0
133.0
164.0
134.0
165.0
126.0
166.0
134.0
133.0
134.0
163.0
265.0
132.0
134.0
132.0
132.0
133.0
161.0
134.0
138.0
133.0
168.0
131.0
131.0
161.0
133.0
165.0
133.0
132.0
162.0
123.0
164.0
133.0
163.0
135.0
131.0
162.0
134.0
165.0
124.0
165.0
132.0
163.0
137.0
160.0
134.0
133.0
133.0
164.0
123.0
131.0
165.0
129.0
165.0
135.0
135.0
162.0
133.0
162.0
123.0
165.0
132.0
161.0
137.0
162.0
131.0
161.0
126.0
165.0
136.0
162.0
134.0
163.0
132.0
160.0
133.0
134.0
161.0
129.0
165.0
132.0
161.0
132.0
164.0
134.0
125.0
161.0
132.0
161.0
140.0
137.0
158.0
134.0
166.0
131.0
163.0
133.0
131.0
164.0
123.0
125.0
166.0
122.0
138.0
129.0
131.0
135.0
161.0
135.0
136.0
126.0
166.0
133.0
160.0
130.0
130.0
163.0
135.0
133.0
163.0
303.0
162.0
134.0
137.0
124.0
162.0
134.0
132.0
162.0
131.0
162.0
130.0
165.0
129.0
164.0
133.0
164.0
132.0
160.0
132.0
134.0
136.0
161.0
130.0
131.0
165.0
128.0
134.0
134.0
157.0
128.0
166.0
134.0
163.0
126.0
164.0
135.0
136.0
133.0
161.0
130.0
161.0
138.0
129.0
161.0
131.0
130.0
161.0
132.0
170.0
133.0
162.0
133.0
131.0
169.0
381.0
129.0
133.0
162.0
132.0
132.0
165.0
136.0
136.0
161.0
134.0
130.0
160.0
133.0
133.0
133.0
135.0
132.0
131.0
137.0
163.0
267.0
161.0
294.0
132.0
164.0
134.0
136.0
165.0
137.0
164.0
397.0
160.0
130.0
162.0
351.0
161.0
132.0
162.0
133.0
160.0
134.0
132.0
133.0
131.0
187.0
136.0
137.0
162.0
132.0
132.0
133.0
161.0
134.0
162.0
138.0
129.0
138.0
164.0
134.0
164.0
137.0
137.0
162.0
133.0
133.0
276.0
133.0
136.0
133.0
162.0
129.0
162.0
138.0
164.0
133.0
165.0
137.0
165.0
130.0
131.0
133.0
158.0
137.0
168.0
130.0
133.0
136.0
134.0
167.0
133.0
133.0
162.0
134.0
164.0
134.0
161.0
126.0
133.0
161.0
133.0
132.0
133.0
168.0
132.0
135.0
132.0
117.0
166.0
125.0
162.0
134.0
159.0
110.0
163.0
132.0
133.0
132.0
157.0
131.0
160.0
134.0
161.0
569.0
180.0
133.0
163.0
135.0
161.0
132.0
130.0
134.0
134.0
165.0
137.0
166.0
136.0
164.0
135.0
161.0
132.0
132.0
161.0
135.0
162.0
133.0
160.0
135.0
131.0
135.0
128.0
135.0
165.0
119.0
162.0
133.0
130.0
135.0
158.0
131.0
165.0
133.0
157.0
129.0
165.0
129.0
163.0
134.0
162.0
130.0
164.0
134.0
165.0
130.0
161.0
133.0
165.0
122.0
161.0
136.0
158.0
133.0
136.0
162.0
133.0
162.0
134.0
156.0
136.0
164.0
134.0
136.0
161.0
131.0
133.0
164.0
135.0
160.0
133.0
136.0
128.0
163.0
130.0
133.0
164.0
134.0
163.0
132.0
164.0
259.0
132.0
134.0
134.0
160.0
134.0
133.0
134.0
132.0
163.0
133.0
161.0
131.0
132.0
167.0
132.0
169.0
130.0
133.0
161.0
134.0
161.0
136.0
133.0
136.0
128.0
132.0
134.0
164.0
131.0
163.0
133.0
114.0
170.0
137.0
133.0
164.0
704.0
124.0
136.0
159.0
133.0
135.0
130.0
131.0
163.0
134.0
133.0
133.0
128.0
477.0
160.0
137.0
132.0
161.0
134.0
162.0
134.0
162.0
135.0
166.0
121.0
162.0
133.0
162.0
122.0
165.0
133.0
134.0
136.0
166.0
130.0
162.0
131.0
163.0
133.0
162.0
238.0
130.0
162.0
136.0
165.0
131.0
138.0
164.0
138.0
163.0
133.0
160.0
130.0
165.0
135.0
134.0
170.0
133.0
156.0
132.0
163.0
136.0
160.0
136.0
161.0
139.0
164.0
133.0
136.0
129.0
133.0
165.0
132.0
156.0
133.0
133.0
162.0
208.0
135.0
136.0
164.0
133.0
164.0
122.0
164.0
140.0
132.0
163.0
136.0
159.0
132.0
128.0
164.0
130.0
132.0
167.0
135.0
130.0
163.0
127.0
134.0
164.0
128.0
167.0
133.0
133.0
162.0
132.0
134.0
160.0
101.0
166.0
136.0
134.0
136.0
133.0
134.0
162.0
130.0
132.0
164.0
133.0
162.0
137.0
135.0
166.0
131.0
168.0
138.0
137.0
163.0
128.0
162.0
130.0
121.0
162.0
136.0
162.0
134.0
133.0
162.0
133.0
133.0
162.0
135.0
130.0
160.0
138.0
164.0
132.0
133.0
165.0
132.0
166.0
132.0
134.0
165.0
134.0
165.0
131.0
131.0
133.0
164.0
131.0
130.0
166.0
132.0
157.0
133.0
163.0
135.0
162.0
131.0
131.0
130.0
161.0
135.0
164.0
106.0
175.0
133.0
160.0
129.0
113.0
167.0
132.0
158.0
134.0
136.0
160.0
130.0
132.0
129.0
170.0
133.0
136.0
164.0
130.0
133.0
161.0
136.0
164.0
135.0
137.0
134.0
161.0
113.0
165.0
130.0
161.0
118.0
133.0
130.0
165.0
126.0
125.0
130.0
133.0
134.0
165.0
123.0
130.0
132.0
165.0
136.0
130.0
164.0
129.0
163.0
128.0
163.0
110.0
169.0
132.0
132.0
159.0
133.0
117.0
165.0
136.0
133.0
134.0
133.0
162.0
136.0
132.0
166.0
134.0
161.0
133.0
165.0
131.0
161.0
124.0
133.0
162.0
132.0
165.0
135.0
134.0
164.0
133.0
162.0
132.0
138.0
138.0
162.0
132.0
132.0
135.0
133.0
164.0
134.0
162.0
136.0
163.0
132.0
133.0
165.0
125.0
162.0
132.0
136.0
163.0
132.0
159.0
135.0
138.0
160.0
133.0
132.0
162.0
134.0
133.0
164.0
134.0
132.0
165.0
133.0
133.0
380.0
158.0
126.0
160.0
137.0
116.0
165.0
121.0
162.0
134.0
156.0
133.0
162.0
136.0
128.0
161.0
134.0
160.0
133.0
163.0
132.0
162.0
136.0
160.0
130.0
165.0
130.0
160.0
134.0
139.0
162.0
134.0
268.0
134.0
136.0
160.0
136.0
134.0
162.0
134.0
163.0
132.0
165.0
133.0
130.0
161.0
136.0
127.0
133.0
162.0
87.0
185.0
274.0
135.0
137.0
164.0
495.0
164.0
134.0
133.0
165.0
135.0
132.0
161.0
132.0
135.0
136.0
363.0
138.0
165.0
132.0
161.0
132.0
133.0
161.0
130.0
162.0
134.0
134.0
164.0
136.0
162.0
130.0
133.0
131.0
162.0
136.0
162.0
136.0
135.0
163.0
134.0
126.0
165.0
134.0
131.0
166.0
130.0
136.0
134.0
169.0
132.0
165.0
129.0
159.0
132.0
161.0
132.0
130.0
162.0
134.0
161.0
119.0
164.0
134.0
130.0
134.0
132.0
162.0
129.0
135.0
134.0
166.0
133.0
133.0
166.0
134.0
133.0
134.0
164.0
134.0
134.0
132.0
135.0
118.0
132.0
164.0
135.0
159.0
133.0
133.0
161.0
134.0
129.0
130.0
132.0
129.0
138.0
134.0
130.0
165.0
134.0
162.0
132.0
164.0
134.0
136.0
162.0
132.0
162.0
137.0
165.0
133.0
121.0
162.0
137.0
156.0
131.0
162.0
132.0
165.0
137.0
129.0
161.0
136.0
165.0
134.0
161.0
402.0
163.0
134.0
164.0
132.0
165.0
132.0
164.0
134.0
135.0
135.0
162.0
127.0
164.0
133.0
160.0
130.0
164.0
136.0
131.0
135.0
133.0
166.0
124.0
131.0
165.0
134.0
160.0
136.0
130.0
161.0
133.0
133.0
164.0
129.0
162.0
132.0
164.0
131.0
134.0
164.0
129.0
162.0
133.0
133.0
135.0
117.0
168.0
135.0
134.0
138.0
162.0
134.0
162.0
137.0
138.0
133.0
164.0
126.0
161.0
127.0
164.0
135.0
135.0
165.0
132.0
164.0
132.0
165.0
134.0
163.0
138.0
160.0
131.0
137.0
133.0
131.0
133.0
135.0
130.0
136.0
138.0
161.0
130.0
166.0
132.0
162.0
138.0
161.0
136.0
133.0
133.0
165.0
132.0
135.0
160.0
133.0
165.0
133.0
134.0
163.0
133.0
162.0
134.0
162.0
135.0
130.0
133.0
138.0
162.0
133.0
135.0
132.0
129.0
163.0
332.0
90.0
178.0
141.0
157.0
131.0
133.0
163.0
138.0
132.0
163.0
132.0
133.0
162.0
133.0
159.0
132.0
133.0
385.0
114.0
165.0
133.0
160.0
130.0
130.0
165.0
268.0
134.0
160.0
132.0
122.0
164.0
114.0
164.0
122.0
130.0
160.0
133.0
133.0
134.0
128.0
126.0
162.0
125.0
165.0
134.0
130.0
163.0
135.0
162.0
138.0
162.0
133.0
161.0
134.0
162.0
132.0
157.0
131.0
160.0
132.0
137.0
164.0
132.0
161.0
185.0
164.0
134.0
164.0
130.0
134.0
132.0
135.0
160.0
132.0
162.0
125.0
162.0
133.0
164.0
133.0
129.0
166.0
134.0
132.0
161.0
136.0
163.0
132.0
134.0
161.0
137.0
135.0
161.0
133.0
166.0
133.0
164.0
133.0
134.0
160.0
133.0
166.0
138.0
135.0
160.0
132.0
132.0
165.0
131.0
135.0
135.0
134.0
133.0
137.0
165.0
137.0
129.0
164.0
189.0
164.0
128.0
133.0
122.0
139.0
165.0
137.0
165.0
137.0
133.0
218.0
132.0
165.0
133.0
134.0
164.0
133.0
137.0
134.0
163.0
136.0
133.0
138.0
134.0
131.0
116.0
165.0
133.0
135.0
141.0
135.0
136.0
162.0
134.0
160.0
135.0
161.0
134.0
159.0
136.0
164.0
140.0
134.0
132.0
160.0
132.0
164.0
129.0
134.0
166.0
133.0
132.0
161.0
131.0
163.0
138.0
164.0
135.0
135.0
164.0
135.0
136.0
160.0
133.0
128.0
125.0
158.0
136.0
166.0
134.0
166.0
351.0
163.0
138.0
134.0
132.0
158.0
133.0
160.0
133.0
178.0
133.0
165.0
134.0
338.0
160.0
136.0
133.0
168.0
137.0
134.0
128.0
132.0
135.0
133.0
161.0
132.0
133.0
138.0
134.0
141.0
166.0
132.0
158.0
132.0
161.0
136.0
132.0
163.0
135.0
164.0
128.0
132.0
162.0
132.0
162.0
138.0
164.0
133.0
119.0
165.0
132.0
162.0
137.0
166.0
134.0
160.0
138.0
128.0
160.0
130.0
163.0
135.0
134.0
164.0
134.0
137.0
165.0
133.0
130.0
163.0
134.0
158.0
133.0
132.0
132.0
165.0
131.0
164.0
134.0
164.0
130.0
162.0
133.0
130.0
131.0
166.0
136.0
160.0
136.0
163.0
136.0
166.0
132.0
162.0
133.0
169.0
136.0
164.0
133.0
161.0
132.0
163.0
129.0
165.0
128.0
130.0
164.0
201.0
162.0
132.0
164.0
134.0
161.0
132.0
162.0
137.0
167.0
134.0
164.0
138.0
161.0
138.0
131.0
131.0
161.0
137.0
162.0
134.0
135.0
164.0
136.0
163.0
136.0
136.0
132.0
130.0
133.0
137.0
165.0
134.0
164.0
125.0
163.0
128.0
164.0
127.0
168.0
130.0
163.0
135.0
132.0
133.0
165.0
132.0
169.0
135.0
132.0
166.0
132.0
160.0
132.0
161.0
135.0
592.0
358.0
158.0
136.0
166.0
132.0
135.0
163.0
132.0
165.0
134.0
165.0
134.0
135.0
162.0
136.0
164.0
129.0
162.0
135.0
161.0
138.0
165.0
136.0
165.0
133.0
160.0
139.0
154.0
137.0
134.0
168.0
126.0
160.0
134.0
137.0
133.0
161.0
133.0
164.0
137.0
132.0
128.0
136.0
134.0
133.0
162.0
134.0
168.0
137.0
162.0
135.0
168.0
138.0
162.0
134.0
317.0
132.0
132.0
130.0
164.0
134.0
165.0
130.0
160.0
205.0
161.0
136.0
137.0
133.0
139.0
136.0
160.0
133.0
133.0
134.0
165.0
127.0
160.0
128.0
172.0
130.0
166.0
125.0
163.0
130.0
162.0
133.0
158.0
134.0
160.0
133.0
164.0
135.0
165.0
132.0
162.0
133.0
130.0
123.0
162.0
135.0
161.0
135.0
165.0
137.0
126.0
164.0
132.0
164.0
130.0
163.0
133.0
131.0
134.0
139.0
161.0
130.0
165.0
134.0
130.0
134.0
160.0
131.0
161.0
136.0
166.0
136.0
162.0
136.0
133.0
162.0
130.0
166.0
137.0
130.0
160.0
136.0
165.0
366.0
160.0
136.0
137.0
162.0
124.0
162.0
131.0
162.0
127.0
165.0
133.0
160.0
132.0
137.0
274.0
136.0
164.0
119.0
165.0
132.0
162.0
134.0
164.0
135.0
136.0
135.0
164.0
135.0
135.0
128.0
162.0
134.0
130.0
164.0
137.0
158.0
134.0
164.0
134.0
135.0
133.0
136.0
164.0
130.0
166.0
131.0
136.0
165.0
135.0
162.0
132.0
132.0
161.0
133.0
136.0
158.0
500.0
160.0
136.0
122.0
136.0
164.0
133.0
119.0
164.0
131.0
130.0
166.0
127.0
122.0
160.0
138.0
165.0
134.0
164.0
132.0
132.0
163.0
138.0
124.0
163.0
131.0
159.0
134.0
133.0
162.0
138.0
162.0
134.0
162.0
123.0
164.0
134.0
161.0
131.0
132.0
130.0
165.0
135.0
131.0
134.0
133.0
135.0
130.0
163.0
133.0
165.0
117.0
168.0
132.0
167.0
136.0
130.0
164.0
130.0
135.0
162.0
133.0
134.0
166.0
138.0
165.0
133.0
133.0
134.0
161.0
133.0
164.0
499.0
160.0
136.0
160.0
134.0
165.0
135.0
128.0
163.0
130.0
168.0
137.0
166.0
132.0
164.0
136.0
134.0
135.0
133.0
162.0
129.0
164.0
132.0
135.0
162.0
112.0
165.0
136.0
167.0
128.0
160.0
139.0
138.0
162.0
130.0
162.0
136.0
134.0
124.0
165.0
129.0
136.0
135.0
138.0
134.0
135.0
158.0
132.0
169.0
133.0
158.0
136.0
136.0
162.0
133.0
134.0
160.0
138.0
137.0
135.0
133.0
130.0
162.0
138.0
161.0
137.0
137.0
161.0
130.0
135.0
133.0
129.0
134.0
134.0
165.0
134.0
165.0
133.0
161.0
133.0
136.0
163.0
132.0
133.0
161.0
134.0
133.0
160.0
133.0
166.0
134.0
132.0
162.0
126.0
160.0
132.0
166.0
137.0
135.0
163.0
138.0
131.0
134.0
162.0
134.0
131.0
164.0
212.0
132.0
161.0
136.0
164.0
128.0
163.0
130.0
165.0
135.0
134.0
165.0
134.0
136.0
162.0
134.0
160.0
248.0
162.0
136.0
132.0
158.0
130.0
133.0
134.0
133.0
164.0
134.0
135.0
159.0
136.0
163.0
130.0
133.0
164.0
136.0
139.0
163.0
132.0
132.0
136.0
166.0
136.0
164.0
132.0
164.0
122.0
136.0
162.0
130.0
165.0
136.0
122.0
164.0
136.0
162.0
124.0
135.0
165.0
125.0
117.0
168.0
133.0
163.0
135.0
162.0
134.0
161.0
133.0
165.0
134.0
163.0
134.0
133.0
166.0
134.0
133.0
161.0
137.0
134.0
165.0
134.0
134.0
119.0
166.0
269.0
132.0
133.0
133.0
165.0
131.0
164.0
133.0
162.0
131.0
164.0
133.0
132.0
136.0
135.0
136.0
136.0
162.0
132.0
162.0
136.0
134.0
169.0
136.0
162.0
171.0
124.0
131.0
166.0
133.0
160.0
138.0
134.0
134.0
162.0
125.0
160.0
134.0
136.0
136.0
167.0
134.0
165.0
130.0
138.0
132.0
164.0
134.0
164.0
133.0
165.0
137.0
163.0
135.0
133.0
134.0
165.0
133.0
137.0
160.0
133.0
136.0
162.0
133.0
160.0
132.0
164.0
133.0
137.0
113.0
166.0
132.0
165.0
133.0
130.0
137.0
132.0
163.0
133.0
138.0
162.0
128.0
133.0
162.0
132.0
138.0
164.0
134.0
133.0
165.0
142.0
163.0
138.0
133.0
165.0
128.0
161.0
137.0
132.0
166.0
134.0
165.0
134.0
132.0
164.0
133.0
161.0
133.0
136.0
166.0
133.0
161.0
134.0
140.0
162.0
117.0
165.0
133.0
135.0
133.0
163.0
132.0
161.0
133.0
162.0
134.0
163.0
138.0
136.0
168.0
134.0
164.0
136.0
165.0
133.0
161.0
135.0
162.0
132.0
165.0
133.0
134.0
165.0
135.0
161.0
136.0
134.0
129.0
136.0
167.0
133.0
162.0
133.0
129.0
164.0
129.0
164.0
137.0
166.0
133.0
130.0
134.0
165.0
137.0
163.0
137.0
134.0
138.0
133.0
138.0
164.0
136.0
129.0
160.0
133.0
162.0
134.0
133.0
162.0
127.0
164.0
135.0
158.0
138.0
162.0
137.0
133.0
129.0
165.0
135.0
653.0
148.0
130.0
163.0
133.0
168.0
130.0
134.0
163.0
137.0
164.0
132.0
136.0
126.0
164.0
132.0
133.0
273.0
134.0
137.0
133.0
135.0
163.0
135.0
136.0
164.0
130.0
132.0
161.0
134.0
165.0
138.0
136.0
136.0
133.0
160.0
134.0
133.0
164.0
520.0
134.0
131.0
132.0
136.0
134.0
169.0
133.0
133.0
133.0
134.0
113.0
166.0
132.0
131.0
131.0
163.0
133.0
132.0
137.0
164.0
257.0
162.0
136.0
168.0
121.0
170.0
133.0
164.0
133.0
135.0
164.0
135.0
133.0
161.0
135.0
122.0
162.0
133.0
164.0
133.0
134.0
126.0
164.0
263.0
138.0
162.0
120.0
136.0
132.0
129.0
136.0
132.0
162.0
134.0
163.0
134.0
161.0
137.0
165.0
132.0
164.0
133.0
133.0
158.0
133.0
135.0
134.0
122.0
136.0
129.0
159.0
131.0
164.0
131.0
128.0
160.0
132.0
167.0
133.0
165.0
132.0
157.0
134.0
163.0
134.0
162.0
137.0
165.0
133.0
126.0
166.0
133.0
134.0
163.0
134.0
166.0
134.0
164.0
134.0
161.0
133.0
161.0
133.0
138.0
134.0
134.0
132.0
165.0
140.0
133.0
133.0
221.0
124.0
165.0
125.0
164.0
133.0
131.0
165.0
132.0
165.0
137.0
164.0
132.0
136.0
138.0
165.0
135.0
162.0
138.0
135.0
133.0
162.0
133.0
122.0
162.0
136.0
164.0
133.0
162.0
134.0
132.0
134.0
161.0
136.0
164.0
134.0
163.0
137.0
136.0
134.0
160.0
131.0
169.0
139.0
158.0
125.0
164.0
137.0
135.0
137.0
163.0
136.0
132.0
138.0
130.0
165.0
129.0
132.0
158.0
136.0
162.0
137.0
164.0
135.0
140.0
133.0
163.0
135.0
164.0
136.0
136.0
161.0
133.0
161.0
135.0
165.0
136.0
156.0
132.0
133.0
168.0
135.0
133.0
159.0
137.0
164.0
258.0
165.0
131.0
166.0
132.0
132.0
164.0
136.0
164.0
135.0
135.0
164.0
122.0
162.0
138.0
140.0
132.0
135.0
137.0
135.0
167.0
134.0
134.0
165.0
136.0
158.0
133.0
133.0
165.0
121.0
164.0
136.0
160.0
130.0
139.0
136.0
165.0
134.0
165.0
134.0
168.0
134.0
159.0
109.0
165.0
130.0
132.0
132.0
169.0
132.0
119.0
165.0
130.0
165.0
137.0
164.0
133.0
134.0
136.0
133.0
130.0
133.0
165.0
130.0
130.0
165.0
136.0
134.0
131.0
165.0
136.0
164.0
133.0
133.0
133.0
194.0
162.0
134.0
162.0
130.0
134.0
137.0
162.0
197.0
134.0
135.0
123.0
164.0
135.0
132.0
160.0
130.0
169.0
132.0
135.0
162.0
136.0
136.0
162.0
132.0
146.0
133.0
132.0
162.0
134.0
160.0
133.0
137.0
136.0
162.0
130.0
164.0
131.0
132.0
166.0
132.0
162.0
137.0
134.0
164.0
135.0
168.0
136.0
136.0
164.0
135.0
166.0
134.0
134.0
133.0
166.0
138.0
197.0
162.0
136.0
132.0
133.0
163.0
133.0
133.0
135.0
137.0
136.0
162.0
119.0
165.0
133.0
163.0
133.0
161.0
133.0
133.0
136.0
137.0
132.0
136.0
133.0
138.0
138.0
133.0
164.0
134.0
136.0
135.0
132.0
166.0
134.0
137.0
161.0
136.0
132.0
139.0
163.0
134.0
136.0
137.0
138.0
123.0
167.0
135.0
130.0
161.0
135.0
163.0
135.0
135.0
164.0
136.0
135.0
136.0
165.0
137.0
164.0
132.0
168.0
404.0
135.0
134.0
162.0
129.0
162.0
134.0
133.0
163.0
133.0
136.0
161.0
133.0
133.0
139.0
134.0
164.0
122.0
135.0
137.0
138.0
132.0
166.0
142.0
134.0
161.0
137.0
134.0
133.0
135.0
162.0
134.0
133.0
136.0
166.0
134.0
135.0
138.0
136.0
136.0
167.0
126.0
164.0
132.0
131.0
162.0
134.0
166.0
134.0
136.0
164.0
131.0
133.0
162.0
138.0
161.0
132.0
134.0
136.0
165.0
132.0
164.0
139.0
134.0
132.0
160.0
131.0
165.0
130.0
166.0
136.0
134.0
166.0
133.0
165.0
136.0
132.0
163.0
135.0
158.0
136.0
132.0
164.0
138.0
136.0
162.0
133.0
164.0
436.0
158.0
131.0
133.0
137.0
164.0
135.0
165.0
129.0
130.0
134.0
160.0
134.0
132.0
133.0
134.0
135.0
135.0
134.0
163.0
133.0
127.0
166.0
133.0
136.0
162.0
136.0
133.0
166.0
132.0
138.0
134.0
155.0
125.0
168.0
135.0
137.0
119.0
135.0
126.0
164.0
133.0
165.0
134.0
162.0
135.0
164.0
134.0
163.0
133.0
134.0
133.0
164.0
137.0
134.0
136.0
158.0
135.0
167.0
130.0
138.0
133.0
130.0
162.0
126.0
161.0
134.0
161.0
138.0
160.0
129.0
133.0
132.0
167.0
132.0
134.0
130.0
162.0
132.0
166.0
136.0
161.0
136.0
165.0
132.0
137.0
137.0
133.0
129.0
163.0
125.0
125.0
126.0
163.0
126.0
162.0
113.0
166.0
137.0
164.0
136.0
137.0
160.0
132.0
164.0
133.0
165.0
136.0
162.0
133.0
136.0
163.0
133.0
164.0
135.0
167.0
132.0
164.0
135.0
131.0
117.0
165.0
139.0
127.0
122.0
163.0
125.0
166.0
135.0
129.0
133.0
134.0
135.0
166.0
190.0
136.0
129.0
164.0
138.0
135.0
170.0
134.0
161.0
133.0
135.0
133.0
133.0
166.0
133.0
132.0
132.0
163.0
131.0
133.0
125.0
166.0
137.0
132.0
132.0
166.0
356.0
161.0
136.0
126.0
133.0
164.0
132.0
137.0
137.0
133.0
132.0
135.0
135.0
164.0
140.0
162.0
135.0
129.0
167.0
130.0
132.0
133.0
162.0
134.0
158.0
132.0
162.0
136.0
135.0
128.0
166.0
133.0
133.0
164.0
132.0
135.0
163.0
134.0
130.0
160.0
136.0
134.0
164.0
138.0
138.0
134.0
160.0
123.0
166.0
138.0
162.0
147.0
165.0
133.0
162.0
137.0
166.0
136.0
188.0
163.0
132.0
135.0
134.0
129.0
133.0
164.0
133.0
137.0
138.0
134.0
134.0
162.0
132.0
133.0
162.0
134.0
395.0
128.0
164.0
123.0
165.0
137.0
166.0
133.0
134.0
163.0
118.0
168.0
126.0
126.0
136.0
356.0
133.0
162.0
134.0
164.0
138.0
165.0
133.0
161.0
132.0
164.0
132.0
133.0
166.0
135.0
163.0
136.0
134.0
137.0
134.0
134.0
134.0
136.0
138.0
136.0
161.0
239.0
131.0
162.0
133.0
165.0
134.0
135.0
165.0
130.0
133.0
164.0
132.0
133.0
454.0
246.0
136.0
164.0
134.0
137.0
136.0
138.0
133.0
165.0
138.0
160.0
132.0
165.0
134.0
165.0
130.0
166.0
132.0
166.0
135.0
158.0
134.0
138.0
134.0
133.0
130.0
165.0
117.0
163.0
138.0
137.0
138.0
162.0
135.0
134.0
137.0
136.0
135.0
161.0
133.0
131.0
135.0
165.0
135.0
137.0
160.0
204.0
162.0
135.0
148.0
138.0
165.0
133.0
162.0
129.0
162.0
136.0
169.0
134.0
134.0
163.0
124.0
121.0
165.0
136.0
164.0
134.0
164.0
134.0
134.0
133.0
133.0
168.0
134.0
125.0
168.0
204.0
134.0
160.0
133.0
135.0
161.0
127.0
168.0
132.0
163.0
130.0
161.0
134.0
134.0
138.0
164.0
133.0
137.0
126.0
485.0
139.0
135.0
165.0
132.0
133.0
163.0
129.0
130.0
130.0
136.0
134.0
166.0
133.0
163.0
123.0
165.0
138.0
125.0
162.0
129.0
133.0
138.0
132.0
165.0
139.0
137.0
162.0
136.0
164.0
137.0
136.0
137.0
135.0
169.0
136.0
133.0
164.0
130.0
164.0
130.0
133.0
128.0
139.0
329.0
134.0
165.0
242.0
162.0
130.0
134.0
166.0
134.0
163.0
136.0
128.0
130.0
169.0
133.0
165.0
134.0
133.0
164.0
129.0
163.0
137.0
132.0
136.0
160.0
134.0
164.0
134.0
165.0
133.0
166.0
137.0
161.0
136.0
164.0
133.0
165.0
136.0
164.0
130.0
161.0
129.0
131.0
160.0
132.0
132.0
132.0
138.0
163.0
138.0
164.0
133.0
128.0
133.0
137.0
161.0
131.0
134.0
123.0
162.0
132.0
124.0
161.0
131.0
163.0
134.0
161.0
138.0
132.0
163.0
130.0
165.0
136.0
158.0
136.0
131.0
134.0
135.0
162.0
136.0
396.0
136.0
122.0
137.0
133.0
164.0
132.0
135.0
134.0
132.0
162.0
134.0
132.0
132.0
134.0
133.0
166.0
134.0
161.0
136.0
133.0
162.0
136.0
166.0
138.0
136.0
163.0
133.0
134.0
162.0
358.0
160.0
133.0
160.0
133.0
161.0
130.0
133.0
135.0
130.0
164.0
133.0
165.0
136.0
130.0
133.0
130.0
161.0
133.0
163.0
130.0
163.0
133.0
168.0
135.0
130.0
165.0
129.0
164.0
136.0
161.0
137.0
131.0
132.0
125.0
162.0
137.0
134.0
331.0
165.0
132.0
162.0
136.0
162.0
133.0
160.0
135.0
161.0
130.0
165.0
136.0
132.0
162.0
134.0
164.0
134.0
164.0
138.0
136.0
162.0
134.0
134.0
136.0
133.0
164.0
133.0
160.0
130.0
164.0
128.0
170.0
130.0
164.0
134.0
135.0
170.0
136.0
161.0
136.0
165.0
137.0
162.0
134.0
119.0
170.0
134.0
164.0
137.0
136.0
164.0
132.0
165.0
141.0
136.0
134.0
165.0
134.0
134.0
161.0
135.0
163.0
137.0
162.0
132.0
165.0
135.0
202.0
128.0
138.0
166.0
133.0
166.0
137.0
136.0
161.0
133.0
133.0
163.0
134.0
136.0
167.0
101.0
171.0
132.0
164.0
133.0
161.0
135.0
166.0
132.0
168.0
124.0
166.0
124.0
161.0
131.0
137.0
162.0
133.0
136.0
165.0
134.0
135.0
164.0
138.0
164.0
134.0
166.0
132.0
167.0
137.0
134.0
131.0
156.0
130.0
163.0
126.0
134.0
161.0
133.0
122.0
136.0
133.0
165.0
132.0
162.0
133.0
165.0
133.0
163.0
136.0
138.0
130.0
133.0
134.0
128.0
135.0
162.0
129.0
136.0
126.0
162.0
133.0
162.0
133.0
133.0
130.0
164.0
135.0
134.0
162.0
133.0
165.0
134.0
139.0
133.0
162.0
132.0
161.0
131.0
133.0
136.0
164.0
133.0
136.0
136.0
133.0
134.0
162.0
136.0
166.0
134.0
164.0
133.0
125.0
164.0
130.0
135.0
161.0
130.0
168.0
134.0
133.0
324.0
165.0
134.0
133.0
134.0
133.0
167.0
136.0
160.0
131.0
162.0
136.0
138.0
165.0
136.0
131.0
133.0
163.0
136.0
163.0
138.0
164.0
132.0
163.0
133.0
134.0
133.0
130.0
165.0
413.0
162.0
136.0
135.0
160.0
136.0
161.0
134.0
166.0
138.0
161.0
135.0
131.0
134.0
134.0
130.0
160.0
130.0
164.0
132.0
135.0
134.0
133.0
165.0
133.0
135.0
161.0
136.0
161.0
130.0
162.0
137.0
137.0
136.0
132.0
163.0
133.0
132.0
127.0
160.0
134.0
247.0
160.0
128.0
136.0
131.0
162.0
124.0
163.0
130.0
189.0
135.0
164.0
137.0
133.0
164.0
129.0
158.0
132.0
163.0
122.0
136.0
162.0
137.0
166.0
134.0
165.0
137.0
130.0
165.0
136.0
162.0
130.0
165.0
136.0
164.0
136.0
161.0
136.0
166.0
129.0
162.0
134.0
163.0
132.0
161.0
132.0
166.0
136.0
134.0
165.0
132.0
141.0
162.0
134.0
164.0
134.0
136.0
135.0
160.0
130.0
136.0
132.0
126.0
164.0
138.0
134.0
163.0
575.0
164.0
136.0
160.0
138.0
160.0
136.0
165.0
133.0
164.0
135.0
136.0
162.0
132.0
136.0
134.0
130.0
131.0
165.0
136.0
166.0
132.0
162.0
134.0
325.0
164.0
134.0
137.0
133.0
136.0
133.0
134.0
132.0
122.0
162.0
128.0
169.0
365.0
136.0
164.0
131.0
166.0
292.0
161.0
134.0
164.0
122.0
165.0
132.0
165.0
134.0
134.0
122.0
169.0
135.0
163.0
134.0
133.0
163.0
130.0
163.0
121.0
166.0
417.0
164.0
137.0
129.0
130.0
165.0
132.0
160.0
117.0
165.0
130.0
165.0
134.0
162.0
134.0
164.0
133.0
165.0
131.0
165.0
131.0
134.0
134.0
166.0
123.0
162.0
130.0
160.0
136.0
136.0
162.0
133.0
133.0
165.0
131.0
107.0
170.0
136.0
165.0
133.0
165.0
136.0
130.0
164.0
133.0
134.0
136.0
162.0
136.0
136.0
165.0
130.0
606.0
137.0
163.0
133.0
130.0
134.0
138.0
