111.0
107.0
106.0
111.0
106.0
132.0
105.0
135.0
381.0
136.0
106.0
108.0
173.0
133.0
107.0
136.0
105.0
131.0
130.0
107.0
133.0
106.0
137.0
103.0
108.0
107.0
107.0
128.0
106.0
99.0
133.0
106.0
107.0
94.0
137.0
104.0
132.0
106.0
136.0
107.0
136.0
109.0
134.0
106.0
137.0
109.0
136.0
106.0
137.0
106.0
106.0
100.0
138.0
104.0
138.0
107.0
136.0
109.0
106.0
112.0
134.0
106.0
104.0
109.0
136.0
106.0
108.0
134.0
106.0
106.0
106.0
109.0
132.0
109.0
105.0
108.0
136.0
106.0
132.0
97.0
133.0
105.0
134.0
107.0
108.0
107.0
132.0
109.0
130.0
109.0
134.0
105.0
138.0
107.0
133.0
106.0
136.0
107.0
100.0
137.0
110.0
106.0
133.0
110.0
131.0
102.0
136.0
104.0
137.0
108.0
133.0
102.0
106.0
134.0
104.0
133.0
105.0
131.0
113.0
133.0
104.0
136.0
97.0
135.0
106.0
106.0
137.0
108.0
136.0
107.0
131.0
100.0
106.0
132.0
101.0
138.0
106.0
137.0
111.0
135.0
100.0
109.0
106.0
135.0
106.0
105.0
109.0
133.0
110.0
182.0
134.0
110.0
134.0
106.0
134.0
106.0
133.0
105.0
112.0
137.0
107.0
127.0
104.0
107.0
107.0
134.0
109.0
137.0
107.0
106.0
137.0
106.0
134.0
109.0
134.0
109.0
133.0
109.0
133.0
107.0
132.0
109.0
134.0
105.0
133.0
109.0
108.0
136.0
294.0
134.0
104.0
131.0
105.0
136.0
105.0
133.0
109.0
101.0
137.0
103.0
138.0
107.0
107.0
133.0
106.0
132.0
107.0
134.0
97.0
135.0
102.0
136.0
78.0
139.0
100.0
137.0
100.0
133.0
107.0
106.0
130.0
106.0
135.0
107.0
132.0
103.0
134.0
105.0
131.0
106.0
133.0
110.0
136.0
105.0
136.0
106.0
106.0
134.0
106.0
103.0
104.0
106.0
107.0
136.0
107.0
109.0
113.0
107.0
106.0
97.0
136.0
109.0
106.0
108.0
106.0
136.0
107.0
133.0
105.0
133.0
109.0
136.0
113.0
135.0
109.0
105.0
134.0
104.0
138.0
109.0
134.0
104.0
137.0
109.0
133.0
109.0
132.0
108.0
132.0
109.0
108.0
136.0
101.0
137.0
102.0
106.0
132.0
106.0
133.0
100.0
137.0
106.0
135.0
212.0
132.0
106.0
106.0
107.0
110.0
132.0
104.0
134.0
109.0
104.0
108.0
113.0
136.0
107.0
137.0
106.0
100.0
137.0
104.0
134.0
108.0
134.0
107.0
135.0
106.0
135.0
214.0
137.0
105.0
133.0
105.0
105.0
107.0
136.0
103.0
106.0
135.0
110.0
109.0
134.0
97.0
137.0
109.0
134.0
109.0
108.0
109.0
136.0
109.0
106.0
134.0
97.0
136.0
109.0
134.0
105.0
105.0
101.0
105.0
102.0
106.0
136.0
107.0
132.0
108.0
132.0
106.0
134.0
104.0
136.0
108.0
104.0
107.0
135.0
109.0
104.0
104.0
106.0
107.0
135.0
111.0
109.0
134.0
109.0
134.0
110.0
134.0
107.0
101.0
106.0
110.0
133.0
106.0
136.0
105.0
136.0
108.0
106.0
137.0
106.0
96.0
139.0
107.0
136.0
107.0
109.0
106.0
109.0
132.0
201.0
138.0
110.0
133.0
112.0
138.0
109.0
105.0
113.0
106.0
105.0
136.0
108.0
105.0
133.0
106.0
130.0
105.0
101.0
133.0
102.0
134.0
106.0
135.0
106.0
135.0
109.0
134.0
107.0
101.0
134.0
109.0
133.0
108.0
104.0
131.0
105.0
134.0
108.0
133.0
105.0
136.0
106.0
136.0
106.0
106.0
133.0
213.0
132.0
104.0
109.0
132.0
109.0
106.0
109.0
107.0
136.0
107.0
100.0
109.0
137.0
107.0
107.0
110.0
105.0
134.0
109.0
136.0
111.0
135.0
103.0
107.0
134.0
103.0
136.0
109.0
106.0
107.0
135.0
107.0
105.0
132.0
106.0
106.0
261.0
107.0
108.0
109.0
130.0
106.0
102.0
136.0
108.0
109.0
132.0
107.0
106.0
133.0
106.0
131.0
105.0
105.0
131.0
107.0
134.0
105.0
107.0
106.0
109.0
104.0
136.0
99.0
104.0
132.0
104.0
108.0
131.0
104.0
134.0
106.0
130.0
104.0
134.0
106.0
107.0
136.0
106.0
109.0
109.0
132.0
108.0
133.0
106.0
135.0
106.0
136.0
107.0
109.0
132.0
108.0
96.0
133.0
108.0
138.0
105.0
136.0
108.0
132.0
104.0
103.0
106.0
108.0
136.0
108.0
108.0
107.0
136.0
113.0
134.0
105.0
135.0
106.0
108.0
133.0
109.0
136.0
99.0
102.0
108.0
134.0
107.0
106.0
137.0
104.0
136.0
106.0
134.0
105.0
107.0
136.0
309.0
131.0
108.0
138.0
94.0
136.0
107.0
104.0
136.0
108.0
138.0
106.0
99.0
136.0
105.0
136.0
105.0
134.0
109.0
133.0
107.0
188.0
132.0
104.0
93.0
138.0
109.0
137.0
107.0
135.0
106.0
133.0
110.0
107.0
108.0
137.0
102.0
133.0
110.0
443.0
134.0
107.0
107.0
132.0
109.0
108.0
132.0
106.0
136.0
106.0
137.0
107.0
111.0
137.0
106.0
104.0
107.0
106.0
110.0
106.0
137.0
107.0
136.0
106.0
106.0
136.0
103.0
107.0
104.0
137.0
104.0
138.0
106.0
106.0
110.0
134.0
108.0
108.0
107.0
137.0
107.0
133.0
106.0
106.0
104.0
129.0
108.0
102.0
107.0
132.0
106.0
134.0
107.0
106.0
134.0
107.0
130.0
107.0
134.0
107.0
137.0
107.0
136.0
277.0
134.0
112.0
107.0
136.0
107.0
108.0
136.0
108.0
136.0
106.0
106.0
136.0
105.0
137.0
104.0
107.0
112.0
206.0
133.0
106.0
134.0
105.0
133.0
107.0
135.0
95.0
133.0
109.0
178.0
134.0
111.0
110.0
131.0
106.0
136.0
101.0
133.0
110.0
133.0
103.0
108.0
107.0
137.0
107.0
134.0
108.0
134.0
109.0
137.0
109.0
133.0
109.0
136.0
112.0
99.0
90.0
138.0
107.0
136.0
106.0
109.0
138.0
107.0
105.0
127.0
101.0
134.0
111.0
106.0
134.0
102.0
134.0
107.0
108.0
110.0
109.0
135.0
103.0
136.0
107.0
136.0
97.0
133.0
109.0
136.0
105.0
109.0
110.0
108.0
109.0
133.0
104.0
101.0
138.0
106.0
135.0
94.0
134.0
106.0
108.0
134.0
108.0
101.0
134.0
107.0
136.0
107.0
104.0
133.0
103.0
131.0
105.0
105.0
136.0
104.0
105.0
107.0
134.0
103.0
105.0
131.0
106.0
106.0
107.0
133.0
310.0
138.0
128.0
104.0
136.0
111.0
107.0
137.0
109.0
107.0
106.0
105.0
136.0
108.0
111.0
110.0
106.0
109.0
107.0
137.0
108.0
136.0
100.0
138.0
105.0
133.0
106.0
133.0
109.0
137.0
108.0
137.0
99.0
138.0
106.0
104.0
110.0
93.0
135.0
109.0
135.0
107.0
134.0
105.0
133.0
105.0
134.0
108.0
105.0
112.0
136.0
100.0
136.0
108.0
134.0
97.0
134.0
113.0
132.0
109.0
108.0
135.0
110.0
133.0
107.0
102.0
105.0
101.0
133.0
109.0
107.0
132.0
105.0
136.0
109.0
134.0
109.0
137.0
106.0
130.0
91.0
109.0
133.0
107.0
137.0
104.0
133.0
105.0
137.0
103.0
132.0
110.0
136.0
105.0
110.0
134.0
106.0
133.0
107.0
96.0
105.0
103.0
138.0
106.0
112.0
136.0
107.0
137.0
106.0
135.0
106.0
104.0
109.0
108.0
136.0
107.0
133.0
102.0
133.0
106.0
107.0
137.0
105.0
130.0
109.0
134.0
105.0
138.0
105.0
104.0
109.0
133.0
107.0
135.0
106.0
109.0
137.0
107.0
133.0
101.0
105.0
138.0
110.0
135.0
109.0
133.0
102.0
135.0
107.0
107.0
133.0
108.0
134.0
108.0
132.0
108.0
110.0
97.0
136.0
108.0
136.0
111.0
132.0
105.0
107.0
106.0
109.0
136.0
107.0
135.0
108.0
134.0
108.0
109.0
571.0
130.0
107.0
104.0
108.0
136.0
105.0
106.0
136.0
107.0
130.0
106.0
106.0
108.0
104.0
132.0
107.0
136.0
108.0
134.0
106.0
137.0
105.0
106.0
111.0
132.0
111.0
130.0
106.0
108.0
136.0
106.0
137.0
108.0
134.0
99.0
136.0
108.0
104.0
136.0
105.0
134.0
106.0
137.0
111.0
106.0
105.0
107.0
138.0
112.0
136.0
105.0
106.0
132.0
107.0
132.0
102.0
135.0
108.0
107.0
136.0
109.0
134.0
88.0
138.0
106.0
107.0
137.0
105.0
134.0
103.0
132.0
103.0
101.0
137.0
109.0
106.0
106.0
133.0
108.0
102.0
134.0
103.0
107.0
133.0
88.0
134.0
99.0
110.0
107.0
107.0
107.0
134.0
104.0
137.0
109.0
133.0
104.0
107.0
139.0
106.0
112.0
132.0
105.0
133.0
109.0
105.0
133.0
104.0
129.0
105.0
133.0
109.0
133.0
101.0
136.0
99.0
134.0
112.0
132.0
109.0
108.0
107.0
135.0
105.0
135.0
109.0
138.0
114.0
107.0
109.0
109.0
107.0
133.0
112.0
107.0
96.0
135.0
106.0
134.0
109.0
137.0
106.0
135.0
109.0
131.0
106.0
136.0
105.0
135.0
106.0
108.0
139.0
102.0
110.0
132.0
110.0
133.0
97.0
133.0
109.0
135.0
108.0
106.0
107.0
133.0
110.0
134.0
113.0
134.0
110.0
139.0
104.0
131.0
105.0
136.0
108.0
133.0
108.0
133.0
100.0
134.0
107.0
133.0
291.0
109.0
134.0
101.0
132.0
105.0
106.0
107.0
132.0
110.0
108.0
133.0
109.0
130.0
109.0
131.0
109.0
107.0
106.0
134.0
106.0
93.0
136.0
109.0
134.0
109.0
101.0
102.0
133.0
107.0
108.0
138.0
107.0
133.0
98.0
136.0
106.0
133.0
107.0
137.0
106.0
137.0
107.0
106.0
138.0
109.0
108.0
138.0
111.0
107.0
108.0
106.0
107.0
134.0
106.0
107.0
138.0
107.0
135.0
105.0
139.0
106.0
136.0
106.0
135.0
104.0
133.0
105.0
104.0
133.0
105.0
137.0
107.0
133.0
109.0
135.0
107.0
107.0
106.0
106.0
106.0
132.0
107.0
134.0
106.0
134.0
109.0
135.0
107.0
105.0
107.0
96.0
135.0
203.0
109.0
135.0
105.0
130.0
104.0
109.0
106.0
107.0
107.0
130.0
103.0
109.0
134.0
105.0
133.0
106.0
135.0
107.0
132.0
105.0
109.0
108.0
132.0
107.0
136.0
109.0
104.0
330.0
109.0
137.0
112.0
133.0
111.0
113.0
134.0
184.0
104.0
137.0
106.0
110.0
109.0
102.0
137.0
101.0
136.0
107.0
133.0
112.0
106.0
108.0
107.0
136.0
109.0
107.0
109.0
171.0
134.0
106.0
132.0
106.0
138.0
230.0
112.0
109.0
69.0
147.0
106.0
105.0
106.0
138.0
106.0
137.0
107.0
109.0
137.0
97.0
136.0
106.0
107.0
106.0
133.0
106.0
131.0
88.0
137.0
106.0
106.0
107.0
134.0
109.0
110.0
110.0
135.0
110.0
98.0
137.0
112.0
109.0
108.0
109.0
107.0
104.0
132.0
111.0
112.0
136.0
108.0
103.0
108.0
136.0
107.0
111.0
102.0
109.0
136.0
109.0
130.0
107.0
105.0
135.0
106.0
107.0
135.0
107.0
130.0
105.0
136.0
113.0
109.0
106.0
106.0
104.0
106.0
134.0
108.0
107.0
133.0
106.0
106.0
134.0
107.0
131.0
107.0
102.0
107.0
134.0
107.0
108.0
134.0
97.0
132.0
107.0
105.0
108.0
95.0
136.0
108.0
105.0
135.0
108.0
106.0
108.0
132.0
105.0
110.0
136.0
104.0
138.0
125.0
137.0
107.0
105.0
132.0
108.0
134.0
109.0
133.0
106.0
132.0
107.0
132.0
107.0
104.0
132.0
92.0
107.0
106.0
134.0
108.0
138.0
101.0
87.0
137.0
101.0
98.0
106.0
109.0
105.0
107.0
131.0
104.0
105.0
138.0
108.0
132.0
109.0
132.0
104.0
106.0
133.0
105.0
93.0
214.0
107.0
135.0
213.0
107.0
101.0
139.0
104.0
109.0
136.0
109.0
109.0
132.0
111.0
134.0
112.0
136.0
109.0
105.0
109.0
109.0
134.0
109.0
137.0
106.0
107.0
132.0
107.0
107.0
108.0
132.0
109.0
105.0
136.0
104.0
111.0
104.0
136.0
102.0
205.0
108.0
107.0
133.0
107.0
107.0
136.0
110.0
108.0
138.0
106.0
138.0
110.0
138.0
107.0
105.0
132.0
104.0
134.0
106.0
136.0
106.0
525.0
138.0
102.0
106.0
131.0
106.0
131.0
98.0
137.0
107.0
525.0
133.0
103.0
133.0
107.0
134.0
106.0
134.0
104.0
104.0
133.0
106.0
129.0
108.0
105.0
103.0
105.0
134.0
107.0
104.0
109.0
133.0
109.0
106.0
108.0
105.0
134.0
105.0
109.0
110.0
132.0
108.0
106.0
105.0
110.0
106.0
110.0
106.0
133.0
103.0
100.0
132.0
459.0
136.0
109.0
83.0
138.0
104.0
137.0
106.0
106.0
138.0
102.0
108.0
133.0
108.0
135.0
425.0
133.0
108.0
102.0
133.0
106.0
132.0
109.0
136.0
109.0
133.0
106.0
133.0
108.0
131.0
108.0
134.0
107.0
108.0
137.0
106.0
136.0
111.0
134.0
106.0
107.0
135.0
107.0
134.0
99.0
134.0
102.0
109.0
138.0
106.0
107.0
135.0
106.0
135.0
215.0
133.0
109.0
133.0
108.0
137.0
106.0
135.0
107.0
191.0
107.0
136.0
98.0
106.0
135.0
110.0
133.0
104.0
132.0
106.0
133.0
96.0
137.0
107.0
107.0
135.0
109.0
134.0
109.0
134.0
113.0
137.0
106.0
197.0
136.0
111.0
100.0
138.0
105.0
136.0
109.0
104.0
133.0
106.0
136.0
112.0
107.0
136.0
109.0
107.0
107.0
134.0
107.0
137.0
107.0
132.0
109.0
107.0
136.0
108.0
133.0
99.0
140.0
496.0
135.0
106.0
134.0
105.0
137.0
113.0
104.0
132.0
109.0
133.0
104.0
134.0
336.0
134.0
106.0
106.0
105.0
134.0
103.0
107.0
106.0
105.0
133.0
108.0
103.0
109.0
133.0
104.0
132.0
104.0
132.0
110.0
137.0
105.0
136.0
104.0
136.0
98.0
134.0
107.0
104.0
135.0
112.0
106.0
134.0
106.0
108.0
106.0
97.0
139.0
107.0
137.0
109.0
135.0
106.0
106.0
134.0
106.0
134.0
106.0
134.0
106.0
134.0
108.0
133.0
107.0
132.0
109.0
134.0
106.0
133.0
107.0
133.0
107.0
134.0
110.0
109.0
107.0
107.0
106.0
105.0
107.0
109.0
137.0
110.0
137.0
104.0
106.0
108.0
138.0
107.0
106.0
134.0
106.0
134.0
104.0
134.0
106.0
109.0
133.0
110.0
136.0
109.0
136.0
108.0
96.0
137.0
104.0
138.0
101.0
133.0
104.0
106.0
106.0
107.0
133.0
108.0
135.0
106.0
133.0
107.0
136.0
102.0
136.0
106.0
135.0
109.0
134.0
108.0
134.0
106.0
137.0
106.0
132.0
102.0
110.0
133.0
111.0
107.0
106.0
137.0
108.0
133.0
106.0
132.0
104.0
138.0
106.0
139.0
106.0
109.0
108.0
132.0
104.0
131.0
106.0
138.0
106.0
134.0
106.0
101.0
109.0
105.0
136.0
106.0
132.0
107.0
137.0
106.0
109.0
137.0
104.0
137.0
203.0
136.0
205.0
132.0
106.0
138.0
106.0
109.0
110.0
134.0
106.0
112.0
133.0
106.0
105.0
139.0
95.0
136.0
538.0
136.0
111.0
132.0
106.0
138.0
104.0
108.0
107.0
105.0
101.0
136.0
106.0
106.0
133.0
106.0
106.0
139.0
106.0
136.0
107.0
133.0
109.0
131.0
111.0
106.0
108.0
108.0
106.0
103.0
132.0
108.0
95.0
140.0
110.0
133.0
106.0
133.0
108.0
130.0
106.0
109.0
96.0
136.0
104.0
106.0
134.0
107.0
107.0
130.0
274.0
138.0
109.0
136.0
106.0
102.0
105.0
136.0
110.0
108.0
109.0
107.0
133.0
101.0
133.0
111.0
137.0
106.0
137.0
106.0
132.0
104.0
134.0
106.0
138.0
106.0
132.0
107.0
136.0
107.0
105.0
111.0
106.0
108.0
107.0
136.0
98.0
109.0
104.0
109.0
132.0
109.0
133.0
104.0
133.0
108.0
138.0
78.0
144.0
106.0
132.0
95.0
137.0
116.0
108.0
136.0
107.0
135.0
106.0
130.0
105.0
134.0
100.0
138.0
106.0
134.0
105.0
136.0
106.0
134.0
104.0
136.0
110.0
107.0
137.0
108.0
136.0
108.0
102.0
105.0
135.0
107.0
107.0
136.0
106.0
133.0
103.0
136.0
110.0
131.0
102.0
108.0
107.0
106.0
108.0
135.0
107.0
132.0
103.0
135.0
107.0
135.0
104.0
130.0
105.0
107.0
105.0
134.0
108.0
130.0
108.0
109.0
130.0
107.0
138.0
107.0
135.0
108.0
108.0
134.0
106.0
134.0
108.0
107.0
130.0
106.0
144.0
104.0
107.0
106.0
134.0
109.0
133.0
108.0
137.0
105.0
109.0
138.0
109.0
131.0
106.0
109.0
134.0
102.0
107.0
133.0
407.0
135.0
112.0
109.0
134.0
106.0
136.0
109.0
137.0
104.0
107.0
108.0
98.0
106.0
137.0
106.0
136.0
108.0
136.0
106.0
136.0
105.0
134.0
106.0
134.0
106.0
138.0
110.0
133.0
107.0
132.0
107.0
133.0
104.0
136.0
108.0
137.0
106.0
134.0
108.0
103.0
136.0
106.0
138.0
106.0
108.0
136.0
100.0
137.0
98.0
136.0
106.0
136.0
108.0
137.0
106.0
136.0
106.0
106.0
111.0
102.0
136.0
106.0
129.0
100.0
109.0
133.0
107.0
133.0
106.0
133.0
106.0
133.0
106.0
136.0
107.0
133.0
106.0
101.0
109.0
109.0
139.0
109.0
133.0
103.0
136.0
109.0
107.0
110.0
101.0
132.0
110.0
109.0
105.0
109.0
133.0
109.0
106.0
107.0
133.0
108.0
136.0
102.0
132.0
106.0
104.0
135.0
97.0
138.0
104.0
134.0
106.0
134.0
106.0
107.0
108.0
199.0
134.0
109.0
104.0
133.0
105.0
106.0
134.0
104.0
106.0
102.0
134.0
104.0
132.0
106.0
137.0
106.0
106.0
136.0
106.0
134.0
107.0
133.0
102.0
105.0
107.0
137.0
106.0
131.0
105.0
104.0
135.0
102.0
103.0
105.0
108.0
134.0
109.0
136.0
108.0
139.0
107.0
133.0
107.0
133.0
105.0
107.0
138.0
106.0
136.0
110.0
133.0
106.0
136.0
189.0
107.0
138.0
106.0
83.0
140.0
107.0
136.0
106.0
134.0
97.0
107.0
133.0
109.0
106.0
107.0
102.0
108.0
134.0
109.0
105.0
136.0
108.0
134.0
107.0
136.0
104.0
132.0
103.0
133.0
107.0
139.0
105.0
137.0
107.0
107.0
134.0
106.0
136.0
106.0
133.0
108.0
136.0
109.0
221.0
135.0
106.0
97.0
139.0
109.0
133.0
109.0
134.0
98.0
109.0
132.0
104.0
134.0
108.0
138.0
106.0
137.0
279.0
109.0
110.0
134.0
97.0
104.0
133.0
106.0
106.0
106.0
105.0
105.0
130.0
103.0
134.0
107.0
106.0
100.0
133.0
97.0
136.0
101.0
135.0
109.0
109.0
134.0
424.0
134.0
106.0
105.0
109.0
134.0
104.0
108.0
136.0
105.0
106.0
104.0
102.0
109.0
106.0
104.0
113.0
130.0
102.0
108.0
108.0
132.0
105.0
101.0
130.0
107.0
138.0
100.0
132.0
109.0
106.0
108.0
133.0
107.0
135.0
106.0
109.0
133.0
107.0
108.0
109.0
133.0
107.0
137.0
108.0
136.0
103.0
135.0
107.0
133.0
98.0
138.0
216.0
135.0
106.0
133.0
204.0
191.0
134.0
108.0
107.0
137.0
106.0
133.0
234.0
102.0
176.0
136.0
109.0
110.0
135.0
104.0
132.0
107.0
106.0
132.0
101.0
135.0
104.0
136.0
108.0
105.0
136.0
107.0
109.0
102.0
102.0
104.0
133.0
107.0
133.0
105.0
106.0
136.0
106.0
107.0
109.0
134.0
105.0
109.0
105.0
108.0
106.0
108.0
136.0
106.0
105.0
107.0
106.0
109.0
130.0
174.0
136.0
110.0
106.0
134.0
105.0
111.0
110.0
104.0
110.0
133.0
101.0
110.0
132.0
106.0
107.0
133.0
104.0
106.0
105.0
134.0
111.0
104.0
134.0
108.0
132.0
110.0
110.0
136.0
109.0
133.0
105.0
131.0
104.0
133.0
106.0
106.0
85.0
134.0
93.0
140.0
106.0
129.0
106.0
104.0
108.0
134.0
105.0
104.0
106.0
135.0
135.0
102.0
104.0
132.0
106.0
107.0
105.0
132.0
106.0
107.0
107.0
134.0
102.0
109.0
107.0
137.0
108.0
101.0
104.0
136.0
108.0
106.0
134.0
109.0
137.0
104.0
137.0
106.0
131.0
105.0
107.0
136.0
106.0
109.0
134.0
107.0
137.0
112.0
109.0
137.0
111.0
103.0
109.0
106.0
107.0
136.0
102.0
134.0
106.0
107.0
101.0
135.0
104.0
108.0
107.0
106.0
109.0
131.0
102.0
133.0
105.0
107.0
109.0
133.0
98.0
138.0
328.0
107.0
141.0
109.0
136.0
105.0
104.0
104.0
110.0
132.0
107.0
134.0
107.0
135.0
106.0
105.0
108.0
133.0
108.0
108.0
138.0
424.0
129.0
111.0
105.0
136.0
113.0
138.0
106.0
109.0
134.0
107.0
107.0
108.0
136.0
112.0
136.0
104.0
136.0
106.0
138.0
109.0
134.0
100.0
137.0
97.0
139.0
106.0
107.0
106.0
133.0
108.0
107.0
100.0
110.0
136.0
110.0
107.0
130.0
106.0
108.0
135.0
107.0
109.0
138.0
105.0
136.0
107.0
133.0
100.0
135.0
106.0
136.0
107.0
109.0
137.0
106.0
108.0
105.0
104.0
104.0
108.0
130.0
106.0
139.0
96.0
138.0
106.0
136.0
102.0
133.0
106.0
138.0
106.0
134.0
109.0
106.0
136.0
104.0
107.0
110.0
101.0
136.0
106.0
105.0
137.0
105.0
107.0
137.0
107.0
134.0
106.0
133.0
110.0
107.0
108.0
134.0
105.0
134.0
104.0
136.0
108.0
134.0
111.0
131.0
108.0
111.0
132.0
109.0
105.0
134.0
108.0
132.0
108.0
132.0
108.0
139.0
109.0
105.0
106.0
105.0
109.0
135.0
107.0
136.0
106.0
138.0
86.0
141.0
110.0
111.0
136.0
106.0
105.0
109.0
137.0
107.0
107.0
104.0
109.0
133.0
107.0
138.0
105.0
136.0
100.0
135.0
108.0
106.0
107.0
136.0
106.0
138.0
106.0
106.0
136.0
111.0
107.0
133.0
106.0
135.0
108.0
107.0
134.0
107.0
109.0
102.0
135.0
102.0
138.0
103.0
136.0
105.0
107.0
105.0
108.0
136.0
112.0
110.0
106.0
106.0
136.0
107.0
106.0
132.0
109.0
136.0
109.0
109.0
107.0
135.0
108.0
134.0
110.0
109.0
138.0
106.0
136.0
108.0
133.0
112.0
133.0
106.0
106.0
109.0
135.0
105.0
138.0
100.0
107.0
128.0
110.0
132.0
108.0
138.0
102.0
140.0
104.0
134.0
109.0
104.0
107.0
132.0
106.0
137.0
109.0
132.0
110.0
110.0
131.0
106.0
98.0
134.0
109.0
133.0
110.0
104.0
108.0
98.0
136.0
103.0
130.0
109.0
108.0
110.0
109.0
109.0
133.0
205.0
138.0
205.0
138.0
109.0
105.0
106.0
138.0
110.0
130.0
109.0
136.0
111.0
134.0
441.0
105.0
133.0
94.0
137.0
107.0
108.0
137.0
109.0
134.0
103.0
133.0
105.0
107.0
130.0
107.0
112.0
106.0
103.0
109.0
134.0
108.0
133.0
109.0
138.0
105.0
136.0
107.0
112.0
110.0
136.0
105.0
133.0
107.0
134.0
101.0
133.0
107.0
109.0
128.0
97.0
136.0
106.0
103.0
132.0
107.0
138.0
106.0
135.0
106.0
107.0
136.0
103.0
136.0
109.0
136.0
109.0
134.0
110.0
135.0
106.0
133.0
110.0
134.0
106.0
138.0
106.0
108.0
130.0
107.0
109.0
133.0
107.0
107.0
107.0
138.0
109.0
134.0
108.0
136.0
107.0
107.0
107.0
136.0
107.0
131.0
107.0
109.0
109.0
134.0
106.0
100.0
134.0
107.0
100.0
137.0
109.0
107.0
108.0
131.0
102.0
107.0
133.0
109.0
107.0
138.0
105.0
105.0
136.0
104.0
106.0
133.0
94.0
106.0
134.0
107.0
107.0
132.0
108.0
136.0
109.0
132.0
111.0
104.0
106.0
106.0
136.0
106.0
108.0
134.0
103.0
137.0
110.0
132.0
108.0
136.0
102.0
107.0
136.0
109.0
109.0
134.0
109.0
137.0
106.0
111.0
108.0
132.0
108.0
137.0
109.0
136.0
95.0
133.0
108.0
107.0
135.0
109.0
137.0
104.0
136.0
104.0
102.0
135.0
112.0
109.0
135.0
106.0
136.0
108.0
136.0
96.0
139.0
105.0
104.0
110.0
133.0
104.0
106.0
106.0
104.0
106.0
108.0
134.0
107.0
112.0
107.0
139.0
104.0
101.0
134.0
105.0
137.0
108.0
106.0
135.0
97.0
138.0
106.0
136.0
110.0
106.0
136.0
106.0
138.0
97.0
137.0
107.0
135.0
111.0
134.0
109.0
106.0
105.0
135.0
97.0
105.0
134.0
105.0
135.0
106.0
107.0
137.0
105.0
132.0
97.0
136.0
110.0
133.0
108.0
137.0
101.0
138.0
102.0
133.0
106.0
137.0
106.0
136.0
107.0
134.0
106.0
107.0
134.0
110.0
136.0
106.0
137.0
106.0
136.0
107.0
98.0
133.0
108.0
134.0
109.0
113.0
133.0
109.0
137.0
104.0
138.0
105.0
106.0
136.0
107.0
100.0
134.0
101.0
109.0
104.0
108.0
109.0
136.0
106.0
107.0
97.0
137.0
107.0
133.0
108.0
106.0
134.0
244.0
105.0
137.0
104.0
137.0
108.0
105.0
101.0
131.0
109.0
109.0
135.0
106.0
137.0
104.0
137.0
104.0
136.0
112.0
134.0
107.0
133.0
106.0
105.0
108.0
136.0
107.0
101.0
141.0
104.0
107.0
109.0
133.0
98.0
136.0
106.0
133.0
97.0
136.0
106.0
106.0
113.0
136.0
106.0
133.0
107.0
106.0
130.0
111.0
103.0
137.0
109.0
135.0
107.0
134.0
107.0
108.0
135.0
107.0
107.0
109.0
137.0
105.0
104.0
139.0
106.0
109.0
136.0
107.0
105.0
134.0
109.0
108.0
106.0
106.0
109.0
108.0
106.0
133.0
107.0
140.0
104.0
108.0
135.0
111.0
108.0
138.0
108.0
135.0
103.0
136.0
105.0
133.0
109.0
131.0
106.0
132.0
104.0
132.0
110.0
106.0
108.0
105.0
109.0
101.0
105.0
134.0
106.0
105.0
105.0
133.0
108.0
136.0
110.0
103.0
105.0
134.0
109.0
136.0
107.0
107.0
135.0
107.0
106.0
105.0
107.0
105.0
107.0
137.0
103.0
136.0
107.0
134.0
106.0
134.0
108.0
136.0
104.0
108.0
106.0
133.0
110.0
136.0
105.0
107.0
106.0
108.0
138.0
109.0
106.0
134.0
104.0
135.0
106.0
130.0
106.0
109.0
133.0
107.0
106.0
104.0
134.0
106.0
106.0
106.0
95.0
136.0
98.0
138.0
109.0
138.0
83.0
136.0
108.0
107.0
105.0
135.0
109.0
134.0
109.0
133.0
64.0
152.0
106.0
131.0
109.0
134.0
107.0
108.0
110.0
106.0
133.0
104.0
134.0
107.0
137.0
107.0
133.0
108.0
106.0
136.0
106.0
131.0
106.0
134.0
109.0
383.0
106.0
98.0
109.0
134.0
96.0
138.0
105.0
107.0
109.0
132.0
104.0
133.0
107.0
134.0
104.0
134.0
104.0
134.0
109.0
133.0
105.0
132.0
103.0
136.0
105.0
133.0
102.0
132.0
96.0
130.0
110.0
137.0
106.0
106.0
136.0
102.0
135.0
105.0
135.0
108.0
136.0
110.0
105.0
135.0
106.0
106.0
136.0
105.0
135.0
109.0
106.0
108.0
133.0
105.0
110.0
137.0
107.0
132.0
107.0
133.0
107.0
105.0
106.0
106.0
132.0
107.0
110.0
110.0
107.0
134.0
109.0
133.0
110.0
109.0
133.0
107.0
138.0
106.0
107.0
135.0
107.0
136.0
106.0
106.0
107.0
482.0
107.0
104.0
132.0
104.0
138.0
104.0
88.0
140.0
193.0
109.0
134.0
85.0
140.0
109.0
135.0
107.0
108.0
104.0
109.0
131.0
106.0
107.0
105.0
101.0
104.0
133.0
109.0
107.0
134.0
108.0
137.0
111.0
134.0
106.0
137.0
98.0
134.0
107.0
133.0
96.0
135.0
106.0
109.0
106.0
130.0
201.0
132.0
106.0
138.0
106.0
132.0
107.0
107.0
137.0
106.0
137.0
108.0
108.0
133.0
109.0
133.0
111.0
132.0
106.0
134.0
111.0
105.0
137.0
105.0
130.0
106.0
137.0
113.0
133.0
108.0
134.0
114.0
135.0
107.0
108.0
104.0
107.0
131.0
105.0
132.0
107.0
109.0
134.0
110.0
104.0
107.0
137.0
109.0
138.0
99.0
135.0
107.0
106.0
133.0
110.0
131.0
105.0
102.0
137.0
106.0
109.0
137.0
105.0
101.0
131.0
100.0
108.0
133.0
479.0
138.0
192.0
109.0
134.0
106.0
107.0
133.0
77.0
144.0
105.0
107.0
110.0
110.0
110.0
137.0
106.0
107.0
138.0
106.0
131.0
106.0
111.0
132.0
109.0
138.0
107.0
109.0
133.0
104.0
138.0
105.0
97.0
134.0
105.0
133.0
106.0
109.0
134.0
107.0
107.0
134.0
106.0
107.0
132.0
107.0
134.0
438.0
104.0
137.0
102.0
135.0
109.0
108.0
133.0
105.0
134.0
105.0
108.0
108.0
137.0
104.0
105.0
137.0
109.0
134.0
104.0
132.0
107.0
135.0
105.0
104.0
104.0
132.0
106.0
132.0
549.0
143.0
108.0
133.0
106.0
85.0
139.0
107.0
134.0
106.0
106.0
130.0
109.0
108.0
107.0
136.0
107.0
104.0
134.0
108.0
190.0
136.0
106.0
133.0
106.0
106.0
108.0
133.0
85.0
134.0
105.0
136.0
568.0
105.0
109.0
134.0
101.0
98.0
106.0
104.0
108.0
135.0
101.0
190.0
106.0
138.0
106.0
476.0
138.0
107.0
136.0
106.0
136.0
83.0
140.0
110.0
110.0
134.0
105.0
91.0
135.0
109.0
217.0
111.0
110.0
136.0
108.0
111.0
137.0
107.0
135.0
107.0
135.0
106.0
134.0
100.0
106.0
132.0
107.0
132.0
108.0
104.0
136.0
108.0
133.0
106.0
107.0
110.0
132.0
106.0
106.0
109.0
103.0
134.0
104.0
135.0
107.0
135.0
107.0
106.0
136.0
101.0
135.0
106.0
106.0
133.0
108.0
132.0
106.0
110.0
134.0
104.0
106.0
132.0
107.0
106.0
136.0
106.0
106.0
135.0
106.0
109.0
102.0
132.0
98.0
134.0
106.0
93.0
138.0
98.0
135.0
104.0
135.0
107.0
137.0
110.0
106.0
133.0
109.0
134.0
111.0
133.0
103.0
134.0
105.0
129.0
102.0
136.0
225.0
130.0
109.0
106.0
137.0
104.0
104.0
106.0
107.0
136.0
106.0
106.0
132.0
108.0
134.0
107.0
133.0
109.0
107.0
133.0
110.0
102.0
109.0
132.0
597.0
141.0
107.0
109.0
104.0
138.0
100.0
134.0
105.0
105.0
134.0
116.0
104.0
134.0
105.0
109.0
109.0
102.0
106.0
137.0
104.0
134.0
106.0
109.0
135.0
106.0
133.0
110.0
107.0
137.0
108.0
134.0
107.0
184.0
108.0
134.0
106.0
132.0
106.0
109.0
134.0
105.0
98.0
135.0
105.0
107.0
134.0
105.0
107.0
109.0
136.0
106.0
137.0
104.0
131.0
106.0
134.0
107.0
105.0
136.0
106.0
129.0
101.0
138.0
109.0
106.0
106.0
110.0
136.0
106.0
109.0
104.0
138.0
111.0
106.0
136.0
106.0
108.0
105.0
138.0
104.0
109.0
109.0
106.0
95.0
108.0
137.0
109.0
136.0
109.0
106.0
134.0
105.0
105.0
106.0
104.0
107.0
107.0
102.0
109.0
138.0
107.0
137.0
109.0
134.0
106.0
106.0
137.0
102.0
136.0
112.0
136.0
106.0
97.0
138.0
107.0
134.0
108.0
133.0
109.0
133.0
110.0
104.0
134.0
107.0
137.0
108.0
134.0
109.0
134.0
107.0
137.0
107.0
137.0
104.0
132.0
106.0
104.0
109.0
135.0
99.0
135.0
102.0
133.0
108.0
136.0
108.0
107.0
180.0
105.0
134.0
101.0
110.0
132.0
108.0
129.0
104.0
106.0
133.0
110.0
109.0
134.0
105.0
135.0
106.0
136.0
108.0
108.0
136.0
105.0
134.0
108.0
109.0
106.0
84.0
139.0
105.0
105.0
108.0
134.0
107.0
136.0
107.0
108.0
109.0
136.0
99.0
134.0
104.0
133.0
105.0
110.0
137.0
109.0
134.0
108.0
136.0
106.0
134.0
110.0
132.0
107.0
108.0
103.0
105.0
108.0
108.0
105.0
106.0
107.0
134.0
107.0
134.0
109.0
133.0
106.0
132.0
107.0
107.0
107.0
138.0
106.0
110.0
136.0
105.0
137.0
108.0
111.0
136.0
246.0
134.0
106.0
134.0
106.0
108.0
108.0
109.0
136.0
106.0
105.0
106.0
103.0
134.0
105.0
69.0
146.0
111.0
129.0
105.0
105.0
137.0
107.0
110.0
134.0
111.0
109.0
136.0
108.0
132.0
212.0
105.0
524.0
90.0
138.0
103.0
138.0
105.0
105.0
139.0
107.0
111.0
133.0
107.0
94.0
136.0
89.0
136.0
96.0
106.0
134.0
107.0
106.0
109.0
99.0
102.0
138.0
98.0
136.0
106.0
107.0
137.0
107.0
136.0
110.0
134.0
212.0
137.0
107.0
136.0
103.0
132.0
105.0
134.0
107.0
107.0
132.0
102.0
133.0
109.0
136.0
107.0
136.0
105.0
109.0
107.0
261.0
132.0
102.0
136.0
107.0
136.0
106.0
136.0
110.0
100.0
138.0
108.0
105.0
133.0
100.0
137.0
104.0
107.0
135.0
110.0
107.0
132.0
105.0
138.0
106.0
135.0
106.0
109.0
133.0
109.0
138.0
105.0
106.0
134.0
105.0
106.0
139.0
105.0
109.0
106.0
104.0
104.0
107.0
134.0
105.0
102.0
134.0
108.0
133.0
100.0
180.0
92.0
106.0
134.0
107.0
136.0
109.0
108.0
109.0
104.0
138.0
109.0
108.0
133.0
107.0
106.0
107.0
134.0
104.0
108.0
111.0
106.0
105.0
569.0
133.0
106.0
105.0
106.0
109.0
108.0
132.0
106.0
133.0
104.0
133.0
106.0
134.0
108.0
137.0
109.0
105.0
109.0
131.0
108.0
134.0
105.0
106.0
135.0
105.0
359.0
134.0
104.0
135.0
109.0
138.0
111.0
104.0
138.0
107.0
108.0
133.0
104.0
101.0
98.0
133.0
106.0
136.0
106.0
136.0
108.0
133.0
106.0
107.0
107.0
134.0
237.0
136.0
103.0
149.0
109.0
135.0
109.0
103.0
130.0
109.0
105.0
139.0
108.0
106.0
101.0
107.0
105.0
106.0
132.0
109.0
109.0
109.0
105.0
113.0
136.0
107.0
138.0
106.0
133.0
111.0
105.0
135.0
109.0
136.0
106.0
107.0
135.0
109.0
134.0
109.0
134.0
104.0
94.0
137.0
107.0
134.0
110.0
132.0
109.0
135.0
108.0
106.0
135.0
105.0
134.0
104.0
106.0
136.0
106.0
109.0
136.0
109.0
107.0
134.0
108.0
133.0
111.0
109.0
107.0
134.0
102.0
134.0
104.0
132.0
105.0
134.0
108.0
105.0
110.0
132.0
107.0
136.0
106.0
135.0
109.0
133.0
359.0
134.0
108.0
138.0
111.0
128.0
105.0
135.0
109.0
134.0
224.0
136.0
103.0
109.0
139.0
108.0
133.0
108.0
133.0
104.0
132.0
108.0
133.0
109.0
138.0
110.0
136.0
104.0
138.0
109.0
109.0
106.0
130.0
106.0
135.0
107.0
101.0
137.0
108.0
135.0
106.0
106.0
107.0
107.0
105.0
109.0
132.0
107.0
136.0
101.0
135.0
104.0
138.0
100.0
141.0
109.0
135.0
109.0
102.0
106.0
135.0
105.0
140.0
113.0
106.0
137.0
104.0
135.0
109.0
135.0
109.0
96.0
104.0
133.0
108.0
133.0
109.0
106.0
138.0
106.0
135.0
107.0
137.0
105.0
106.0
136.0
109.0
134.0
108.0
134.0
106.0
133.0
108.0
134.0
104.0
133.0
109.0
129.0
107.0
137.0
108.0
106.0
133.0
432.0
133.0
106.0
107.0
105.0
137.0
108.0
138.0
108.0
102.0
105.0
106.0
105.0
102.0
139.0
110.0
136.0
109.0
138.0
111.0
134.0
110.0
133.0
106.0
104.0
101.0
107.0
105.0
138.0
106.0
135.0
101.0
135.0
106.0
131.0
109.0
108.0
109.0
107.0
109.0
133.0
107.0
108.0
196.0
134.0
108.0
134.0
101.0
134.0
108.0
136.0
100.0
136.0
213.0
133.0
109.0
134.0
106.0
137.0
284.0
134.0
108.0
136.0
110.0
132.0
106.0
106.0
99.0
130.0
110.0
138.0
108.0
136.0
109.0
107.0
138.0
107.0
140.0
100.0
136.0
109.0
106.0
103.0
176.0
133.0
105.0
136.0
104.0
105.0
111.0
135.0
108.0
135.0
108.0
137.0
108.0
137.0
107.0
105.0
135.0
100.0
136.0
108.0
108.0
134.0
111.0
133.0
105.0
126.0
104.0
107.0
133.0
96.0
138.0
105.0
137.0
468.0
134.0
107.0
132.0
107.0
181.0
108.0
105.0
137.0
92.0
137.0
107.0
133.0
108.0
130.0
107.0
107.0
110.0
136.0
104.0
105.0
102.0
131.0
107.0
104.0
135.0
108.0
133.0
107.0
136.0
110.0
104.0
105.0
110.0
133.0
101.0
136.0
103.0
110.0
133.0
106.0
135.0
107.0
101.0
133.0
109.0
112.0
134.0
102.0
133.0
114.0
93.0
110.0
138.0
111.0
93.0
137.0
110.0
105.0
135.0
100.0
98.0
138.0
104.0
136.0
108.0
138.0
104.0
107.0
133.0
106.0
97.0
137.0
111.0
136.0
106.0
105.0
136.0
114.0
136.0
107.0
134.0
96.0
136.0
111.0
133.0
104.0
101.0
108.0
135.0
110.0
109.0
108.0
106.0
106.0
105.0
140.0
102.0
139.0
91.0
140.0
108.0
134.0
106.0
105.0
134.0
107.0
106.0
132.0
106.0
106.0
132.0
111.0
134.0
109.0
105.0
103.0
133.0
107.0
133.0
104.0
133.0
105.0
130.0
105.0
133.0
108.0
102.0
136.0
106.0
133.0
107.0
136.0
109.0
136.0
109.0
105.0
108.0
106.0
130.0
100.0
131.0
108.0
108.0
134.0
88.0
139.0
107.0
135.0
103.0
136.0
110.0
108.0
132.0
106.0
138.0
107.0
106.0
100.0
130.0
325.0
105.0
104.0
109.0
106.0
107.0
132.0
105.0
136.0
107.0
133.0
111.0
106.0
136.0
106.0
105.0
132.0
108.0
109.0
106.0
108.0
107.0
133.0
110.0
137.0
106.0
109.0
135.0
106.0
109.0
104.0
100.0
111.0
106.0
136.0
105.0
133.0
109.0
139.0
113.0
105.0
136.0
106.0
112.0
133.0
107.0
107.0
135.0
105.0
138.0
107.0
109.0
133.0
104.0
134.0
107.0
137.0
109.0
110.0
138.0
106.0
102.0
109.0
134.0
107.0
104.0
136.0
110.0
105.0
136.0
109.0
134.0
109.0
134.0
106.0
137.0
110.0
107.0
133.0
106.0
107.0
137.0
107.0
133.0
110.0
138.0
107.0
109.0
135.0
109.0
108.0
105.0
108.0
134.0
106.0
110.0
132.0
103.0
133.0
109.0
106.0
134.0
112.0
110.0
132.0
104.0
106.0
106.0
137.0
107.0
134.0
106.0
136.0
101.0
109.0
133.0
98.0
138.0
110.0
98.0
132.0
108.0
134.0
100.0
106.0
136.0
96.0
91.0
141.0
105.0
136.0
104.0
133.0
110.0
135.0
107.0
133.0
111.0
133.0
105.0
108.0
134.0
105.0
103.0
132.0
106.0
105.0
132.0
106.0
108.0
94.0
138.0
109.0
107.0
109.0
105.0
134.0
107.0
136.0
109.0
138.0
105.0
134.0
106.0
105.0
109.0
109.0
109.0
112.0
131.0
103.0
135.0
112.0
106.0
134.0
109.0
136.0
105.0
102.0
108.0
136.0
106.0
136.0
109.0
107.0
108.0
133.0
101.0
132.0
107.0
107.0
109.0
137.0
109.0
136.0
106.0
108.0
109.0
137.0
107.0
137.0
107.0
134.0
106.0
136.0
109.0
109.0
105.0
134.0
109.0
105.0
136.0
107.0
108.0
136.0
102.0
137.0
106.0
137.0
106.0
107.0
91.0
137.0
127.0
136.0
102.0
100.0
106.0
110.0
132.0
109.0
107.0
133.0
104.0
107.0
134.0
105.0
112.0
134.0
108.0
109.0
141.0
109.0
134.0
110.0
107.0
132.0
99.0
137.0
108.0
106.0
134.0
109.0
138.0
105.0
110.0
133.0
228.0
130.0
108.0
107.0
134.0
109.0
133.0
108.0
106.0
131.0
95.0
135.0
106.0
107.0
109.0
134.0
107.0
132.0
139.0
136.0
186.0
136.0
112.0
106.0
131.0
109.0
132.0
109.0
137.0
105.0
131.0
105.0
132.0
107.0
134.0
109.0
102.0
132.0
110.0
136.0
112.0
107.0
98.0
110.0
137.0
106.0
133.0
108.0
104.0
133.0
101.0
130.0
108.0
135.0
111.0
108.0
109.0
133.0
106.0
135.0
110.0
105.0
106.0
107.0
110.0
136.0
106.0
106.0
134.0
106.0
136.0
105.0
108.0
131.0
104.0
131.0
109.0
132.0
109.0
133.0
106.0
106.0
102.0
138.0
111.0
89.0
135.0
447.0
134.0
108.0
138.0
106.0
109.0
135.0
109.0
134.0
110.0
106.0
102.0
135.0
104.0
105.0
107.0
109.0
107.0
108.0
108.0
133.0
105.0
107.0
136.0
108.0
105.0
133.0
107.0
139.0
107.0
109.0
106.0
105.0
138.0
108.0
107.0
136.0
104.0
107.0
106.0
111.0
109.0
105.0
136.0
109.0
107.0
109.0
106.0
92.0
136.0
109.0
493.0
108.0
136.0
100.0
106.0
110.0
133.0
107.0
134.0
104.0
139.0
100.0
141.0
109.0
134.0
109.0
109.0
137.0
109.0
107.0
133.0
106.0
96.0
136.0
113.0
137.0
108.0
109.0
99.0
135.0
107.0
107.0
136.0
97.0
106.0
111.0
105.0
106.0
106.0
131.0
109.0
136.0
109.0
132.0
107.0
136.0
109.0
137.0
109.0
107.0
133.0
106.0
111.0
106.0
100.0
109.0
101.0
133.0
106.0
133.0
110.0
96.0
131.0
108.0
133.0
111.0
136.0
107.0
133.0
100.0
133.0
107.0
133.0
106.0
138.0
109.0
100.0
140.0
108.0
107.0
137.0
111.0
134.0
107.0
134.0
105.0
130.0
106.0
134.0
107.0
106.0
108.0
109.0
107.0
137.0
109.0
107.0
112.0
104.0
100.0
132.0
102.0
134.0
101.0
105.0
134.0
202.0
132.0
106.0
133.0
219.0
110.0
105.0
134.0
105.0
133.0
110.0
109.0
107.0
134.0
108.0
96.0
138.0
106.0
133.0
107.0
138.0
111.0
103.0
109.0
135.0
113.0
138.0
108.0
134.0
109.0
108.0
110.0
134.0
134.0
135.0
106.0
131.0
104.0
137.0
109.0
106.0
109.0
136.0
108.0
110.0
110.0
106.0
133.0
106.0
263.0
135.0
102.0
136.0
113.0
136.0
107.0
109.0
109.0
133.0
110.0
137.0
106.0
106.0
134.0
107.0
135.0
106.0
134.0
109.0
136.0
107.0
106.0
133.0
108.0
109.0
136.0
109.0
134.0
103.0
133.0
101.0
133.0
106.0
109.0
135.0
106.0
138.0
107.0
110.0
136.0
93.0
135.0
109.0
110.0
108.0
107.0
107.0
107.0
135.0
108.0
108.0
135.0
107.0
135.0
109.0
114.0
132.0
97.0
134.0
106.0
133.0
107.0
109.0
109.0
137.0
108.0
137.0
107.0
136.0
109.0
132.0
85.0
137.0
107.0
109.0
111.0
139.0
109.0
90.0
143.0
103.0
134.0
107.0
133.0
111.0
106.0
108.0
107.0
105.0
106.0
134.0
105.0
106.0
136.0
107.0
108.0
100.0
138.0
110.0
137.0
108.0
104.0
105.0
104.0
133.0
104.0
137.0
269.0
107.0
107.0
138.0
107.0
110.0
105.0
95.0
133.0
104.0
105.0
134.0
108.0
138.0
107.0
107.0
133.0
106.0
109.0
139.0
106.0
106.0
108.0
108.0
138.0
107.0
131.0
110.0
110.0
113.0
133.0
106.0
132.0
106.0
101.0
136.0
105.0
132.0
107.0
109.0
133.0
105.0
134.0
105.0
105.0
135.0
105.0
136.0
103.0
106.0
106.0
135.0
105.0
108.0
132.0
106.0
106.0
107.0
135.0
102.0
106.0
107.0
107.0
103.0
134.0
96.0
135.0
105.0
136.0
105.0
136.0
105.0
107.0
107.0
106.0
111.0
106.0
107.0
106.0
111.0
186.0
135.0
113.0
109.0
106.0
102.0
133.0
107.0
109.0
129.0
107.0
107.0
108.0
133.0
101.0
105.0
106.0
109.0
499.0
138.0
109.0
106.0
131.0
110.0
135.0
109.0
112.0
134.0
110.0
114.0
108.0
137.0
106.0
135.0
104.0
137.0
102.0
110.0
104.0
131.0
105.0
134.0
109.0
107.0
137.0
105.0
105.0
136.0
109.0
107.0
109.0
109.0
134.0
96.0
106.0
108.0
111.0
109.0
137.0
110.0
109.0
133.0
108.0
105.0
107.0
106.0
137.0
106.0
109.0
107.0
138.0
107.0
107.0
112.0
106.0
109.0
135.0
98.0
133.0
106.0
106.0
137.0
105.0
132.0
108.0
109.0
133.0
102.0
106.0
133.0
111.0
134.0
108.0
110.0
106.0
135.0
106.0
131.0
107.0
109.0
106.0
131.0
104.0
137.0
102.0
133.0
108.0
105.0
136.0
109.0
137.0
109.0
105.0
138.0
106.0
134.0
108.0
106.0
134.0
108.0
108.0
134.0
109.0
137.0
106.0
134.0
108.0
106.0
106.0
131.0
106.0
137.0
101.0
106.0
108.0
134.0
107.0
106.0
107.0
108.0
108.0
110.0
106.0
133.0
107.0
101.0
137.0
107.0
109.0
138.0
113.0
107.0
138.0
105.0
109.0
105.0
131.0
101.0
143.0
110.0
108.0
96.0
107.0
102.0
133.0
111.0
138.0
110.0
133.0
107.0
133.0
108.0
136.0
107.0
108.0
108.0
132.0
109.0
109.0
105.0
136.0
110.0
135.0
104.0
106.0
106.0
105.0
131.0
102.0
138.0
106.0
134.0
107.0
132.0
101.0
107.0
105.0
140.0
105.0
107.0
104.0
134.0
106.0
136.0
108.0
132.0
108.0
138.0
107.0
107.0
108.0
109.0
104.0
135.0
98.0
103.0
93.0
137.0
109.0
136.0
88.0
140.0
107.0
134.0
108.0
109.0
134.0
107.0
136.0
108.0
136.0
107.0
133.0
108.0
107.0
136.0
105.0
133.0
108.0
134.0
106.0
133.0
110.0
106.0
93.0
139.0
106.0
102.0
98.0
138.0
102.0
134.0
109.0
102.0
107.0
106.0
107.0
138.0
162.0
104.0
103.0
136.0
109.0
108.0
137.0
106.0
135.0
106.0
106.0
106.0
108.0
133.0
111.0
109.0
106.0
137.0
105.0
109.0
101.0
141.0
106.0
107.0
108.0
133.0
105.0
134.0
107.0
101.0
107.0
137.0
108.0
108.0
109.0
107.0
106.0
109.0
106.0
133.0
110.0
137.0
106.0
98.0
138.0
103.0
107.0
104.0
132.0
104.0
131.0
106.0
132.0
110.0
107.0
102.0
136.0
109.0
109.0
136.0
106.0
105.0
138.0
108.0
106.0
134.0
107.0
180.0
135.0
106.0
108.0
111.0
137.0
99.0
134.0
106.0
133.0
110.0
134.0
107.0
133.0
109.0
137.0
106.0
110.0
136.0
109.0
107.0
109.0
106.0
105.0
133.0
105.0
109.0
104.0
109.0
108.0
136.0
108.0
108.0
138.0
108.0
104.0
100.0
134.0
100.0
136.0
110.0
135.0
108.0
109.0
139.0
589.0
132.0
102.0
103.0
110.0
313.0
102.0
135.0
283.0
136.0
109.0
133.0
107.0
133.0
105.0
138.0
103.0
108.0
135.0
106.0
134.0
107.0
109.0
106.0
104.0
105.0
108.0
108.0
110.0
106.0
133.0
107.0
106.0
137.0
106.0
136.0
109.0
107.0
138.0
106.0
110.0
133.0
109.0
109.0
103.0
104.0
109.0
133.0
101.0
109.0
104.0
108.0
110.0
136.0
106.0
134.0
106.0
138.0
107.0
138.0
104.0
137.0
102.0
137.0
106.0
136.0
106.0
110.0
106.0
112.0
106.0
133.0
91.0
137.0
109.0
110.0
108.0
133.0
110.0
110.0
108.0
107.0
107.0
135.0
103.0
106.0
109.0
135.0
108.0
107.0
129.0
105.0
133.0
108.0
117.0
112.0
136.0
108.0
134.0
101.0
133.0
111.0
138.0
106.0
109.0
137.0
94.0
101.0
137.0
110.0
134.0
110.0
134.0
107.0
106.0
108.0
109.0
138.0
109.0
100.0
133.0
108.0
109.0
134.0
110.0
108.0
136.0
101.0
137.0
106.0
133.0
464.0
136.0
107.0
105.0
106.0
135.0
102.0
109.0
102.0
103.0
112.0
108.0
137.0
109.0
108.0
136.0
101.0
105.0
110.0
108.0
106.0
136.0
105.0
138.0
98.0
136.0
108.0
537.0
134.0
106.0
109.0
110.0
107.0
139.0
114.0
106.0
135.0
106.0
136.0
107.0
109.0
186.0
107.0
132.0
109.0
105.0
134.0
106.0
135.0
100.0
110.0
98.0
117.0
109.0
108.0
138.0
105.0
131.0
102.0
107.0
133.0
105.0
137.0
104.0
99.0
390.0
138.0
109.0
131.0
108.0
110.0
133.0
100.0
135.0
106.0
107.0
106.0
134.0
105.0
132.0
107.0
134.0
104.0
137.0
111.0
135.0
104.0
136.0
108.0
135.0
109.0
136.0
107.0
136.0
248.0
107.0
133.0
106.0
106.0
104.0
106.0
129.0
108.0
136.0
106.0
103.0
106.0
106.0
133.0
109.0
312.0
96.0
138.0
107.0
94.0
134.0
103.0
136.0
107.0
132.0
106.0
106.0
136.0
105.0
135.0
105.0
134.0
107.0
104.0
104.0
102.0
134.0
104.0
107.0
109.0
98.0
109.0
107.0
136.0
103.0
108.0
104.0
110.0
133.0
109.0
112.0
104.0
108.0
108.0
133.0
106.0
133.0
109.0
106.0
132.0
107.0
135.0
107.0
106.0
132.0
106.0
108.0
136.0
107.0
134.0
109.0
138.0
112.0
136.0
106.0
108.0
112.0
106.0
133.0
110.0
136.0
107.0
108.0
105.0
109.0
133.0
108.0
137.0
100.0
135.0
104.0
136.0
105.0
396.0
132.0
108.0
135.0
176.0
137.0
106.0
213.0
106.0
98.0
137.0
106.0
107.0
108.0
132.0
112.0
136.0
104.0
133.0
106.0
132.0
107.0
130.0
105.0
130.0
112.0
108.0
137.0
107.0
137.0
109.0
132.0
109.0
110.0
136.0
326.0
106.0
109.0
109.0
136.0
106.0
128.0
104.0
136.0
104.0
138.0
107.0
134.0
107.0
112.0
138.0
107.0
136.0
110.0
136.0
109.0
137.0
106.0
95.0
136.0
105.0
134.0
105.0
107.0
135.0
106.0
133.0
109.0
109.0
107.0
136.0
109.0
107.0
135.0
112.0
133.0
105.0
137.0
109.0
136.0
107.0
170.0
100.0
109.0
137.0
110.0
134.0
109.0
107.0
133.0
106.0
107.0
135.0
104.0
105.0
136.0
667.0
102.0
109.0
132.0
206.0
133.0
109.0
137.0
109.0
136.0
538.0
134.0
98.0
134.0
108.0
110.0
133.0
111.0
107.0
134.0
109.0
109.0
134.0
110.0
133.0
106.0
137.0
105.0
134.0
103.0
110.0
101.0
134.0
100.0
133.0
99.0
110.0
133.0
105.0
522.0
107.0
109.0
135.0
109.0
133.0
107.0
132.0
104.0
133.0
109.0
104.0
104.0
107.0
107.0
101.0
108.0
133.0
108.0
107.0
98.0
134.0
109.0
133.0
107.0
111.0
107.0
134.0
107.0
105.0
131.0
105.0
136.0
106.0
109.0
107.0
136.0
107.0
134.0
106.0
107.0
108.0
134.0
109.0
104.0
102.0
106.0
106.0
136.0
108.0
132.0
107.0
139.0
107.0
104.0
136.0
106.0
109.0
137.0
104.0
134.0
106.0
107.0
109.0
134.0
109.0
107.0
107.0
102.0
136.0
102.0
136.0
106.0
135.0
107.0
186.0
136.0
106.0
104.0
105.0
136.0
105.0
133.0
109.0
132.0
104.0
133.0
109.0
109.0
104.0
104.0
138.0
105.0
132.0
105.0
107.0
133.0
108.0
135.0
107.0
134.0
176.0
133.0
110.0
103.0
105.0
107.0
108.0
134.0
106.0
132.0
107.0
106.0
105.0
109.0
136.0
106.0
108.0
133.0
104.0
136.0
100.0
134.0
109.0
106.0
106.0
106.0
135.0
110.0
104.0
101.0
137.0
109.0
106.0
133.0
108.0
107.0
110.0
133.0
98.0
133.0
102.0
107.0
105.0
134.0
109.0
108.0
128.0
102.0
132.0
104.0
135.0
98.0
109.0
137.0
105.0
136.0
109.0
135.0
110.0
103.0
133.0
103.0
132.0
101.0
136.0
105.0
135.0
106.0
133.0
101.0
136.0
108.0
134.0
110.0
137.0
108.0
134.0
107.0
136.0
111.0
107.0
135.0
106.0
100.0
138.0
286.0
133.0
110.0
107.0
108.0
133.0
106.0
106.0
106.0
100.0
138.0
105.0
110.0
137.0
99.0
135.0
106.0
133.0
111.0
136.0
104.0
132.0
107.0
133.0
106.0
103.0
132.0
102.0
107.0
104.0
102.0
109.0
130.0
107.0
135.0
111.0
135.0
107.0
102.0
135.0
109.0
106.0
106.0
107.0
109.0
106.0
107.0
522.0
132.0
106.0
136.0
108.0
113.0
135.0
110.0
133.0
106.0
133.0
106.0
134.0
98.0
138.0
104.0
135.0
187.0
107.0
552.0
137.0
104.0
133.0
109.0
108.0
134.0
109.0
135.0
96.0
138.0
102.0
134.0
107.0
102.0
103.0
138.0
108.0
133.0
92.0
137.0
106.0
132.0
104.0
130.0
106.0
137.0
104.0
136.0
109.0
137.0
108.0
107.0
105.0
137.0
101.0
135.0
106.0
134.0
108.0
105.0
136.0
104.0
104.0
133.0
105.0
86.0
138.0
107.0
132.0
104.0
138.0
109.0
101.0
130.0
108.0
107.0
105.0
133.0
108.0
105.0
135.0
109.0
94.0
107.0
141.0
108.0
103.0
105.0
108.0
