102.0
94.0
105.0
100.0
101.0
133.0
99.0
129.0
94.0
130.0
97.0
98.0
98.0
122.0
99.0
134.0
97.0
128.0
124.0
104.0
126.0
120.0
128.0
99.0
96.0
96.0
96.0
127.0
106.0
101.0
129.0
92.0
499.0
98.0
125.0
98.0
127.0
101.0
132.0
98.0
132.0
184.0
133.0
100.0
129.0
98.0
138.0
97.0
130.0
96.0
91.0
96.0
138.0
98.0
125.0
94.0
126.0
101.0
98.0
98.0
138.0
96.0
92.0
97.0
131.0
97.0
112.0
130.0
94.0
99.0
96.0
98.0
136.0
99.0
97.0
103.0
129.0
97.0
125.0
99.0
128.0
93.0
130.0
102.0
98.0
96.0
122.0
99.0
133.0
96.0
124.0
92.0
128.0
94.0
130.0
98.0
132.0
93.0
102.0
133.0
94.0
101.0
129.0
98.0
136.0
102.0
137.0
103.0
133.0
98.0
129.0
102.0
101.0
130.0
91.0
127.0
104.0
128.0
100.0
130.0
98.0
130.0
96.0
130.0
98.0
96.0
128.0
91.0
131.0
103.0
133.0
105.0
101.0
129.0
90.0
132.0
97.0
134.0
174.0
130.0
90.0
93.0
98.0
132.0
101.0
106.0
97.0
123.0
99.0
90.0
126.0
100.0
125.0
90.0
128.0
101.0
124.0
92.0
104.0
133.0
366.0
125.0
93.0
95.0
105.0
130.0
109.0
130.0
97.0
97.0
130.0
98.0
126.0
96.0
126.0
107.0
132.0
94.0
134.0
161.0
128.0
194.0
132.0
100.0
132.0
96.0
98.0
129.0
96.0
123.0
101.0
133.0
102.0
139.0
88.0
126.0
93.0
99.0
130.0
97.0
126.0
99.0
91.0
125.0
93.0
127.0
103.0
133.0
96.0
125.0
96.0
134.0
98.0
133.0
98.0
130.0
100.0
130.0
98.0
101.0
131.0
100.0
130.0
100.0
123.0
101.0
136.0
104.0
130.0
98.0
129.0
100.0
132.0
96.0
134.0
101.0
106.0
128.0
96.0
100.0
99.0
100.0
85.0
129.0
102.0
97.0
103.0
96.0
89.0
100.0
130.0
99.0
97.0
102.0
94.0
124.0
96.0
135.0
95.0
133.0
101.0
134.0
106.0
133.0
100.0
97.0
134.0
98.0
131.0
96.0
128.0
98.0
123.0
97.0
133.0
104.0
125.0
98.0
130.0
97.0
102.0
131.0
101.0
129.0
96.0
98.0
130.0
101.0
131.0
98.0
134.0
102.0
130.0
99.0
129.0
87.0
92.0
92.0
93.0
125.0
101.0
126.0
171.0
101.0
98.0
101.0
127.0
91.0
131.0
265.0
96.0
130.0
100.0
136.0
95.0
128.0
96.0
134.0
98.0
132.0
101.0
125.0
93.0
126.0
90.0
125.0
97.0
134.0
94.0
98.0
126.0
109.0
98.0
128.0
97.0
132.0
99.0
130.0
102.0
98.0
100.0
131.0
104.0
98.0
129.0
94.0
131.0
106.0
127.0
104.0
90.0
96.0
84.0
98.0
97.0
128.0
98.0
128.0
94.0
125.0
97.0
126.0
96.0
134.0
98.0
105.0
107.0
129.0
99.0
96.0
96.0
93.0
93.0
138.0
97.0
99.0
123.0
100.0
128.0
108.0
130.0
94.0
96.0
98.0
97.0
136.0
99.0
133.0
94.0
133.0
93.0
96.0
129.0
98.0
96.0
129.0
86.0
133.0
99.0
102.0
104.0
98.0
130.0
98.0
132.0
96.0
126.0
94.0
127.0
101.0
101.0
97.0
97.0
101.0
122.0
96.0
93.0
126.0
90.0
125.0
100.0
104.0
129.0
100.0
126.0
96.0
135.0
97.0
134.0
96.0
132.0
104.0
90.0
129.0
96.0
125.0
90.0
98.0
125.0
103.0
128.0
103.0
134.0
92.0
128.0
101.0
129.0
96.0
98.0
125.0
94.0
129.0
96.0
99.0
130.0
100.0
90.0
94.0
95.0
130.0
100.0
96.0
80.0
131.0
100.0
90.0
96.0
96.0
130.0
106.0
137.0
98.0
131.0
94.0
98.0
130.0
85.0
133.0
107.0
89.0
93.0
126.0
98.0
82.0
125.0
97.0
96.0
94.0
104.0
92.0
99.0
130.0
94.0
106.0
133.0
99.0
100.0
129.0
102.0
98.0
132.0
91.0
129.0
96.0
101.0
133.0
101.0
130.0
97.0
98.0
91.0
99.0
100.0
124.0
99.0
101.0
123.0
160.0
160.0
130.0
80.0
132.0
89.0
125.0
100.0
131.0
96.0
93.0
133.0
99.0
96.0
98.0
133.0
98.0
122.0
100.0
126.0
82.0
135.0
96.0
100.0
137.0
94.0
97.0
130.0
101.0
128.0
228.0
136.0
91.0
126.0
100.0
111.0
107.0
105.0
130.0
104.0
102.0
288.0
128.0
101.0
129.0
93.0
125.0
84.0
102.0
133.0
107.0
132.0
91.0
104.0
101.0
124.0
98.0
96.0
132.0
97.0
128.0
101.0
127.0
101.0
89.0
133.0
100.0
126.0
98.0
129.0
102.0
134.0
97.0
99.0
137.0
98.0
131.0
94.0
99.0
122.0
101.0
132.0
95.0
126.0
98.0
135.0
97.0
97.0
121.0
97.0
98.0
127.0
102.0
128.0
96.0
128.0
98.0
134.0
94.0
90.0
95.0
129.0
98.0
138.0
97.0
101.0
136.0
100.0
96.0
125.0
96.0
91.0
126.0
93.0
130.0
98.0
128.0
96.0
87.0
136.0
96.0
97.0
104.0
96.0
95.0
95.0
126.0
99.0
132.0
106.0
105.0
130.0
95.0
98.0
105.0
132.0
102.0
130.0
101.0
101.0
91.0
129.0
98.0
89.0
101.0
129.0
98.0
131.0
183.0
97.0
100.0
125.0
98.0
97.0
94.0
130.0
98.0
133.0
93.0
97.0
126.0
106.0
123.0
94.0
125.0
101.0
130.0
103.0
138.0
95.0
128.0
91.0
99.0
125.0
98.0
105.0
133.0
98.0
132.0
97.0
99.0
130.0
100.0
134.0
97.0
104.0
109.0
106.0
133.0
98.0
125.0
93.0
123.0
95.0
125.0
97.0
133.0
100.0
99.0
128.0
93.0
104.0
133.0
94.0
122.0
105.0
132.0
101.0
132.0
93.0
91.0
100.0
137.0
93.0
131.0
105.0
133.0
100.0
130.0
91.0
133.0
93.0
134.0
100.0
93.0
98.0
132.0
96.0
132.0
101.0
99.0
123.0
97.0
100.0
128.0
99.0
129.0
464.0
89.0
132.0
103.0
131.0
98.0
100.0
98.0
101.0
133.0
99.0
129.0
97.0
132.0
95.0
129.0
103.0
133.0
100.0
100.0
96.0
88.0
96.0
130.0
93.0
96.0
133.0
91.0
126.0
98.0
126.0
94.0
98.0
130.0
95.0
97.0
129.0
97.0
124.0
289.0
99.0
128.0
94.0
124.0
101.0
89.0
125.0
104.0
93.0
93.0
130.0
99.0
97.0
138.0
99.0
94.0
93.0
135.0
100.0
135.0
129.0
104.0
131.0
94.0
102.0
134.0
94.0
98.0
92.0
106.0
136.0
105.0
97.0
93.0
90.0
96.0
102.0
137.0
102.0
136.0
105.0
134.0
101.0
129.0
91.0
124.0
100.0
132.0
102.0
133.0
97.0
129.0
100.0
91.0
100.0
94.0
133.0
106.0
131.0
100.0
133.0
96.0
122.0
165.0
126.0
101.0
96.0
101.0
130.0
100.0
131.0
99.0
129.0
97.0
124.0
102.0
129.0
93.0
101.0
127.0
93.0
131.0
203.0
96.0
98.0
99.0
129.0
98.0
94.0
128.0
97.0
130.0
94.0
126.0
104.0
130.0
104.0
125.0
106.0
94.0
129.0
90.0
125.0
102.0
125.0
431.0
130.0
102.0
130.0
98.0
131.0
178.0
93.0
128.0
90.0
134.0
123.0
101.0
98.0
104.0
126.0
92.0
96.0
129.0
92.0
124.0
100.0
131.0
99.0
93.0
100.0
101.0
134.0
103.0
125.0
106.0
139.0
99.0
99.0
129.0
96.0
130.0
104.0
124.0
530.0
130.0
104.0
96.0
104.0
137.0
102.0
130.0
96.0
101.0
125.0
99.0
130.0
96.0
102.0
131.0
102.0
130.0
98.0
130.0
97.0
123.0
100.0
94.0
132.0
95.0
128.0
101.0
138.0
106.0
101.0
98.0
126.0
101.0
133.0
86.0
122.0
93.0
93.0
92.0
94.0
128.0
106.0
129.0
98.0
132.0
334.0
101.0
100.0
122.0
100.0
103.0
101.0
122.0
90.0
98.0
128.0
100.0
125.0
97.0
164.0
101.0
90.0
130.0
97.0
135.0
102.0
133.0
147.0
136.0
99.0
93.0
118.0
123.0
100.0
128.0
85.0
94.0
137.0
100.0
134.0
98.0
136.0
101.0
132.0
107.0
101.0
132.0
97.0
129.0
101.0
128.0
99.0
101.0
106.0
93.0
128.0
101.0
122.0
100.0
93.0
125.0
98.0
128.0
94.0
132.0
96.0
105.0
128.0
100.0
136.0
100.0
129.0
91.0
89.0
124.0
89.0
133.0
105.0
122.0
100.0
97.0
130.0
98.0
100.0
89.0
128.0
96.0
92.0
130.0
93.0
82.0
128.0
93.0
132.0
100.0
102.0
105.0
100.0
99.0
134.0
98.0
129.0
104.0
134.0
100.0
101.0
126.0
186.0
93.0
126.0
96.0
134.0
96.0
100.0
125.0
103.0
128.0
98.0
130.0
289.0
125.0
102.0
135.0
94.0
131.0
93.0
126.0
91.0
105.0
97.0
129.0
91.0
130.0
90.0
138.0
106.0
101.0
99.0
97.0
106.0
130.0
100.0
98.0
104.0
132.0
98.0
133.0
92.0
126.0
90.0
126.0
98.0
122.0
85.0
140.0
210.0
132.0
101.0
95.0
126.0
94.0
94.0
126.0
102.0
131.0
92.0
122.0
98.0
128.0
98.0
99.0
93.0
134.0
101.0
132.0
96.0
130.0
94.0
133.0
101.0
132.0
102.0
134.0
94.0
126.0
100.0
129.0
98.0
130.0
106.0
132.0
101.0
104.0
134.0
100.0
130.0
88.0
97.0
102.0
136.0
97.0
102.0
128.0
98.0
127.0
101.0
128.0
94.0
93.0
97.0
125.0
99.0
98.0
125.0
96.0
129.0
97.0
100.0
102.0
133.0
98.0
108.0
135.0
95.0
128.0
96.0
130.0
546.0
131.0
101.0
137.0
96.0
131.0
96.0
99.0
130.0
96.0
92.0
130.0
98.0
106.0
99.0
189.0
102.0
128.0
98.0
101.0
130.0
99.0
129.0
87.0
130.0
94.0
133.0
98.0
132.0
99.0
127.0
100.0
101.0
124.0
101.0
137.0
95.0
131.0
105.0
134.0
105.0
101.0
105.0
101.0
98.0
122.0
102.0
130.0
99.0
125.0
470.0
126.0
99.0
96.0
85.0
95.0
133.0
97.0
98.0
131.0
100.0
130.0
98.0
96.0
94.0
99.0
97.0
134.0
98.0
95.0
134.0
97.0
131.0
100.0
133.0
97.0
133.0
96.0
101.0
95.0
130.0
97.0
134.0
102.0
98.0
101.0
109.0
130.0
98.0
126.0
101.0
103.0
129.0
105.0
97.0
130.0
99.0
101.0
93.0
100.0
129.0
105.0
129.0
104.0
129.0
98.0
102.0
99.0
74.0
125.0
98.0
106.0
107.0
104.0
130.0
98.0
127.0
159.0
138.0
101.0
100.0
89.0
93.0
139.0
98.0
101.0
99.0
126.0
179.0
136.0
92.0
90.0
130.0
96.0
129.0
100.0
96.0
97.0
124.0
97.0
132.0
104.0
133.0
106.0
90.0
98.0
128.0
98.0
97.0
103.0
126.0
105.0
99.0
134.0
100.0
97.0
94.0
97.0
100.0
101.0
130.0
105.0
97.0
133.0
95.0
91.0
101.0
131.0
101.0
101.0
95.0
97.0
130.0
100.0
129.0
96.0
95.0
132.0
92.0
85.0
130.0
98.0
132.0
91.0
129.0
100.0
100.0
100.0
101.0
97.0
100.0
125.0
101.0
98.0
134.0
93.0
100.0
131.0
94.0
127.0
101.0
96.0
102.0
132.0
99.0
88.0
134.0
93.0
133.0
90.0
97.0
96.0
96.0
132.0
99.0
93.0
133.0
92.0
101.0
87.0
127.0
101.0
94.0
130.0
96.0
133.0
93.0
131.0
101.0
87.0
122.0
203.0
130.0
225.0
130.0
93.0
130.0
102.0
125.0
101.0
100.0
126.0
93.0
99.0
101.0
129.0
96.0
124.0
98.0
93.0
131.0
91.0
93.0
93.0
101.0
100.0
102.0
131.0
100.0
96.0
134.0
101.0
132.0
105.0
126.0
93.0
94.0
125.0
100.0
99.0
107.0
96.0
132.0
103.0
99.0
82.0
128.0
101.0
96.0
134.0
90.0
101.0
126.0
94.0
132.0
93.0
125.0
93.0
381.0
89.0
93.0
133.0
88.0
128.0
87.0
104.0
133.0
101.0
96.0
93.0
131.0
97.0
98.0
130.0
105.0
106.0
91.0
126.0
100.0
97.0
100.0
98.0
134.0
90.0
104.0
129.0
99.0
94.0
133.0
95.0
129.0
98.0
132.0
99.0
93.0
130.0
98.0
131.0
533.0
129.0
95.0
104.0
133.0
99.0
95.0
130.0
94.0
125.0
100.0
136.0
96.0
98.0
129.0
104.0
130.0
97.0
133.0
104.0
131.0
96.0
98.0
133.0
101.0
123.0
93.0
93.0
100.0
98.0
130.0
96.0
96.0
98.0
133.0
101.0
97.0
92.0
95.0
130.0
94.0
102.0
105.0
129.0
97.0
206.0
100.0
96.0
102.0
100.0
100.0
129.0
99.0
99.0
133.0
102.0
133.0
101.0
96.0
132.0
93.0
133.0
94.0
104.0
131.0
93.0
100.0
132.0
94.0
129.0
94.0
133.0
102.0
105.0
130.0
96.0
125.0
78.0
132.0
94.0
122.0
99.0
131.0
102.0
130.0
102.0
124.0
94.0
98.0
134.0
101.0
130.0
98.0
132.0
96.0
101.0
128.0
102.0
126.0
101.0
130.0
97.0
100.0
130.0
97.0
104.0
139.0
94.0
129.0
90.0
130.0
94.0
128.0
96.0
134.0
100.0
128.0
95.0
99.0
101.0
133.0
101.0
96.0
132.0
101.0
134.0
98.0
133.0
100.0
128.0
96.0
128.0
98.0
98.0
133.0
88.0
133.0
98.0
131.0
93.0
133.0
90.0
99.0
130.0
101.0
96.0
133.0
90.0
128.0
95.0
103.0
128.0
92.0
128.0
100.0
98.0
125.0
91.0
91.0
97.0
131.0
93.0
133.0
101.0
134.0
103.0
99.0
132.0
96.0
123.0
98.0
136.0
99.0
128.0
100.0
132.0
100.0
138.0
92.0
105.0
133.0
98.0
129.0
94.0
127.0
101.0
132.0
100.0
102.0
96.0
129.0
96.0
104.0
95.0
104.0
126.0
97.0
98.0
170.0
130.0
100.0
130.0
95.0
130.0
87.0
132.0
97.0
134.0
96.0
126.0
99.0
125.0
93.0
88.0
130.0
99.0
92.0
126.0
96.0
97.0
97.0
90.0
134.0
99.0
132.0
104.0
126.0
96.0
101.0
129.0
98.0
132.0
101.0
133.0
90.0
132.0
100.0
131.0
98.0
124.0
98.0
128.0
97.0
130.0
100.0
128.0
78.0
128.0
102.0
106.0
93.0
98.0
101.0
104.0
96.0
98.0
132.0
89.0
137.0
102.0
526.0
101.0
133.0
96.0
100.0
127.0
101.0
130.0
105.0
134.0
98.0
101.0
129.0
97.0
128.0
249.0
134.0
93.0
96.0
131.0
97.0
128.0
100.0
130.0
102.0
102.0
84.0
96.0
130.0
500.0
134.0
93.0
135.0
84.0
132.0
92.0
134.0
98.0
130.0
94.0
126.0
103.0
134.0
101.0
133.0
102.0
129.0
100.0
101.0
130.0
104.0
97.0
94.0
130.0
100.0
133.0
92.0
125.0
89.0
137.0
94.0
134.0
96.0
101.0
97.0
130.0
98.0
125.0
101.0
133.0
97.0
125.0
103.0
90.0
106.0
96.0
122.0
95.0
129.0
109.0
133.0
94.0
94.0
126.0
97.0
128.0
106.0
134.0
105.0
129.0
82.0
130.0
105.0
97.0
97.0
130.0
98.0
101.0
125.0
186.0
93.0
128.0
100.0
133.0
98.0
134.0
98.0
137.0
96.0
125.0
101.0
90.0
94.0
82.0
100.0
130.0
107.0
101.0
126.0
101.0
94.0
132.0
100.0
133.0
94.0
133.0
98.0
125.0
93.0
96.0
101.0
94.0
98.0
97.0
133.0
101.0
98.0
132.0
99.0
130.0
100.0
125.0
104.0
132.0
91.0
102.0
102.0
136.0
92.0
101.0
134.0
90.0
93.0
121.0
101.0
137.0
97.0
130.0
103.0
94.0
91.0
123.0
98.0
98.0
92.0
104.0
137.0
100.0
133.0
102.0
131.0
101.0
132.0
101.0
128.0
98.0
129.0
93.0
133.0
101.0
134.0
102.0
137.0
99.0
87.0
102.0
99.0
104.0
98.0
130.0
99.0
95.0
106.0
96.0
135.0
97.0
130.0
94.0
132.0
96.0
135.0
90.0
137.0
102.0
129.0
92.0
133.0
148.0
288.0
133.0
101.0
133.0
98.0
130.0
100.0
130.0
95.0
133.0
88.0
128.0
101.0
123.0
92.0
129.0
90.0
130.0
107.0
100.0
136.0
98.0
124.0
92.0
99.0
89.0
133.0
90.0
99.0
126.0
98.0
132.0
107.0
130.0
97.0
130.0
86.0
101.0
97.0
98.0
103.0
129.0
105.0
130.0
93.0
128.0
94.0
129.0
96.0
127.0
96.0
90.0
94.0
127.0
104.0
132.0
98.0
99.0
132.0
99.0
133.0
96.0
130.0
99.0
104.0
129.0
95.0
135.0
102.0
102.0
129.0
96.0
110.0
96.0
99.0
98.0
125.0
101.0
130.0
102.0
133.0
174.0
95.0
131.0
91.0
124.0
97.0
104.0
132.0
104.0
100.0
132.0
101.0
133.0
95.0
98.0
125.0
101.0
129.0
100.0
122.0
101.0
97.0
98.0
94.0
96.0
130.0
107.0
133.0
96.0
125.0
90.0
131.0
100.0
130.0
102.0
125.0
92.0
129.0
95.0
131.0
99.0
138.0
89.0
126.0
94.0
130.0
98.0
126.0
104.0
134.0
100.0
95.0
131.0
95.0
136.0
100.0
97.0
132.0
94.0
132.0
101.0
128.0
78.0
126.0
102.0
129.0
99.0
134.0
98.0
98.0
128.0
100.0
133.0
100.0
129.0
96.0
93.0
126.0
101.0
131.0
163.0
130.0
94.0
126.0
470.0
124.0
98.0
124.0
96.0
109.0
94.0
104.0
141.0
104.0
136.0
96.0
122.0
102.0
93.0
97.0
97.0
134.0
98.0
93.0
93.0
100.0
124.0
96.0
103.0
90.0
126.0
90.0
127.0
96.0
129.0
95.0
100.0
131.0
96.0
129.0
106.0
129.0
100.0
131.0
101.0
94.0
97.0
98.0
134.0
100.0
88.0
130.0
98.0
101.0
129.0
93.0
98.0
102.0
133.0
100.0
127.0
97.0
130.0
98.0
96.0
130.0
102.0
125.0
90.0
119.0
99.0
103.0
97.0
137.0
101.0
133.0
101.0
96.0
133.0
94.0
98.0
100.0
103.0
130.0
94.0
131.0
100.0
127.0
96.0
124.0
91.0
126.0
100.0
102.0
132.0
95.0
130.0
167.0
129.0
91.0
132.0
98.0
98.0
133.0
93.0
84.0
134.0
97.0
131.0
93.0
136.0
93.0
100.0
123.0
105.0
100.0
102.0
87.0
99.0
128.0
106.0
99.0
128.0
98.0
126.0
91.0
125.0
102.0
136.0
100.0
133.0
98.0
134.0
93.0
130.0
98.0
97.0
129.0
165.0
130.0
493.0
131.0
101.0
131.0
98.0
100.0
133.0
100.0
98.0
130.0
99.0
126.0
96.0
132.0
94.0
94.0
125.0
96.0
129.0
103.0
129.0
86.0
135.0
96.0
92.0
93.0
126.0
101.0
101.0
133.0
102.0
96.0
93.0
94.0
105.0
133.0
94.0
129.0
97.0
93.0
99.0
126.0
94.0
128.0
96.0
124.0
96.0
94.0
125.0
105.0
132.0
101.0
97.0
100.0
131.0
100.0
103.0
131.0
96.0
96.0
99.0
98.0
104.0
98.0
94.0
96.0
133.0
98.0
91.0
102.0
126.0
489.0
99.0
129.0
86.0
126.0
101.0
124.0
99.0
101.0
98.0
128.0
106.0
130.0
99.0
98.0
132.0
96.0
105.0
96.0
129.0
101.0
135.0
96.0
126.0
91.0
125.0
97.0
137.0
93.0
137.0
100.0
133.0
90.0
127.0
171.0
104.0
131.0
94.0
102.0
129.0
100.0
126.0
100.0
101.0
95.0
130.0
98.0
310.0
124.0
101.0
130.0
93.0
97.0
130.0
97.0
124.0
87.0
130.0
104.0
98.0
134.0
93.0
100.0
90.0
96.0
93.0
126.0
88.0
128.0
96.0
101.0
130.0
101.0
98.0
109.0
132.0
103.0
105.0
97.0
100.0
92.0
102.0
134.0
93.0
92.0
100.0
90.0
98.0
125.0
90.0
121.0
105.0
162.0
123.0
98.0
97.0
100.0
98.0
98.0
129.0
101.0
90.0
128.0
100.0
92.0
130.0
94.0
181.0
95.0
124.0
101.0
99.0
130.0
97.0
126.0
92.0
93.0
130.0
100.0
135.0
91.0
130.0
91.0
123.0
105.0
98.0
102.0
135.0
101.0
134.0
92.0
120.0
89.0
225.0
102.0
126.0
101.0
322.0
93.0
130.0
95.0
93.0
99.0
134.0
96.0
100.0
105.0
133.0
92.0
102.0
100.0
130.0
98.0
101.0
102.0
130.0
106.0
102.0
93.0
137.0
90.0
90.0
131.0
102.0
129.0
77.0
133.0
83.0
125.0
101.0
92.0
126.0
101.0
97.0
130.0
100.0
130.0
104.0
98.0
133.0
178.0
98.0
100.0
85.0
102.0
128.0
97.0
128.0
100.0
92.0
96.0
128.0
94.0
101.0
482.0
104.0
98.0
121.0
89.0
130.0
99.0
102.0
100.0
126.0
100.0
129.0
102.0
101.0
132.0
96.0
128.0
101.0
100.0
98.0
98.0
125.0
100.0
132.0
98.0
130.0
96.0
96.0
88.0
125.0
103.0
99.0
132.0
104.0
123.0
106.0
104.0
137.0
90.0
133.0
97.0
85.0
124.0
97.0
86.0
100.0
133.0
101.0
133.0
325.0
127.0
96.0
130.0
98.0
133.0
102.0
129.0
91.0
130.0
102.0
94.0
99.0
130.0
97.0
105.0
102.0
555.0
129.0
107.0
104.0
128.0
102.0
102.0
132.0
101.0
100.0
129.0
100.0
130.0
100.0
127.0
98.0
134.0
98.0
132.0
104.0
98.0
134.0
103.0
96.0
92.0
94.0
97.0
98.0
124.0
101.0
135.0
98.0
127.0
94.0
129.0
101.0
129.0
81.0
134.0
95.0
128.0
98.0
85.0
129.0
98.0
93.0
104.0
97.0
129.0
176.0
98.0
136.0
105.0
96.0
133.0
100.0
130.0
94.0
125.0
97.0
96.0
98.0
132.0
101.0
129.0
92.0
125.0
98.0
133.0
106.0
125.0
91.0
97.0
128.0
107.0
100.0
125.0
100.0
129.0
97.0
130.0
102.0
133.0
101.0
98.0
96.0
98.0
97.0
131.0
100.0
127.0
97.0
129.0
99.0
134.0
99.0
94.0
130.0
100.0
103.0
101.0
132.0
580.0
91.0
100.0
96.0
128.0
101.0
136.0
93.0
126.0
99.0
132.0
100.0
98.0
101.0
133.0
93.0
129.0
92.0
100.0
131.0
101.0
101.0
135.0
97.0
130.0
101.0
99.0
128.0
94.0
107.0
102.0
136.0
75.0
131.0
100.0
131.0
90.0
88.0
104.0
98.0
133.0
98.0
98.0
89.0
94.0
133.0
99.0
99.0
128.0
101.0
129.0
97.0
100.0
91.0
127.0
99.0
130.0
104.0
93.0
131.0
98.0
130.0
101.0
128.0
97.0
130.0
94.0
91.0
91.0
134.0
106.0
134.0
97.0
96.0
130.0
101.0
130.0
93.0
135.0
90.0
132.0
98.0
132.0
100.0
99.0
100.0
129.0
96.0
131.0
101.0
125.0
101.0
101.0
129.0
104.0
73.0
128.0
106.0
134.0
101.0
96.0
92.0
97.0
130.0
101.0
128.0
217.0
96.0
100.0
92.0
106.0
128.0
98.0
133.0
103.0
130.0
96.0
98.0
91.0
129.0
100.0
126.0
98.0
134.0
99.0
134.0
101.0
96.0
130.0
100.0
132.0
97.0
95.0
130.0
98.0
126.0
96.0
132.0
99.0
101.0
131.0
93.0
92.0
97.0
98.0
97.0
129.0
94.0
134.0
99.0
134.0
98.0
130.0
96.0
84.0
101.0
132.0
100.0
138.0
93.0
128.0
101.0
129.0
98.0
98.0
129.0
98.0
125.0
90.0
95.0
129.0
106.0
128.0
105.0
128.0
90.0
96.0
131.0
102.0
132.0
96.0
136.0
101.0
133.0
94.0
133.0
98.0
129.0
102.0
133.0
94.0
130.0
106.0
97.0
123.0
96.0
96.0
123.0
100.0
95.0
104.0
138.0
98.0
125.0
98.0
132.0
101.0
98.0
101.0
127.0
107.0
134.0
98.0
102.0
98.0
128.0
98.0
105.0
134.0
102.0
98.0
133.0
98.0
98.0
216.0
132.0
77.0
98.0
124.0
89.0
97.0
130.0
101.0
100.0
130.0
97.0
97.0
130.0
100.0
237.0
134.0
100.0
93.0
128.0
101.0
130.0
102.0
132.0
101.0
99.0
96.0
97.0
131.0
98.0
105.0
124.0
97.0
128.0
96.0
126.0
84.0
132.0
94.0
455.0
133.0
92.0
88.0
129.0
101.0
129.0
77.0
100.0
95.0
133.0
102.0
129.0
92.0
132.0
98.0
132.0
102.0
101.0
129.0
103.0
130.0
98.0
132.0
99.0
96.0
126.0
98.0
92.0
133.0
99.0
128.0
101.0
131.0
98.0
137.0
90.0
94.0
100.0
127.0
100.0
96.0
92.0
96.0
98.0
100.0
133.0
88.0
104.0
97.0
133.0
83.0
103.0
133.0
89.0
126.0
101.0
98.0
123.0
102.0
125.0
98.0
132.0
101.0
95.0
128.0
99.0
132.0
98.0
132.0
103.0
131.0
92.0
124.0
98.0
98.0
101.0
136.0
97.0
100.0
130.0
101.0
136.0
98.0
105.0
134.0
101.0
129.0
97.0
125.0
94.0
129.0
97.0
132.0
101.0
133.0
93.0
135.0
101.0
129.0
96.0
133.0
99.0
130.0
102.0
98.0
129.0
102.0
132.0
86.0
133.0
82.0
130.0
93.0
92.0
126.0
104.0
133.0
93.0
98.0
125.0
100.0
133.0
100.0
134.0
101.0
93.0
134.0
95.0
105.0
138.0
92.0
101.0
98.0
103.0
95.0
133.0
98.0
96.0
100.0
133.0
103.0
130.0
93.0
101.0
137.0
102.0
91.0
125.0
96.0
128.0
97.0
90.0
104.0
129.0
101.0
91.0
128.0
104.0
135.0
95.0
130.0
82.0
129.0
97.0
129.0
99.0
129.0
101.0
97.0
103.0
130.0
91.0
101.0
134.0
93.0
89.0
98.0
129.0
100.0
130.0
102.0
128.0
99.0
130.0
100.0
99.0
99.0
134.0
93.0
125.0
112.0
98.0
126.0
95.0
104.0
128.0
121.0
132.0
96.0
122.0
91.0
102.0
134.0
99.0
94.0
96.0
130.0
95.0
58.0
134.0
84.0
102.0
136.0
102.0
106.0
133.0
97.0
91.0
105.0
90.0
99.0
98.0
97.0
123.0
99.0
132.0
97.0
86.0
125.0
97.0
96.0
130.0
97.0
129.0
98.0
130.0
93.0
130.0
98.0
127.0
101.0
128.0
178.0
129.0
97.0
104.0
93.0
90.0
102.0
96.0
95.0
132.0
89.0
78.0
104.0
130.0
97.0
129.0
97.0
93.0
91.0
132.0
96.0
129.0
93.0
98.0
136.0
102.0
98.0
97.0
92.0
96.0
97.0
136.0
100.0
130.0
98.0
129.0
94.0
127.0
98.0
130.0
101.0
91.0
98.0
124.0
101.0
130.0
82.0
98.0
101.0
98.0
126.0
101.0
97.0
130.0
100.0
135.0
102.0
125.0
90.0
97.0
122.0
100.0
99.0
95.0
122.0
98.0
102.0
99.0
90.0
126.0
97.0
133.0
104.0
128.0
102.0
132.0
101.0
90.0
96.0
130.0
100.0
130.0
92.0
126.0
91.0
140.0
100.0
125.0
105.0
132.0
101.0
93.0
95.0
101.0
132.0
100.0
130.0
101.0
137.0
104.0
130.0
93.0
102.0
132.0
421.0
130.0
98.0
128.0
101.0
98.0
102.0
98.0
103.0
129.0
96.0
124.0
102.0
97.0
95.0
122.0
94.0
127.0
98.0
125.0
96.0
130.0
100.0
125.0
100.0
125.0
96.0
132.0
85.0
130.0
87.0
131.0
98.0
130.0
98.0
122.0
101.0
133.0
97.0
94.0
129.0
94.0
133.0
101.0
130.0
98.0
124.0
96.0
104.0
126.0
95.0
101.0
130.0
100.0
125.0
104.0
98.0
100.0
126.0
101.0
91.0
133.0
96.0
136.0
94.0
132.0
102.0
86.0
96.0
98.0
129.0
93.0
105.0
106.0
98.0
132.0
96.0
126.0
100.0
99.0
129.0
95.0
129.0
93.0
92.0
127.0
158.0
125.0
97.0
94.0
96.0
104.0
98.0
90.0
125.0
102.0
133.0
100.0
98.0
132.0
98.0
102.0
132.0
102.0
134.0
107.0
128.0
96.0
103.0
96.0
95.0
128.0
84.0
98.0
99.0
102.0
99.0
130.0
104.0
106.0
130.0
90.0
129.0
101.0
130.0
94.0
123.0
102.0
130.0
168.0
122.0
106.0
131.0
98.0
97.0
96.0
129.0
97.0
132.0
93.0
130.0
106.0
130.0
97.0
96.0
128.0
100.0
130.0
100.0
114.0
128.0
101.0
130.0
93.0
130.0
98.0
132.0
98.0
98.0
138.0
96.0
127.0
101.0
125.0
105.0
128.0
102.0
131.0
100.0
126.0
94.0
103.0
96.0
92.0
132.0
108.0
121.0
101.0
91.0
130.0
113.0
103.0
99.0
128.0
209.0
126.0
105.0
132.0
100.0
98.0
132.0
137.0
134.0
96.0
94.0
126.0
106.0
101.0
134.0
100.0
101.0
126.0
101.0
99.0
132.0
98.0
132.0
100.0
101.0
131.0
82.0
92.0
128.0
96.0
133.0
105.0
98.0
98.0
97.0
104.0
128.0
94.0
98.0
131.0
105.0
130.0
105.0
99.0
130.0
186.0
135.0
89.0
105.0
130.0
99.0
136.0
102.0
98.0
138.0
100.0
130.0
101.0
99.0
131.0
97.0
85.0
130.0
107.0
102.0
125.0
99.0
128.0
98.0
103.0
132.0
96.0
134.0
102.0
101.0
128.0
98.0
129.0
101.0
100.0
98.0
131.0
302.0
102.0
136.0
98.0
129.0
90.0
141.0
96.0
130.0
98.0
100.0
91.0
130.0
104.0
130.0
92.0
132.0
101.0
128.0
102.0
92.0
126.0
98.0
125.0
98.0
260.0
125.0
95.0
101.0
239.0
138.0
182.0
96.0
134.0
99.0
98.0
135.0
89.0
126.0
96.0
106.0
92.0
130.0
95.0
133.0
103.0
131.0
103.0
94.0
101.0
133.0
97.0
96.0
100.0
84.0
98.0
125.0
103.0
97.0
97.0
133.0
99.0
102.0
129.0
105.0
130.0
98.0
128.0
94.0
133.0
98.0
104.0
124.0
99.0
96.0
133.0
304.0
96.0
95.0
101.0
136.0
89.0
98.0
125.0
99.0
130.0
91.0
122.0
88.0
124.0
104.0
98.0
132.0
98.0
126.0
98.0
108.0
131.0
98.0
129.0
91.0
94.0
95.0
128.0
100.0
95.0
93.0
99.0
138.0
96.0
131.0
102.0
132.0
102.0
93.0
133.0
100.0
130.0
97.0
86.0
124.0
96.0
128.0
85.0
97.0
121.0
100.0
105.0
129.0
96.0
95.0
126.0
102.0
97.0
128.0
97.0
100.0
96.0
129.0
102.0
129.0
103.0
95.0
129.0
101.0
138.0
82.0
130.0
100.0
131.0
101.0
100.0
133.0
100.0
126.0
105.0
134.0
94.0
132.0
97.0
126.0
93.0
135.0
100.0
125.0
97.0
100.0
129.0
94.0
98.0
96.0
102.0
134.0
94.0
114.0
137.0
100.0
130.0
89.0
130.0
92.0
97.0
126.0
103.0
103.0
101.0
133.0
99.0
142.0
105.0
102.0
97.0
135.0
91.0
131.0
101.0
98.0
131.0
102.0
96.0
134.0
101.0
95.0
97.0
101.0
93.0
129.0
101.0
130.0
94.0
99.0
135.0
92.0
135.0
95.0
100.0
126.0
102.0
137.0
101.0
98.0
98.0
131.0
101.0
129.0
105.0
97.0
131.0
100.0
105.0
130.0
101.0
102.0
137.0
97.0
101.0
106.0
130.0
91.0
126.0
98.0
129.0
95.0
125.0
103.0
108.0
133.0
108.0
133.0
97.0
123.0
98.0
97.0
95.0
101.0
133.0
102.0
101.0
101.0
133.0
100.0
95.0
128.0
101.0
93.0
93.0
136.0
92.0
97.0
100.0
101.0
96.0
98.0
134.0
102.0
128.0
94.0
99.0
132.0
100.0
98.0
99.0
101.0
98.0
96.0
95.0
98.0
134.0
165.0
126.0
98.0
133.0
102.0
100.0
129.0
96.0
128.0
106.0
133.0
98.0
99.0
128.0
100.0
126.0
101.0
137.0
96.0
122.0
101.0
98.0
130.0
100.0
126.0
91.0
124.0
98.0
133.0
100.0
134.0
94.0
129.0
93.0
125.0
95.0
97.0
100.0
129.0
92.0
125.0
94.0
128.0
433.0
133.0
167.0
104.0
92.0
89.0
128.0
102.0
93.0
128.0
103.0
132.0
96.0
101.0
133.0
91.0
89.0
129.0
93.0
131.0
100.0
137.0
96.0
101.0
133.0
99.0
127.0
103.0
93.0
98.0
100.0
136.0
100.0
93.0
98.0
128.0
101.0
132.0
98.0
101.0
98.0
128.0
101.0
135.0
97.0
132.0
101.0
94.0
134.0
101.0
134.0
88.0
131.0
97.0
130.0
97.0
125.0
90.0
97.0
99.0
95.0
96.0
98.0
106.0
97.0
87.0
125.0
101.0
131.0
84.0
118.0
86.0
132.0
101.0
99.0
104.0
130.0
93.0
94.0
124.0
90.0
136.0
102.0
101.0
130.0
100.0
131.0
101.0
129.0
88.0
98.0
96.0
94.0
128.0
98.0
98.0
101.0
101.0
136.0
93.0
94.0
137.0
105.0
122.0
107.0
98.0
137.0
96.0
96.0
126.0
92.0
94.0
127.0
198.0
128.0
100.0
93.0
104.0
96.0
125.0
92.0
130.0
95.0
92.0
125.0
99.0
100.0
133.0
94.0
100.0
130.0
99.0
138.0
98.0
99.0
128.0
96.0
94.0
106.0
104.0
96.0
125.0
98.0
130.0
94.0
237.0
124.0
178.0
129.0
100.0
129.0
103.0
133.0
101.0
133.0
82.0
126.0
96.0
121.0
97.0
102.0
139.0
96.0
123.0
98.0
129.0
91.0
129.0
102.0
93.0
101.0
106.0
135.0
99.0
132.0
99.0
130.0
104.0
130.0
98.0
100.0
126.0
94.0
101.0
131.0
102.0
134.0
100.0
101.0
130.0
96.0
97.0
128.0
94.0
129.0
448.0
133.0
91.0
95.0
131.0
80.0
128.0
96.0
105.0
130.0
96.0
69.0
130.0
102.0
100.0
94.0
96.0
94.0
97.0
130.0
115.0
102.0
125.0
97.0
136.0
102.0
102.0
92.0
103.0
136.0
94.0
132.0
104.0
97.0
99.0
94.0
131.0
101.0
101.0
129.0
91.0
98.0
102.0
130.0
92.0
102.0
163.0
102.0
101.0
93.0
132.0
96.0
89.0
105.0
99.0
95.0
120.0
101.0
120.0
98.0
131.0
101.0
126.0
94.0
130.0
94.0
103.0
101.0
132.0
101.0
122.0
105.0
104.0
130.0
96.0
97.0
125.0
101.0
129.0
105.0
134.0
97.0
483.0
131.0
93.0
91.0
123.0
97.0
104.0
88.0
126.0
102.0
130.0
96.0
134.0
100.0
126.0
105.0
98.0
104.0
136.0
104.0
132.0
52.0
150.0
103.0
130.0
97.0
101.0
133.0
107.0
101.0
134.0
98.0
97.0
98.0
95.0
103.0
90.0
125.0
99.0
93.0
98.0
100.0
99.0
132.0
104.0
134.0
104.0
135.0
93.0
185.0
126.0
101.0
130.0
97.0
100.0
125.0
108.0
134.0
110.0
134.0
91.0
104.0
130.0
101.0
129.0
98.0
136.0
92.0
130.0
99.0
102.0
132.0
95.0
128.0
97.0
90.0
128.0
101.0
97.0
133.0
91.0
102.0
130.0
93.0
129.0
96.0
105.0
101.0
130.0
100.0
130.0
99.0
130.0
98.0
134.0
95.0
101.0
98.0
133.0
91.0
129.0
91.0
126.0
93.0
131.0
99.0
127.0
97.0
132.0
103.0
128.0
93.0
130.0
93.0
125.0
99.0
134.0
100.0
95.0
132.0
99.0
122.0
96.0
125.0
98.0
125.0
99.0
128.0
105.0
130.0
97.0
128.0
101.0
133.0
102.0
99.0
97.0
127.0
98.0
130.0
102.0
98.0
128.0
96.0
119.0
95.0
96.0
97.0
96.0
89.0
94.0
120.0
93.0
128.0
101.0
136.0
101.0
132.0
101.0
131.0
96.0
121.0
104.0
96.0
98.0
131.0
93.0
136.0
98.0
100.0
126.0
91.0
123.0
106.0
133.0
96.0
97.0
98.0
133.0
98.0
130.0
94.0
99.0
129.0
98.0
131.0
89.0
133.0
90.0
93.0
126.0
98.0
128.0
88.0
131.0
103.0
129.0
105.0
132.0
94.0
130.0
97.0
130.0
101.0
130.0
92.0
97.0
129.0
102.0
124.0
96.0
94.0
100.0
132.0
102.0
134.0
99.0
93.0
106.0
99.0
104.0
80.0
136.0
98.0
128.0
213.0
133.0
103.0
137.0
94.0
132.0
101.0
94.0
100.0
101.0
97.0
133.0
98.0
129.0
100.0
122.0
101.0
134.0
156.0
95.0
98.0
104.0
104.0
130.0
97.0
102.0
101.0
128.0
92.0
123.0
92.0
123.0
93.0
131.0
93.0
129.0
96.0
134.0
97.0
132.0
98.0
128.0
100.0
124.0
100.0
133.0
105.0
130.0
106.0
90.0
99.0
133.0
100.0
129.0
91.0
126.0
94.0
86.0
132.0
92.0
131.0
105.0
134.0
92.0
89.0
104.0
98.0
126.0
98.0
132.0
94.0
94.0
87.0
125.0
100.0
129.0
90.0
126.0
91.0
125.0
238.0
93.0
133.0
98.0
134.0
98.0
100.0
133.0
222.0
128.0
101.0
130.0
97.0
101.0
132.0
95.0
125.0
103.0
131.0
105.0
130.0
459.0
133.0
99.0
101.0
97.0
101.0
138.0
99.0
134.0
105.0
127.0
102.0
129.0
109.0
100.0
94.0
132.0
98.0
98.0
106.0
123.0
99.0
100.0
134.0
98.0
130.0
96.0
134.0
101.0
103.0
100.0
106.0
134.0
96.0
130.0
95.0
84.0
122.0
103.0
127.0
93.0
251.0
136.0
112.0
99.0
125.0
93.0
134.0
219.0
95.0
106.0
138.0
100.0
101.0
131.0
97.0
91.0
132.0
99.0
103.0
134.0
97.0
130.0
101.0
135.0
98.0
93.0
129.0
102.0
96.0
132.0
105.0
129.0
98.0
96.0
132.0
99.0
129.0
96.0
130.0
102.0
130.0
90.0
126.0
96.0
93.0
107.0
133.0
91.0
90.0
101.0
101.0
97.0
99.0
132.0
101.0
128.0
101.0
129.0
93.0
131.0
97.0
104.0
124.0
101.0
102.0
130.0
100.0
102.0
125.0
96.0
137.0
98.0
98.0
98.0
126.0
92.0
131.0
98.0
132.0
91.0
130.0
96.0
129.0
101.0
101.0
130.0
100.0
129.0
103.0
128.0
98.0
137.0
97.0
103.0
101.0
94.0
130.0
101.0
130.0
94.0
96.0
122.0
94.0
130.0
94.0
124.0
93.0
127.0
105.0
107.0
133.0
92.0
129.0
99.0
105.0
92.0
126.0
103.0
102.0
106.0
102.0
88.0
100.0
128.0
93.0
133.0
100.0
126.0
100.0
96.0
128.0
93.0
96.0
123.0
94.0
94.0
98.0
101.0
89.0
126.0
99.0
132.0
96.0
98.0
132.0
99.0
105.0
88.0
100.0
96.0
502.0
129.0
92.0
128.0
98.0
133.0
93.0
98.0
130.0
96.0
93.0
130.0
97.0
98.0
130.0
91.0
133.0
106.0
93.0
132.0
102.0
130.0
386.0
135.0
100.0
99.0
133.0
103.0
93.0
86.0
128.0
98.0
96.0
137.0
104.0
97.0
130.0
101.0
128.0
97.0
125.0
84.0
133.0
101.0
99.0
134.0
102.0
89.0
130.0
98.0
129.0
98.0
132.0
99.0
94.0
131.0
94.0
104.0
100.0
82.0
132.0
88.0
100.0
127.0
99.0
125.0
98.0
108.0
133.0
93.0
96.0
129.0
98.0
106.0
100.0
136.0
97.0
133.0
91.0
130.0
98.0
93.0
128.0
100.0
131.0
98.0
94.0
125.0
94.0
132.0
95.0
91.0
130.0
105.0
97.0
132.0
88.0
134.0
91.0
128.0
100.0
135.0
93.0
132.0
100.0
130.0
98.0
100.0
130.0
87.0
105.0
133.0
97.0
96.0
129.0
104.0
98.0
96.0
130.0
98.0
97.0
97.0
105.0
134.0
98.0
130.0
100.0
128.0
94.0
130.0
100.0
93.0
101.0
104.0
105.0
92.0
127.0
92.0
130.0
99.0
98.0
132.0
104.0
136.0
100.0
96.0
93.0
130.0
91.0
126.0
101.0
89.0
103.0
133.0
98.0
130.0
98.0
102.0
96.0
133.0
101.0
125.0
101.0
100.0
140.0
130.0
93.0
137.0
98.0
126.0
97.0
126.0
95.0
95.0
99.0
134.0
101.0
98.0
129.0
100.0
98.0
134.0
74.0
130.0
101.0
134.0
100.0
97.0
96.0
128.0
105.0
137.0
99.0
103.0
105.0
102.0
130.0
98.0
101.0
127.0
94.0
100.0
129.0
101.0
95.0
129.0
95.0
104.0
130.0
103.0
126.0
99.0
101.0
127.0
102.0
134.0
94.0
106.0
132.0
98.0
130.0
98.0
105.0
133.0
101.0
133.0
101.0
86.0
132.0
105.0
134.0
93.0
89.0
121.0
94.0
132.0
100.0
96.0
106.0
134.0
97.0
125.0
98.0
129.0
93.0
127.0
104.0
100.0
128.0
106.0
124.0
97.0
130.0
102.0
129.0
93.0
126.0
94.0
131.0
97.0
98.0
132.0
101.0
138.0
105.0
101.0
104.0
104.0
138.0
100.0
135.0
102.0
181.0
136.0
96.0
130.0
98.0
130.0
97.0
100.0
100.0
129.0
104.0
131.0
94.0
96.0
98.0
189.0
96.0
133.0
97.0
94.0
132.0
98.0
127.0
391.0
88.0
130.0
98.0
128.0
101.0
130.0
102.0
124.0
104.0
102.0
107.0
134.0
97.0
99.0
135.0
101.0
132.0
96.0
135.0
104.0
433.0
134.0
102.0
132.0
91.0
100.0
100.0
117.0
102.0
94.0
98.0
100.0
101.0
103.0
97.0
132.0
93.0
97.0
131.0
103.0
105.0
133.0
107.0
131.0
98.0
100.0
98.0
93.0
132.0
94.0
102.0
133.0
98.0
104.0
99.0
169.0
101.0
97.0
130.0
97.0
93.0
95.0
99.0
88.0
133.0
100.0
100.0
96.0
135.0
98.0
96.0
98.0
127.0
98.0
134.0
103.0
136.0
91.0
132.0
109.0
136.0
93.0
105.0
132.0
100.0
107.0
130.0
100.0
100.0
133.0
96.0
124.0
104.0
93.0
98.0
135.0
104.0
96.0
132.0
98.0
100.0
100.0
101.0
104.0
184.0
126.0
92.0
130.0
104.0
136.0
98.0
123.0
102.0
129.0
91.0
97.0
130.0
89.0
100.0
101.0
93.0
96.0
108.0
128.0
94.0
133.0
102.0
101.0
136.0
100.0
137.0
96.0
134.0
343.0
129.0
103.0
130.0
105.0
133.0
97.0
126.0
101.0
104.0
141.0
101.0
99.0
129.0
98.0
129.0
99.0
129.0
100.0
126.0
101.0
127.0
98.0
92.0
100.0
104.0
88.0
133.0
101.0
98.0
86.0
100.0
95.0
134.0
106.0
132.0
104.0
97.0
129.0
98.0
133.0
100.0
132.0
103.0
99.0
101.0
122.0
102.0
122.0
105.0
102.0
98.0
126.0
100.0
101.0
134.0
97.0
132.0
93.0
124.0
97.0
100.0
102.0
125.0
98.0
132.0
96.0
134.0
90.0
100.0
104.0
126.0
183.0
133.0
98.0
125.0
97.0
121.0
102.0
88.0
98.0
132.0
95.0
101.0
102.0
92.0
131.0
90.0
100.0
134.0
97.0
128.0
88.0
132.0
101.0
101.0
94.0
126.0
96.0
138.0
101.0
99.0
129.0
103.0
137.0
94.0
129.0
100.0
124.0
99.0
102.0
139.0
95.0
95.0
124.0
98.0
133.0
96.0
133.0
91.0
135.0
106.0
95.0
133.0
100.0
136.0
100.0
107.0
132.0
105.0
131.0
100.0
98.0
99.0
97.0
100.0
102.0
136.0
104.0
100.0
133.0
93.0
125.0
102.0
104.0
136.0
97.0
129.0
98.0
130.0
101.0
97.0
103.0
140.0
102.0
132.0
101.0
126.0
96.0
126.0
93.0
136.0
102.0
102.0
311.0
133.0
96.0
94.0
130.0
101.0
129.0
102.0
132.0
102.0
95.0
96.0
104.0
98.0
525.0
127.0
96.0
83.0
130.0
108.0
90.0
106.0
134.0
96.0
130.0
96.0
102.0
96.0
95.0
135.0
96.0
134.0
104.0
95.0
99.0
129.0
97.0
101.0
100.0
99.0
134.0
94.0
100.0
136.0
103.0
131.0
98.0
96.0
131.0
96.0
90.0
133.0
90.0
103.0
101.0
99.0
130.0
92.0
127.0
95.0
98.0
102.0
130.0
107.0
128.0
99.0
105.0
129.0
102.0
132.0
98.0
103.0
132.0
103.0
132.0
100.0
98.0
130.0
93.0
130.0
101.0
98.0
98.0
128.0
92.0
104.0
128.0
91.0
404.0
100.0
128.0
100.0
101.0
100.0
101.0
104.0
138.0
93.0
129.0
99.0
133.0
101.0
130.0
104.0
98.0
95.0
97.0
100.0
102.0
104.0
99.0
100.0
105.0
131.0
97.0
94.0
93.0
101.0
132.0
94.0
106.0
130.0
93.0
102.0
101.0
132.0
101.0
92.0
103.0
109.0
98.0
128.0
106.0
101.0
128.0
102.0
133.0
103.0
98.0
124.0
101.0
100.0
98.0
130.0
98.0
134.0
68.0
132.0
100.0
98.0
94.0
126.0
99.0
132.0
105.0
87.0
129.0
98.0
100.0
138.0
101.0
97.0
97.0
92.0
127.0
100.0
96.0
91.0
94.0
85.0
132.0
98.0
100.0
129.0
87.0
97.0
91.0
103.0
132.0
99.0
93.0
89.0
130.0
104.0
94.0
94.0
94.0
109.0
128.0
100.0
131.0
456.0
108.0
130.0
100.0
129.0
98.0
100.0
130.0
96.0
101.0
129.0
102.0
127.0
101.0
102.0
90.0
125.0
105.0
130.0
101.0
94.0
101.0
130.0
96.0
123.0
94.0
130.0
100.0
97.0
126.0
97.0
130.0
95.0
96.0
128.0
97.0
125.0
100.0
117.0
132.0
102.0
99.0
131.0
102.0
133.0
100.0
130.0
97.0
100.0
100.0
130.0
102.0
133.0
102.0
106.0
97.0
130.0
94.0
102.0
339.0
96.0
101.0
107.0
83.0
128.0
106.0
101.0
136.0
93.0
98.0
133.0
97.0
81.0
133.0
101.0
532.0
101.0
134.0
94.0
129.0
100.0
96.0
98.0
101.0
103.0
128.0
101.0
132.0
230.0
127.0
98.0
130.0
92.0
128.0
100.0
96.0
98.0
130.0
114.0
175.0
98.0
134.0
103.0
130.0
99.0
98.0
96.0
98.0
133.0
100.0
136.0
97.0
129.0
106.0
129.0
99.0
93.0
71.0
130.0
96.0
96.0
100.0
131.0
99.0
134.0
98.0
129.0
93.0
126.0
100.0
409.0
94.0
96.0
96.0
130.0
101.0
97.0
94.0
133.0
101.0
126.0
95.0
133.0
100.0
133.0
95.0
101.0
125.0
212.0
126.0
104.0
130.0
98.0
131.0
105.0
103.0
126.0
103.0
135.0
96.0
126.0
91.0
136.0
93.0
97.0
96.0
129.0
96.0
99.0
98.0
133.0
98.0
136.0
104.0
99.0
93.0
97.0
89.0
128.0
183.0
96.0
97.0
131.0
100.0
100.0
130.0
98.0
133.0
101.0
101.0
102.0
98.0
131.0
96.0
97.0
98.0
129.0
90.0
99.0
104.0
134.0
90.0
98.0
108.0
135.0
100.0
130.0
99.0
96.0
100.0
133.0
104.0
98.0
104.0
104.0
101.0
104.0
94.0
133.0
95.0
137.0
94.0
97.0
136.0
95.0
90.0
93.0
122.0
90.0
123.0
96.0
129.0
102.0
101.0
101.0
130.0
95.0
89.0
129.0
101.0
101.0
122.0
103.0
96.0
128.0
112.0
96.0
134.0
98.0
108.0
87.0
130.0
98.0
129.0
94.0
129.0
100.0
133.0
104.0
128.0
97.0
131.0
94.0
99.0
130.0
93.0
98.0
106.0
277.0
102.0
130.0
96.0
102.0
105.0
97.0
95.0
129.0
99.0
101.0
130.0
105.0
98.0
98.0
131.0
98.0
134.0
105.0
128.0
101.0
94.0
131.0
100.0
138.0
102.0
100.0
102.0
313.0
92.0
130.0
104.0
132.0
106.0
131.0
96.0
133.0
99.0
130.0
87.0
99.0
135.0
93.0
133.0
100.0
100.0
101.0
106.0
101.0
97.0
101.0
98.0
97.0
125.0
102.0
101.0
132.0
94.0
137.0
96.0
102.0
138.0
98.0
99.0
124.0
94.0
101.0
96.0
93.0
91.0
125.0
97.0
105.0
96.0
96.0
98.0
125.0
202.0
125.0
104.0
133.0
101.0
135.0
98.0
132.0
101.0
134.0
101.0
134.0
96.0
252.0
98.0
100.0
531.0
139.0
97.0
136.0
101.0
105.0
96.0
132.0
101.0
97.0
92.0
96.0
94.0
124.0
101.0
100.0
93.0
126.0
90.0
99.0
130.0
94.0
127.0
94.0
108.0
96.0
127.0
84.0
130.0
107.0
130.0
98.0
131.0
98.0
102.0
127.0
97.0
102.0
131.0
101.0
131.0
93.0
131.0
98.0
97.0
80.0
107.0
137.0
259.0
73.0
138.0
102.0
102.0
130.0
103.0
100.0
136.0
102.0
130.0
100.0
133.0
97.0
130.0
93.0
97.0
102.0
130.0
92.0
100.0
96.0
98.0
97.0
90.0
130.0
109.0
101.0
133.0
98.0
100.0
100.0
88.0
97.0
125.0
101.0
130.0
93.0
133.0
104.0
100.0
126.0
98.0
93.0
96.0
103.0
136.0
100.0
179.0
133.0
98.0
130.0
107.0
103.0
105.0
106.0
131.0
104.0
103.0
130.0
103.0
127.0
96.0
97.0
103.0
104.0
102.0
102.0
137.0
102.0
130.0
99.0
96.0
136.0
97.0
135.0
101.0
105.0
98.0
136.0
106.0
129.0
91.0
106.0
128.0
99.0
130.0
98.0
93.0
106.0
128.0
90.0
130.0
101.0
130.0
95.0
133.0
106.0
134.0
90.0
129.0
90.0
129.0
91.0
129.0
93.0
132.0
100.0
103.0
135.0
96.0
96.0
106.0
98.0
130.0
99.0
124.0
96.0
96.0
102.0
98.0
131.0
98.0
100.0
106.0
125.0
98.0
98.0
132.0
102.0
133.0
97.0
125.0
94.0
90.0
130.0
99.0
132.0
101.0
125.0
99.0
95.0
564.0
102.0
133.0
97.0
102.0
94.0
96.0
92.0
100.0
137.0
97.0
99.0
98.0
101.0
130.0
101.0
100.0
97.0
95.0
99.0
132.0
98.0
129.0
99.0
98.0
132.0
96.0
134.0
101.0
94.0
124.0
97.0
423.0
131.0
93.0
130.0
101.0
133.0
101.0
126.0
101.0
89.0
93.0
96.0
128.0
125.0
128.0
100.0
96.0
102.0
91.0
129.0
101.0
132.0
96.0
125.0
100.0
132.0
94.0
97.0
134.0
97.0
132.0
106.0
136.0
105.0
94.0
97.0
97.0
134.0
97.0
80.0
101.0
134.0
98.0
134.0
98.0
130.0
98.0
134.0
101.0
128.0
100.0
136.0
100.0
100.0
125.0
98.0
129.0
100.0
132.0
101.0
99.0
133.0
98.0
99.0
97.0
100.0
125.0
98.0
132.0
104.0
133.0
98.0
132.0
91.0
128.0
93.0
82.0
131.0
102.0
133.0
101.0
132.0
96.0
124.0
101.0
102.0
136.0
91.0
125.0
100.0
103.0
132.0
94.0
130.0
100.0
98.0
93.0
130.0
104.0
102.0
126.0
96.0
125.0
98.0
126.0
85.0
121.0
102.0
152.0
97.0
98.0
133.0
104.0
125.0
102.0
101.0
132.0
90.0
405.0
130.0
101.0
96.0
130.0
99.0
137.0
98.0
133.0
105.0
132.0
104.0
131.0
87.0
131.0
103.0
130.0
98.0
127.0
94.0
103.0
132.0
104.0
93.0
130.0
101.0
96.0
130.0
105.0
130.0
165.0
131.0
94.0
130.0
93.0
93.0
94.0
120.0
96.0
122.0
94.0
102.0
128.0
92.0
100.0
108.0
104.0
132.0
97.0
131.0
100.0
122.0
87.0
136.0
97.0
99.0
103.0
97.0
89.0
99.0
105.0
133.0
97.0
98.0
99.0
130.0
99.0
130.0
98.0
100.0
98.0
129.0
94.0
93.0
126.0
90.0
127.0
98.0
96.0
102.0
134.0
100.0
136.0
96.0
105.0
92.0
130.0
97.0
102.0
99.0
101.0
97.0
133.0
94.0
128.0
94.0
126.0
96.0
104.0
135.0
100.0
101.0
131.0
102.0
130.0
105.0
97.0
101.0
133.0
101.0
97.0
98.0
96.0
134.0
106.0
133.0
103.0
131.0
99.0
101.0
126.0
91.0
90.0
85.0
131.0
106.0
123.0
95.0
132.0
98.0
129.0
100.0
103.0
351.0
99.0
131.0
100.0
138.0
98.0
101.0
128.0
95.0
119.0
90.0
133.0
101.0
130.0
95.0
89.0
98.0
98.0
98.0
130.0
86.0
128.0
92.0
104.0
98.0
98.0
132.0
97.0
101.0
131.0
185.0
130.0
101.0
133.0
104.0
102.0
106.0
95.0
128.0
104.0
101.0
100.0
127.0
101.0
96.0
125.0
94.0
96.0
104.0
130.0
102.0
130.0
103.0
99.0
102.0
130.0
101.0
99.0
129.0
98.0
123.0
101.0
134.0
95.0
94.0
133.0
97.0
133.0
96.0
134.0
98.0
101.0
129.0
98.0
132.0
98.0
138.0
93.0
128.0
213.0
121.0
100.0
126.0
98.0
131.0
96.0
132.0
98.0
129.0
90.0
132.0
96.0
102.0
132.0
94.0
101.0
126.0
101.0
133.0
92.0
85.0
104.0
133.0
96.0
98.0
105.0
95.0
133.0
104.0
98.0
130.0
102.0
137.0
92.0
122.0
98.0
132.0
104.0
132.0
101.0
130.0
99.0
95.0
132.0
489.0
101.0
101.0
92.0
96.0
124.0
102.0
138.0
100.0
130.0
94.0
100.0
124.0
101.0
96.0
94.0
98.0
94.0
97.0
95.0
105.0
131.0
93.0
125.0
98.0
101.0
130.0
165.0
136.0
102.0
130.0
100.0
132.0
106.0
130.0
92.0
133.0
106.0
90.0
99.0
131.0
85.0
130.0
108.0
100.0
126.0
94.0
125.0
96.0
132.0
100.0
131.0
104.0
104.0
94.0
125.0
100.0
136.0
100.0
137.0
94.0
133.0
95.0
123.0
97.0
133.0
94.0
129.0
90.0
132.0
95.0
99.0
95.0
137.0
98.0
131.0
86.0
131.0
102.0
97.0
129.0
94.0
96.0
126.0
178.0
93.0
133.0
102.0
128.0
101.0
126.0
94.0
91.0
126.0
104.0
99.0
100.0
128.0
97.0
101.0
128.0
105.0
101.0
102.0
137.0
97.0
102.0
100.0
98.0
