98.0
95.0
100.0
100.0
100.0
136.0
97.0
131.0
98.0
133.0
94.0
102.0
103.0
133.0
98.0
134.0
96.0
131.0
126.0
102.0
134.0
98.0
132.0
99.0
98.0
94.0
98.0
129.0
101.0
101.0
136.0
93.0
88.0
98.0
132.0
97.0
130.0
101.0
136.0
98.0
130.0
98.0
134.0
102.0
134.0
94.0
134.0
98.0
133.0
93.0
91.0
96.0
137.0
100.0
131.0
96.0
133.0
97.0
97.0
92.0
134.0
94.0
93.0
100.0
131.0
98.0
101.0
132.0
95.0
98.0
96.0
94.0
134.0
101.0
100.0
100.0
132.0
96.0
126.0
101.0
134.0
91.0
132.0
98.0
101.0
101.0
133.0
98.0
131.0
94.0
128.0
90.0
132.0
99.0
132.0
100.0
132.0
94.0
101.0
133.0
95.0
102.0
131.0
101.0
130.0
104.0
139.0
99.0
128.0
96.0
133.0
101.0
98.0
135.0
96.0
132.0
100.0
129.0
101.0
132.0
98.0
130.0
101.0
136.0
100.0
100.0
134.0
94.0
133.0
100.0
133.0
98.0
101.0
133.0
91.0
134.0
101.0
133.0
100.0
134.0
99.0
93.0
100.0
132.0
98.0
101.0
97.0
133.0
100.0
94.0
133.0
98.0
129.0
96.0
131.0
100.0
131.0
97.0
100.0
132.0
94.0
126.0
98.0
97.0
96.0
126.0
104.0
132.0
96.0
98.0
133.0
99.0
133.0
93.0
135.0
97.0
133.0
97.0
132.0
101.0
131.0
106.0
132.0
101.0
133.0
100.0
99.0
134.0
98.0
134.0
101.0
133.0
101.0
136.0
195.0
128.0
98.0
94.0
134.0
100.0
131.0
98.0
95.0
130.0
93.0
129.0
102.0
131.0
91.0
132.0
97.0
134.0
98.0
138.0
102.0
133.0
96.0
135.0
99.0
103.0
132.0
100.0
132.0
102.0
126.0
94.0
130.0
103.0
133.0
100.0
132.0
96.0
133.0
98.0
134.0
98.0
101.0
133.0
98.0
100.0
98.0
101.0
569.0
131.0
97.0
99.0
101.0
99.0
99.0
100.0
137.0
97.0
95.0
100.0
98.0
133.0
100.0
131.0
93.0
133.0
92.0
134.0
98.0
134.0
100.0
97.0
132.0
98.0
128.0
96.0
130.0
98.0
133.0
103.0
133.0
102.0
131.0
98.0
135.0
99.0
221.0
132.0
99.0
133.0
91.0
98.0
132.0
103.0
134.0
97.0
133.0
95.0
134.0
100.0
132.0
89.0
94.0
98.0
100.0
130.0
102.0
133.0
99.0
97.0
97.0
100.0
133.0
93.0
137.0
96.0
100.0
134.0
102.0
136.0
101.0
130.0
513.0
134.0
96.0
131.0
98.0
134.0
100.0
130.0
96.0
102.0
96.0
133.0
99.0
102.0
137.0
104.0
101.0
134.0
101.0
132.0
99.0
130.0
100.0
101.0
101.0
133.0
98.0
98.0
132.0
98.0
132.0
97.0
136.0
104.0
95.0
96.0
88.0
96.0
96.0
132.0
104.0
131.0
105.0
130.0
100.0
133.0
97.0
132.0
96.0
97.0
101.0
128.0
99.0
94.0
98.0
98.0
98.0
134.0
102.0
100.0
126.0
97.0
133.0
97.0
137.0
100.0
99.0
103.0
98.0
133.0
98.0
134.0
96.0
140.0
447.0
103.0
135.0
95.0
98.0
132.0
85.0
134.0
99.0
101.0
99.0
94.0
130.0
100.0
133.0
97.0
132.0
97.0
135.0
98.0
97.0
100.0
99.0
99.0
129.0
97.0
94.0
125.0
90.0
124.0
98.0
106.0
133.0
100.0
130.0
95.0
133.0
99.0
128.0
101.0
131.0
101.0
93.0
130.0
98.0
131.0
91.0
100.0
133.0
99.0
131.0
97.0
126.0
91.0
133.0
100.0
134.0
104.0
100.0
133.0
95.0
131.0
86.0
103.0
134.0
97.0
89.0
100.0
98.0
128.0
103.0
101.0
82.0
137.0
97.0
472.0
122.0
99.0
134.0
99.0
133.0
104.0
130.0
97.0
100.0
136.0
85.0
136.0
100.0
93.0
97.0
132.0
97.0
83.0
134.0
99.0
165.0
98.0
101.0
96.0
90.0
131.0
97.0
230.0
130.0
100.0
97.0
134.0
102.0
99.0
129.0
90.0
133.0
95.0
101.0
132.0
98.0
135.0
98.0
98.0
94.0
99.0
101.0
135.0
97.0
100.0
132.0
103.0
97.0
133.0
80.0
134.0
92.0
126.0
97.0
126.0
101.0
98.0
134.0
98.0
100.0
95.0
133.0
94.0
130.0
105.0
133.0
84.0
133.0
100.0
98.0
132.0
102.0
101.0
130.0
103.0
132.0
96.0
133.0
90.0
130.0
101.0
103.0
94.0
98.0
134.0
102.0
102.0
90.0
130.0
100.0
132.0
93.0
133.0
89.0
98.0
132.0
101.0
132.0
98.0
96.0
98.0
134.0
95.0
95.0
133.0
101.0
133.0
99.0
130.0
102.0
95.0
135.0
98.0
129.0
99.0
136.0
101.0
134.0
99.0
93.0
133.0
99.0
135.0
97.0
101.0
129.0
99.0
133.0
99.0
130.0
97.0
134.0
101.0
97.0
130.0
97.0
95.0
130.0
96.0
136.0
509.0
130.0
93.0
130.0
96.0
96.0
98.0
130.0
98.0
133.0
94.0
96.0
133.0
97.0
100.0
129.0
209.0
92.0
133.0
91.0
138.0
93.0
135.0
95.0
78.0
136.0
98.0
98.0
98.0
99.0
96.0
92.0
131.0
94.0
134.0
104.0
98.0
132.0
100.0
98.0
101.0
137.0
97.0
133.0
98.0
96.0
94.0
130.0
98.0
98.0
97.0
132.0
99.0
133.0
96.0
100.0
98.0
125.0
101.0
97.0
91.0
134.0
98.0
130.0
254.0
98.0
136.0
101.0
130.0
96.0
135.0
100.0
132.0
102.0
130.0
100.0
133.0
92.0
96.0
130.0
101.0
99.0
134.0
100.0
130.0
98.0
343.0
129.0
100.0
134.0
100.0
97.0
101.0
104.0
130.0
96.0
131.0
93.0
130.0
98.0
132.0
100.0
130.0
98.0
104.0
134.0
94.0
100.0
131.0
96.0
131.0
105.0
133.0
101.0
130.0
97.0
98.0
98.0
133.0
96.0
130.0
98.0
133.0
93.0
132.0
88.0
132.0
94.0
138.0
98.0
94.0
102.0
133.0
100.0
133.0
98.0
100.0
137.0
98.0
94.0
125.0
98.0
130.0
94.0
84.0
138.0
102.0
130.0
93.0
101.0
99.0
99.0
134.0
97.0
132.0
96.0
132.0
100.0
129.0
96.0
132.0
96.0
100.0
447.0
87.0
99.0
130.0
94.0
96.0
132.0
98.0
132.0
98.0
135.0
104.0
98.0
131.0
98.0
102.0
133.0
100.0
131.0
100.0
98.0
132.0
97.0
129.0
94.0
94.0
130.0
97.0
99.0
93.0
132.0
98.0
436.0
132.0
98.0
100.0
93.0
132.0
97.0
134.0
126.0
98.0
130.0
96.0
99.0
133.0
187.0
93.0
98.0
102.0
135.0
101.0
102.0
99.0
95.0
98.0
98.0
130.0
98.0
134.0
97.0
134.0
102.0
132.0
85.0
132.0
100.0
132.0
179.0
133.0
98.0
137.0
97.0
98.0
204.0
98.0
136.0
98.0
133.0
98.0
139.0
98.0
129.0
114.0
130.0
100.0
102.0
104.0
133.0
102.0
131.0
101.0
136.0
98.0
128.0
103.0
128.0
469.0
104.0
131.0
431.0
136.0
98.0
96.0
240.0
101.0
132.0
102.0
93.0
133.0
94.0
134.0
99.0
132.0
101.0
133.0
103.0
129.0
101.0
95.0
129.0
105.0
130.0
96.0
137.0
93.0
132.0
102.0
133.0
103.0
134.0
96.0
496.0
132.0
87.0
133.0
100.0
104.0
102.0
100.0
133.0
98.0
94.0
133.0
90.0
133.0
101.0
132.0
95.0
101.0
99.0
98.0
136.0
107.0
131.0
101.0
130.0
98.0
98.0
134.0
98.0
134.0
102.0
135.0
90.0
126.0
105.0
100.0
100.0
130.0
97.0
131.0
102.0
100.0
130.0
103.0
131.0
95.0
103.0
132.0
100.0
136.0
99.0
131.0
96.0
132.0
97.0
97.0
132.0
93.0
131.0
97.0
133.0
99.0
99.0
98.0
134.0
100.0
134.0
97.0
126.0
98.0
95.0
93.0
99.0
130.0
101.0
130.0
98.0
136.0
99.0
100.0
101.0
134.0
100.0
95.0
101.0
128.0
97.0
99.0
132.0
101.0
130.0
101.0
96.0
99.0
89.0
138.0
98.0
132.0
98.0
136.0
99.0
139.0
101.0
101.0
98.0
131.0
100.0
128.0
80.0
90.0
134.0
101.0
133.0
98.0
135.0
98.0
131.0
100.0
100.0
132.0
102.0
130.0
103.0
137.0
102.0
99.0
99.0
97.0
137.0
102.0
133.0
98.0
99.0
130.0
99.0
133.0
96.0
130.0
101.0
100.0
132.0
97.0
130.0
97.0
136.0
97.0
96.0
134.0
91.0
133.0
99.0
133.0
95.0
98.0
134.0
97.0
98.0
90.0
133.0
98.0
92.0
133.0
99.0
83.0
132.0
100.0
137.0
99.0
101.0
101.0
98.0
98.0
132.0
97.0
135.0
100.0
131.0
99.0
104.0
132.0
99.0
95.0
130.0
95.0
136.0
97.0
276.0
130.0
93.0
128.0
323.0
132.0
93.0
127.0
99.0
130.0
95.0
133.0
96.0
130.0
99.0
99.0
100.0
132.0
92.0
131.0
85.0
134.0
101.0
101.0
104.0
100.0
97.0
133.0
101.0
97.0
101.0
134.0
97.0
138.0
98.0
133.0
96.0
136.0
100.0
129.0
89.0
132.0
100.0
132.0
98.0
93.0
132.0
96.0
97.0
132.0
103.0
133.0
98.0
133.0
98.0
130.0
98.0
96.0
86.0
134.0
98.0
132.0
98.0
129.0
92.0
136.0
97.0
130.0
98.0
133.0
102.0
133.0
101.0
132.0
97.0
130.0
104.0
135.0
101.0
101.0
136.0
97.0
132.0
86.0
97.0
98.0
132.0
96.0
97.0
132.0
97.0
131.0
102.0
131.0
97.0
93.0
98.0
137.0
100.0
98.0
130.0
96.0
125.0
92.0
98.0
101.0
133.0
96.0
100.0
131.0
98.0
129.0
93.0
130.0
87.0
132.0
101.0
137.0
95.0
133.0
285.0
94.0
130.0
91.0
92.0
132.0
103.0
100.0
104.0
101.0
99.0
131.0
94.0
103.0
134.0
96.0
131.0
85.0
135.0
92.0
133.0
96.0
133.0
97.0
128.0
100.0
100.0
130.0
100.0
136.0
96.0
126.0
93.0
128.0
197.0
98.0
102.0
96.0
101.0
132.0
100.0
131.0
98.0
130.0
93.0
133.0
98.0
101.0
90.0
98.0
134.0
98.0
98.0
130.0
99.0
132.0
102.0
98.0
97.0
97.0
101.0
132.0
93.0
93.0
136.0
101.0
134.0
94.0
131.0
94.0
132.0
366.0
101.0
89.0
130.0
94.0
135.0
98.0
100.0
98.0
100.0
131.0
98.0
132.0
101.0
102.0
129.0
101.0
98.0
129.0
99.0
99.0
93.0
99.0
132.0
101.0
131.0
94.0
129.0
99.0
98.0
100.0
69.0
133.0
101.0
105.0
101.0
101.0
133.0
414.0
130.0
101.0
134.0
98.0
103.0
97.0
91.0
139.0
93.0
101.0
102.0
130.0
95.0
131.0
94.0
96.0
132.0
99.0
136.0
98.0
98.0
97.0
132.0
102.0
135.0
97.0
138.0
98.0
89.0
99.0
130.0
98.0
99.0
103.0
132.0
101.0
97.0
134.0
96.0
96.0
99.0
102.0
98.0
100.0
129.0
101.0
501.0
134.0
97.0
98.0
100.0
134.0
100.0
102.0
98.0
97.0
131.0
102.0
134.0
95.0
96.0
133.0
340.0
87.0
132.0
97.0
134.0
93.0
130.0
99.0
99.0
98.0
100.0
100.0
99.0
131.0
99.0
97.0
133.0
100.0
100.0
133.0
96.0
134.0
98.0
100.0
101.0
133.0
98.0
90.0
128.0
94.0
136.0
372.0
98.0
97.0
97.0
132.0
101.0
94.0
133.0
102.0
102.0
82.0
130.0
102.0
102.0
136.0
101.0
132.0
101.0
134.0
100.0
93.0
131.0
100.0
129.0
103.0
130.0
98.0
133.0
100.0
128.0
100.0
99.0
126.0
91.0
95.0
93.0
131.0
102.0
132.0
93.0
94.0
136.0
100.0
92.0
98.0
99.0
93.0
102.0
132.0
100.0
94.0
133.0
102.0
132.0
103.0
128.0
99.0
96.0
132.0
100.0
101.0
99.0
97.0
131.0
98.0
98.0
86.0
133.0
94.0
97.0
132.0
97.0
99.0
130.0
94.0
131.0
98.0
128.0
97.0
94.0
95.0
93.0
136.0
96.0
134.0
88.0
97.0
132.0
98.0
101.0
98.0
134.0
94.0
98.0
133.0
98.0
253.0
100.0
129.0
93.0
100.0
96.0
91.0
130.0
96.0
102.0
129.0
98.0
96.0
134.0
97.0
132.0
94.0
133.0
104.0
91.0
132.0
99.0
135.0
85.0
132.0
95.0
98.0
133.0
101.0
98.0
132.0
93.0
132.0
101.0
137.0
95.0
98.0
130.0
101.0
136.0
191.0
130.0
100.0
135.0
103.0
95.0
130.0
99.0
125.0
92.0
99.0
100.0
98.0
131.0
497.0
100.0
103.0
135.0
96.0
94.0
89.0
97.0
133.0
99.0
101.0
100.0
132.0
101.0
101.0
99.0
96.0
98.0
98.0
93.0
130.0
100.0
100.0
135.0
95.0
136.0
101.0
97.0
134.0
482.0
137.0
98.0
100.0
134.0
99.0
96.0
130.0
100.0
129.0
100.0
132.0
104.0
107.0
132.0
94.0
128.0
76.0
138.0
96.0
132.0
97.0
131.0
97.0
131.0
104.0
128.0
99.0
98.0
133.0
101.0
132.0
98.0
130.0
100.0
99.0
133.0
104.0
132.0
100.0
134.0
100.0
102.0
133.0
98.0
100.0
136.0
96.0
130.0
90.0
134.0
94.0
136.0
89.0
138.0
92.0
133.0
456.0
97.0
98.0
133.0
103.0
102.0
130.0
101.0
132.0
101.0
130.0
96.0
132.0
99.0
134.0
97.0
97.0
133.0
92.0
138.0
98.0
132.0
90.0
135.0
91.0
101.0
133.0
102.0
96.0
134.0
87.0
133.0
95.0
97.0
128.0
97.0
134.0
100.0
174.0
132.0
96.0
90.0
100.0
134.0
91.0
131.0
100.0
134.0
98.0
100.0
131.0
101.0
129.0
98.0
135.0
97.0
134.0
98.0
132.0
97.0
136.0
90.0
100.0
136.0
94.0
133.0
96.0
131.0
97.0
132.0
100.0
96.0
98.0
132.0
101.0
97.0
98.0
98.0
130.0
100.0
98.0
104.0
130.0
97.0
136.0
96.0
130.0
92.0
131.0
96.0
133.0
102.0
132.0
96.0
133.0
96.0
94.0
133.0
99.0
98.0
130.0
94.0
97.0
100.0
92.0
134.0
98.0
128.0
98.0
131.0
94.0
179.0
132.0
100.0
132.0
100.0
134.0
89.0
131.0
100.0
133.0
102.0
129.0
96.0
133.0
96.0
128.0
96.0
134.0
87.0
133.0
99.0
101.0
98.0
99.0
103.0
100.0
96.0
97.0
132.0
86.0
132.0
100.0
91.0
97.0
134.0
90.0
98.0
130.0
99.0
130.0
103.0
131.0
101.0
102.0
133.0
104.0
131.0
95.0
129.0
335.0
93.0
132.0
94.0
133.0
98.0
126.0
100.0
104.0
83.0
96.0
133.0
90.0
130.0
96.0
130.0
85.0
134.0
95.0
134.0
101.0
126.0
105.0
125.0
101.0
130.0
97.0
133.0
99.0
127.0
98.0
102.0
132.0
103.0
99.0
182.0
132.0
98.0
130.0
98.0
133.0
77.0
134.0
98.0
132.0
98.0
107.0
95.0
125.0
93.0
134.0
100.0
133.0
98.0
134.0
102.0
91.0
100.0
94.0
128.0
101.0
132.0
99.0
132.0
435.0
99.0
128.0
96.0
136.0
96.0
134.0
104.0
131.0
78.0
134.0
104.0
96.0
102.0
132.0
100.0
96.0
133.0
101.0
101.0
133.0
100.0
130.0
99.0
136.0
100.0
131.0
101.0
135.0
103.0
96.0
100.0
80.0
102.0
133.0
99.0
96.0
133.0
98.0
93.0
130.0
98.0
133.0
100.0
135.0
101.0
129.0
102.0
101.0
99.0
98.0
101.0
98.0
135.0
102.0
95.0
134.0
97.0
129.0
94.0
129.0
101.0
131.0
92.0
98.0
101.0
130.0
98.0
100.0
130.0
94.0
100.0
129.0
103.0
138.0
96.0
130.0
100.0
98.0
96.0
130.0
201.0
100.0
98.0
97.0
130.0
103.0
136.0
98.0
131.0
100.0
134.0
100.0
134.0
94.0
131.0
92.0
133.0
98.0
133.0
97.0
135.0
100.0
96.0
105.0
98.0
97.0
100.0
134.0
98.0
90.0
105.0
93.0
133.0
96.0
130.0
99.0
132.0
98.0
136.0
92.0
139.0
98.0
127.0
97.0
130.0
152.0
100.0
133.0
98.0
136.0
101.0
129.0
92.0
134.0
96.0
135.0
90.0
130.0
94.0
133.0
99.0
131.0
91.0
130.0
100.0
97.0
132.0
100.0
136.0
96.0
98.0
93.0
131.0
90.0
100.0
126.0
99.0
133.0
101.0
133.0
96.0
127.0
91.0
100.0
96.0
99.0
102.0
136.0
102.0
132.0
97.0
129.0
97.0
130.0
96.0
128.0
97.0
93.0
93.0
132.0
100.0
131.0
100.0
101.0
128.0
98.0
130.0
100.0
136.0
98.0
98.0
133.0
96.0
132.0
101.0
100.0
131.0
95.0
113.0
96.0
98.0
102.0
130.0
97.0
128.0
98.0
131.0
94.0
97.0
132.0
91.0
129.0
98.0
99.0
134.0
106.0
94.0
129.0
100.0
134.0
95.0
101.0
130.0
102.0
132.0
98.0
132.0
97.0
96.0
97.0
97.0
98.0
133.0
97.0
134.0
96.0
129.0
92.0
133.0
100.0
130.0
98.0
134.0
93.0
126.0
94.0
131.0
98.0
133.0
98.0
131.0
100.0
130.0
102.0
130.0
97.0
134.0
97.0
96.0
128.0
98.0
133.0
101.0
96.0
133.0
99.0
133.0
100.0
132.0
80.0
134.0
98.0
133.0
96.0
132.0
94.0
392.0
98.0
99.0
137.0
100.0
130.0
100.0
100.0
128.0
98.0
134.0
96.0
133.0
96.0
134.0
93.0
134.0
97.0
128.0
98.0
101.0
99.0
95.0
132.0
99.0
130.0
99.0
132.0
98.0
96.0
100.0
102.0
130.0
99.0
96.0
95.0
98.0
130.0
95.0
98.0
96.0
129.0
93.0
129.0
101.0
132.0
99.0
101.0
133.0
100.0
133.0
94.0
135.0
96.0
133.0
100.0
98.0
91.0
98.0
130.0
96.0
93.0
133.0
100.0
100.0
131.0
97.0
96.0
101.0
132.0
96.0
133.0
100.0
130.0
96.0
466.0
132.0
97.0
130.0
100.0
126.0
98.0
100.0
96.0
135.0
101.0
130.0
269.0
97.0
133.0
98.0
98.0
100.0
101.0
135.0
96.0
133.0
97.0
133.0
99.0
133.0
96.0
136.0
99.0
100.0
134.0
94.0
129.0
101.0
133.0
97.0
135.0
99.0
97.0
133.0
90.0
89.0
137.0
93.0
133.0
87.0
132.0
98.0
97.0
128.0
102.0
98.0
98.0
94.0
99.0
131.0
102.0
96.0
132.0
96.0
130.0
97.0
130.0
98.0
130.0
94.0
134.0
97.0
135.0
100.0
132.0
98.0
100.0
130.0
100.0
135.0
93.0
129.0
98.0
135.0
96.0
102.0
131.0
97.0
103.0
132.0
92.0
129.0
96.0
129.0
96.0
192.0
130.0
99.0
132.0
104.0
132.0
426.0
136.0
100.0
98.0
94.0
129.0
101.0
101.0
131.0
101.0
99.0
96.0
94.0
98.0
131.0
98.0
130.0
98.0
97.0
93.0
132.0
101.0
132.0
98.0
134.0
98.0
101.0
132.0
104.0
134.0
98.0
101.0
98.0
133.0
99.0
99.0
134.0
94.0
98.0
97.0
101.0
101.0
92.0
93.0
514.0
130.0
96.0
90.0
97.0
132.0
92.0
94.0
132.0
93.0
133.0
99.0
129.0
100.0
99.0
100.0
134.0
100.0
130.0
97.0
98.0
132.0
98.0
98.0
101.0
131.0
102.0
135.0
366.0
132.0
92.0
131.0
101.0
138.0
94.0
136.0
100.0
133.0
96.0
134.0
178.0
99.0
130.0
98.0
98.0
130.0
98.0
132.0
101.0
101.0
97.0
133.0
470.0
99.0
132.0
100.0
134.0
299.0
96.0
137.0
101.0
133.0
89.0
134.0
101.0
102.0
133.0
95.0
100.0
97.0
99.0
268.0
130.0
87.0
133.0
99.0
102.0
132.0
100.0
237.0
102.0
131.0
99.0
101.0
101.0
99.0
91.0
98.0
134.0
104.0
99.0
99.0
92.0
100.0
126.0
96.0
133.0
102.0
98.0
130.0
97.0
97.0
103.0
197.0
102.0
133.0
94.0
546.0
130.0
97.0
92.0
132.0
97.0
93.0
101.0
130.0
100.0
94.0
133.0
98.0
132.0
94.0
97.0
134.0
91.0
138.0
97.0
132.0
96.0
134.0
98.0
99.0
96.0
130.0
96.0
137.0
102.0
130.0
99.0
101.0
97.0
128.0
98.0
93.0
93.0
130.0
100.0
90.0
99.0
136.0
91.0
104.0
103.0
134.0
90.0
104.0
105.0
130.0
100.0
98.0
97.0
132.0
97.0
99.0
88.0
133.0
91.0
93.0
129.0
99.0
134.0
679.0
86.0
90.0
129.0
186.0
97.0
134.0
102.0
96.0
135.0
104.0
131.0
100.0
93.0
136.0
106.0
98.0
101.0
506.0
100.0
132.0
99.0
130.0
100.0
94.0
96.0
130.0
98.0
100.0
90.0
103.0
100.0
128.0
92.0
130.0
232.0
99.0
98.0
129.0
98.0
133.0
102.0
98.0
134.0
99.0
132.0
100.0
98.0
100.0
99.0
126.0
96.0
130.0
100.0
133.0
363.0
99.0
90.0
130.0
101.0
93.0
131.0
98.0
125.0
102.0
101.0
134.0
86.0
137.0
98.0
90.0
133.0
102.0
87.0
97.0
134.0
96.0
133.0
94.0
134.0
95.0
132.0
98.0
132.0
100.0
137.0
94.0
133.0
102.0
97.0
100.0
132.0
101.0
102.0
98.0
86.0
130.0
98.0
101.0
132.0
99.0
101.0
131.0
103.0
100.0
128.0
93.0
129.0
97.0
133.0
94.0
132.0
100.0
134.0
98.0
100.0
132.0
101.0
100.0
96.0
98.0
99.0
100.0
131.0
98.0
132.0
100.0
136.0
98.0
133.0
101.0
134.0
509.0
133.0
94.0
129.0
404.0
86.0
134.0
97.0
94.0
102.0
96.0
130.0
101.0
100.0
133.0
101.0
101.0
135.0
96.0
132.0
99.0
130.0
98.0
102.0
98.0
133.0
102.0
133.0
98.0
132.0
97.0
131.0
104.0
132.0
97.0
96.0
130.0
99.0
97.0
133.0
98.0
129.0
98.0
133.0
98.0
136.0
98.0
98.0
91.0
97.0
101.0
132.0
104.0
134.0
97.0
137.0
97.0
139.0
100.0
97.0
133.0
97.0
98.0
103.0
137.0
87.0
493.0
100.0
95.0
131.0
99.0
130.0
96.0
131.0
102.0
135.0
101.0
98.0
100.0
136.0
96.0
131.0
98.0
98.0
132.0
98.0
101.0
130.0
97.0
134.0
102.0
99.0
133.0
96.0
102.0
101.0
131.0
77.0
134.0
100.0
133.0
90.0
92.0
101.0
98.0
132.0
100.0
209.0
88.0
96.0
135.0
97.0
101.0
134.0
96.0
133.0
97.0
99.0
98.0
132.0
98.0
129.0
97.0
87.0
136.0
172.0
136.0
100.0
133.0
102.0
132.0
95.0
95.0
89.0
135.0
101.0
137.0
96.0
98.0
131.0
96.0
133.0
100.0
134.0
91.0
130.0
98.0
134.0
101.0
100.0
98.0
134.0
93.0
130.0
99.0
132.0
96.0
104.0
133.0
100.0
648.0
94.0
100.0
135.0
100.0
94.0
98.0
98.0
134.0
101.0
131.0
98.0
96.0
98.0
95.0
97.0
130.0
97.0
133.0
98.0
130.0
96.0
98.0
95.0
133.0
98.0
132.0
97.0
133.0
98.0
130.0
96.0
94.0
133.0
96.0
133.0
102.0
98.0
132.0
95.0
130.0
98.0
131.0
98.0
100.0
130.0
89.0
92.0
94.0
94.0
98.0
128.0
93.0
132.0
102.0
132.0
102.0
132.0
90.0
88.0
98.0
132.0
99.0
130.0
93.0
130.0
99.0
126.0
98.0
98.0
126.0
99.0
134.0
94.0
96.0
132.0
101.0
134.0
99.0
130.0
94.0
98.0
130.0
101.0
131.0
104.0
133.0
101.0
133.0
104.0
131.0
98.0
128.0
100.0
136.0
100.0
132.0
101.0
100.0
129.0
101.0
93.0
130.0
96.0
98.0
99.0
134.0
102.0
130.0
100.0
135.0
100.0
101.0
97.0
130.0
97.0
130.0
96.0
100.0
93.0
132.0
98.0
101.0
134.0
104.0
97.0
138.0
97.0
102.0
85.0
130.0
81.0
221.0
130.0
94.0
100.0
133.0
99.0
101.0
135.0
101.0
99.0
133.0
98.0
101.0
134.0
101.0
92.0
135.0
100.0
133.0
104.0
132.0
98.0
97.0
98.0
97.0
132.0
100.0
101.0
129.0
99.0
138.0
101.0
129.0
88.0
137.0
97.0
93.0
131.0
97.0
89.0
132.0
94.0
128.0
77.0
104.0
96.0
132.0
101.0
132.0
98.0
130.0
105.0
130.0
100.0
93.0
134.0
165.0
133.0
100.0
132.0
99.0
101.0
127.0
106.0
98.0
133.0
99.0
131.0
98.0
130.0
93.0
139.0
244.0
503.0
101.0
132.0
99.0
103.0
89.0
97.0
98.0
98.0
130.0
97.0
104.0
96.0
131.0
84.0
99.0
136.0
97.0
135.0
102.0
97.0
128.0
102.0
133.0
97.0
135.0
98.0
98.0
129.0
101.0
132.0
98.0
136.0
101.0
133.0
97.0
126.0
173.0
97.0
100.0
136.0
98.0
102.0
130.0
95.0
132.0
102.0
105.0
130.0
98.0
130.0
94.0
134.0
99.0
129.0
103.0
133.0
96.0
136.0
97.0
135.0
101.0
133.0
450.0
132.0
98.0
132.0
101.0
99.0
130.0
98.0
132.0
476.0
133.0
81.0
132.0
98.0
98.0
130.0
106.0
131.0
101.0
100.0
129.0
98.0
135.0
106.0
136.0
98.0
93.0
134.0
94.0
100.0
133.0
97.0
186.0
100.0
101.0
99.0
130.0
98.0
219.0
99.0
133.0
98.0
132.0
100.0
98.0
133.0
101.0
93.0
133.0
101.0
132.0
197.0
96.0
101.0
130.0
96.0
90.0
130.0
98.0
132.0
233.0
132.0
80.0
133.0
98.0
129.0
96.0
134.0
100.0
99.0
99.0
131.0
93.0
98.0
136.0
94.0
93.0
97.0
124.0
96.0
134.0
102.0
132.0
98.0
130.0
96.0
101.0
96.0
137.0
98.0
127.0
103.0
101.0
130.0
100.0
100.0
133.0
93.0
136.0
102.0
127.0
90.0
98.0
135.0
103.0
96.0
98.0
130.0
102.0
741.0
96.0
629.0
102.0
133.0
102.0
98.0
129.0
100.0
92.0
98.0
95.0
104.0
241.0
100.0
128.0
100.0
131.0
105.0
90.0
134.0
102.0
98.0
132.0
103.0
133.0
96.0
131.0
93.0
133.0
98.0
128.0
96.0
132.0
98.0
134.0
97.0
98.0
97.0
94.0
100.0
316.0
100.0
128.0
91.0
88.0
101.0
133.0
99.0
130.0
97.0
95.0
86.0
131.0
93.0
130.0
94.0
92.0
136.0
96.0
102.0
102.0
93.0
96.0
92.0
129.0
101.0
133.0
100.0
133.0
290.0
133.0
98.0
129.0
98.0
94.0
96.0
130.0
105.0
139.0
87.0
101.0
96.0
98.0
132.0
100.0
93.0
130.0
98.0
135.0
99.0
127.0
94.0
99.0
130.0
91.0
101.0
100.0
134.0
96.0
197.0
98.0
102.0
130.0
92.0
132.0
101.0
133.0
98.0
133.0
98.0
91.0
94.0
134.0
95.0
130.0
92.0
130.0
100.0
146.0
99.0
130.0
100.0
132.0
100.0
101.0
95.0
93.0
129.0
100.0
134.0
98.0
130.0
101.0
130.0
490.0
100.0
134.0
95.0
130.0
101.0
130.0
102.0
98.0
226.0
101.0
98.0
128.0
99.0
132.0
99.0
94.0
96.0
128.0
100.0
132.0
283.0
128.0
94.0
136.0
100.0
132.0
99.0
134.0
100.0
130.0
86.0
134.0
96.0
133.0
99.0
128.0
99.0
126.0
101.0
130.0
396.0
92.0
131.0
101.0
132.0
95.0
132.0
97.0
127.0
100.0
101.0
129.0
93.0
93.0
133.0
100.0
132.0
102.0
97.0
100.0
130.0
101.0
89.0
130.0
97.0
133.0
92.0
133.0
99.0
91.0
92.0
97.0
132.0
97.0
100.0
101.0
99.0
134.0
96.0
130.0
100.0
98.0
130.0
98.0
132.0
94.0
100.0
133.0
91.0
133.0
99.0
100.0
101.0
101.0
100.0
97.0
131.0
101.0
133.0
97.0
98.0
137.0
98.0
97.0
133.0
98.0
132.0
98.0
132.0
95.0
102.0
98.0
98.0
130.0
85.0
101.0
98.0
100.0
98.0
128.0
100.0
101.0
130.0
89.0
133.0
174.0
134.0
97.0
132.0
96.0
132.0
101.0
125.0
103.0
134.0
91.0
96.0
167.0
134.0
99.0
130.0
93.0
129.0
100.0
130.0
98.0
97.0
134.0
96.0
135.0
100.0
92.0
132.0
97.0
132.0
99.0
128.0
98.0
134.0
98.0
98.0
137.0
99.0
130.0
100.0
130.0
99.0
133.0
100.0
130.0
100.0
128.0
398.0
103.0
96.0
98.0
133.0
100.0
129.0
98.0
96.0
133.0
104.0
100.0
99.0
130.0
99.0
131.0
97.0
133.0
96.0
95.0
134.0
100.0
128.0
98.0
94.0
132.0
100.0
96.0
133.0
98.0
97.0
132.0
101.0
94.0
133.0
96.0
131.0
96.0
100.0
132.0
85.0
98.0
128.0
94.0
138.0
102.0
98.0
99.0
101.0
97.0
132.0
92.0
96.0
130.0
98.0
130.0
100.0
99.0
128.0
101.0
130.0
96.0
100.0
134.0
102.0
133.0
99.0
104.0
133.0
102.0
136.0
96.0
98.0
134.0
98.0
86.0
134.0
99.0
93.0
130.0
105.0
133.0
101.0
101.0
133.0
95.0
132.0
101.0
98.0
128.0
92.0
132.0
99.0
104.0
96.0
132.0
95.0
101.0
133.0
101.0
131.0
85.0
138.0
98.0
133.0
98.0
98.0
94.0
134.0
104.0
132.0
94.0
139.0
98.0
129.0
99.0
98.0
134.0
99.0
130.0
101.0
95.0
126.0
101.0
100.0
74.0
140.0
96.0
169.0
130.0
97.0
98.0
136.0
89.0
133.0
96.0
98.0
94.0
129.0
98.0
134.0
101.0
131.0
101.0
96.0
197.0
132.0
100.0
96.0
98.0
88.0
100.0
132.0
101.0
98.0
97.0
133.0
96.0
100.0
134.0
99.0
131.0
92.0
131.0
101.0
137.0
97.0
98.0
130.0
100.0
98.0
132.0
98.0
98.0
96.0
100.0
135.0
89.0
94.0
130.0
270.0
132.0
91.0
135.0
90.0
132.0
97.0
93.0
133.0
101.0
136.0
92.0
104.0
133.0
97.0
134.0
97.0
99.0
99.0
130.0
99.0
102.0
93.0
99.0
136.0
95.0
130.0
97.0
131.0
101.0
94.0
134.0
96.0
132.0
93.0
89.0
136.0
102.0
125.0
86.0
95.0
125.0
96.0
100.0
127.0
99.0
102.0
131.0
98.0
103.0
133.0
98.0
104.0
101.0
128.0
99.0
132.0
98.0
96.0
132.0
101.0
133.0
83.0
132.0
100.0
136.0
97.0
98.0
132.0
97.0
128.0
101.0
133.0
99.0
133.0
99.0
130.0
94.0
136.0
99.0
128.0
100.0
101.0
131.0
101.0
103.0
95.0
100.0
133.0
94.0
102.0
136.0
100.0
130.0
78.0
133.0
463.0
97.0
132.0
104.0
97.0
98.0
133.0
97.0
148.0
100.0
98.0
101.0
132.0
100.0
136.0
100.0
101.0
132.0
101.0
93.0
131.0
98.0
100.0
99.0
100.0
98.0
131.0
98.0
131.0
96.0
100.0
131.0
91.0
134.0
98.0
100.0
133.0
100.0
133.0
96.0
99.0
98.0
135.0
99.0
135.0
100.0
97.0
131.0
93.0
98.0
134.0
98.0
99.0
133.0
97.0
101.0
101.0
134.0
98.0
134.0
100.0
130.0
96.0
132.0
101.0
105.0
133.0
100.0
130.0
96.0
130.0
102.0
98.0
179.0
99.0
133.0
97.0
99.0
101.0
135.0
94.0
100.0
137.0
97.0
99.0
90.0
135.0
93.0
99.0
98.0
100.0
97.0
98.0
132.0
97.0
131.0
98.0
101.0
134.0
99.0
98.0
99.0
100.0
94.0
97.0
104.0
98.0
136.0
97.0
130.0
100.0
135.0
96.0
97.0
130.0
100.0
132.0
103.0
134.0
100.0
104.0
133.0
100.0
130.0
96.0
136.0
100.0
133.0
96.0
98.0
129.0
98.0
127.0
101.0
132.0
100.0
135.0
197.0
131.0
98.0
133.0
95.0
130.0
96.0
101.0
99.0
130.0
100.0
130.0
93.0
133.0
93.0
130.0
102.0
101.0
96.0
91.0
133.0
97.0
102.0
132.0
97.0
129.0
100.0
95.0
133.0
202.0
88.0
136.0
87.0
133.0
100.0
134.0
98.0
100.0
133.0
101.0
132.0
98.0
98.0
100.0
94.0
134.0
104.0
97.0
100.0
131.0
308.0
133.0
96.0
100.0
98.0
130.0
99.0
131.0
98.0
136.0
102.0
527.0
127.0
100.0
133.0
92.0
132.0
98.0
130.0
99.0
131.0
93.0
101.0
101.0
96.0
99.0
101.0
101.0
99.0
93.0
134.0
101.0
135.0
87.0
129.0
84.0
128.0
100.0
101.0
100.0
133.0
97.0
99.0
129.0
97.0
133.0
94.0
101.0
133.0
95.0
131.0
98.0
134.0
87.0
98.0
94.0
98.0
136.0
98.0
101.0
98.0
98.0
131.0
98.0
96.0
140.0
101.0
130.0
104.0
98.0
130.0
98.0
102.0
131.0
91.0
99.0
126.0
99.0
131.0
100.0
101.0
99.0
92.0
132.0
96.0
140.0
101.0
95.0
131.0
97.0
99.0
131.0
94.0
98.0
131.0
98.0
133.0
101.0
96.0
131.0
98.0
94.0
99.0
100.0
95.0
133.0
97.0
133.0
99.0
93.0
131.0
97.0
133.0
101.0
131.0
99.0
134.0
101.0
127.0
589.0
128.0
97.0
132.0
96.0
98.0
133.0
97.0
129.0
98.0
131.0
94.0
126.0
98.0
103.0
101.0
102.0
134.0
97.0
132.0
97.0
135.0
100.0
136.0
101.0
100.0
133.0
98.0
100.0
130.0
101.0
136.0
98.0
93.0
130.0
104.0
97.0
131.0
99.0
133.0
99.0
138.0
93.0
102.0
134.0
73.0
138.0
97.0
99.0
126.0
99.0
71.0
139.0
97.0
102.0
100.0
97.0
96.0
102.0
137.0
101.0
99.0
133.0
101.0
134.0
100.0
97.0
100.0
99.0
133.0
93.0
132.0
101.0
98.0
105.0
91.0
136.0
97.0
101.0
133.0
100.0
102.0
101.0
132.0
96.0
105.0
101.0
101.0
98.0
99.0
136.0
101.0
90.0
103.0
103.0
96.0
130.0
97.0
133.0
96.0
131.0
97.0
130.0
95.0
133.0
97.0
95.0
100.0
133.0
97.0
131.0
98.0
93.0
132.0
98.0
100.0
130.0
98.0
132.0
102.0
132.0
97.0
77.0
137.0
94.0
96.0
125.0
100.0
99.0
91.0
135.0
98.0
133.0
101.0
132.0
100.0
129.0
102.0
96.0
98.0
131.0
101.0
129.0
50.0
156.0
96.0
132.0
100.0
98.0
132.0
101.0
97.0
139.0
96.0
104.0
98.0
97.0
102.0
196.0
129.0
97.0
95.0
100.0
96.0
96.0
133.0
96.0
133.0
95.0
132.0
91.0
98.0
131.0
96.0
133.0
98.0
93.0
132.0
98.0
130.0
103.0
130.0
91.0
101.0
133.0
98.0
130.0
98.0
136.0
95.0
132.0
98.0
100.0
129.0
95.0
130.0
100.0
99.0
134.0
104.0
96.0
130.0
99.0
100.0
132.0
91.0
130.0
100.0
102.0
104.0
129.0
94.0
136.0
97.0
134.0
100.0
133.0
98.0
97.0
100.0
138.0
89.0
132.0
94.0
134.0
92.0
133.0
102.0
133.0
96.0
130.0
97.0
129.0
94.0
136.0
92.0
130.0
101.0
134.0
100.0
98.0
135.0
98.0
129.0
96.0
130.0
101.0
130.0
105.0
130.0
100.0
131.0
103.0
137.0
98.0
137.0
100.0
98.0
98.0
132.0
96.0
134.0
95.0
94.0
131.0
97.0
128.0
100.0
96.0
96.0
105.0
93.0
100.0
128.0
97.0
135.0
97.0
132.0
97.0
132.0
101.0
140.0
101.0
127.0
99.0
96.0
98.0
137.0
90.0
133.0
100.0
101.0
133.0
97.0
130.0
101.0
133.0
91.0
102.0
102.0
134.0
96.0
137.0
94.0
98.0
134.0
98.0
132.0
85.0
133.0
100.0
101.0
132.0
100.0
132.0
93.0
137.0
100.0
134.0
104.0
132.0
99.0
130.0
96.0
132.0
101.0
133.0
93.0
100.0
132.0
98.0
132.0
95.0
96.0
100.0
130.0
97.0
134.0
100.0
97.0
103.0
97.0
98.0
85.0
133.0
100.0
131.0
102.0
132.0
99.0
136.0
101.0
133.0
93.0
100.0
99.0
104.0
96.0
132.0
101.0
136.0
101.0
125.0
100.0
126.0
96.0
96.0
102.0
101.0
104.0
130.0
100.0
100.0
101.0
130.0
90.0
133.0
97.0
132.0
93.0
134.0
97.0
133.0
93.0
133.0
98.0
132.0
99.0
129.0
98.0
133.0
99.0
132.0
94.0
128.0
100.0
500.0
101.0
131.0
97.0
128.0
97.0
134.0
94.0
85.0
137.0
92.0
131.0
101.0
135.0
589.0
497.0
102.0
100.0
130.0
99.0
130.0
96.0
90.0
85.0
130.0
98.0
133.0
92.0
130.0
96.0
129.0
98.0
92.0
133.0
99.0
133.0
90.0
99.0
131.0
98.0
133.0
100.0
131.0
99.0
100.0
128.0
94.0
132.0
100.0
131.0
97.0
135.0
92.0
132.0
98.0
100.0
105.0
98.0
133.0
102.0
131.0
104.0
132.0
101.0
132.0
93.0
94.0
93.0
134.0
97.0
99.0
99.0
133.0
101.0
101.0
128.0
97.0
131.0
97.0
133.0
94.0
102.0
96.0
103.0
132.0
96.0
132.0
101.0
573.0
130.0
98.0
131.0
100.0
98.0
127.0
102.0
101.0
127.0
98.0
130.0
101.0
94.0
104.0
136.0
100.0
100.0
134.0
95.0
90.0
131.0
100.0
98.0
131.0
91.0
130.0
96.0
135.0
100.0
91.0
136.0
104.0
96.0
136.0
102.0
130.0
98.0
100.0
130.0
101.0
135.0
98.0
132.0
100.0
133.0
91.0
131.0
97.0
457.0
100.0
132.0
95.0
91.0
102.0
100.0
100.0
102.0
136.0
100.0
131.0
102.0
132.0
86.0
134.0
95.0
97.0
130.0
100.0
103.0
131.0
96.0
102.0
128.0
91.0
137.0
99.0
100.0
100.0
130.0
98.0
132.0
100.0
133.0
91.0
129.0
98.0
132.0
98.0
98.0
133.0
98.0
129.0
97.0
130.0
98.0
136.0
101.0
103.0
99.0
101.0
130.0
101.0
131.0
94.0
99.0
132.0
98.0
139.0
98.0
133.0
94.0
130.0
98.0
100.0
136.0
93.0
130.0
98.0
96.0
96.0
129.0
98.0
100.0
99.0
99.0
93.0
102.0
129.0
91.0
131.0
99.0
129.0
98.0
102.0
132.0
98.0
102.0
128.0
94.0
100.0
98.0
98.0
92.0
132.0
104.0
136.0
99.0
101.0
132.0
99.0
105.0
98.0
99.0
96.0
89.0
134.0
99.0
134.0
96.0
136.0
98.0
98.0
134.0
99.0
97.0
130.0
98.0
101.0
134.0
94.0
133.0
99.0
94.0
130.0
98.0
132.0
90.0
138.0
100.0
98.0
137.0
104.0
94.0
91.0
130.0
94.0
95.0
133.0
100.0
93.0
131.0
102.0
134.0
96.0
130.0
85.0
139.0
97.0
101.0
133.0
99.0
535.0
133.0
101.0
133.0
98.0
130.0
101.0
93.0
130.0
97.0
98.0
100.0
542.0
133.0
337.0
98.0
130.0
97.0
131.0
95.0
98.0
130.0
97.0
98.0
134.0
101.0
96.0
98.0
132.0
98.0
132.0
100.0
131.0
94.0
91.0
130.0
101.0
130.0
101.0
102.0
134.0
94.0
134.0
96.0
85.0
131.0
98.0
100.0
137.0
86.0
130.0
452.0
132.0
94.0
132.0
101.0
137.0
97.0
136.0
100.0
100.0
133.0
87.0
99.0
130.0
235.0
97.0
133.0
104.0
94.0
90.0
137.0
102.0
99.0
98.0
96.0
134.0
97.0
133.0
101.0
126.0
97.0
129.0
97.0
98.0
94.0
98.0
102.0
92.0
132.0
97.0
133.0
98.0
173.0
134.0
100.0
132.0
100.0
93.0
96.0
134.0
100.0
129.0
100.0
90.0
100.0
133.0
97.0
134.0
101.0
100.0
91.0
127.0
102.0
131.0
96.0
102.0
100.0
136.0
92.0
138.0
101.0
131.0
95.0
134.0
94.0
93.0
100.0
137.0
101.0
192.0
130.0
98.0
97.0
132.0
74.0
133.0
96.0
135.0
91.0
99.0
98.0
131.0
102.0
130.0
98.0
103.0
103.0
98.0
135.0
97.0
101.0
133.0
94.0
94.0
131.0
96.0
99.0
132.0
91.0
102.0
134.0
98.0
132.0
102.0
99.0
136.0
99.0
134.0
97.0
93.0
134.0
101.0
132.0
100.0
101.0
135.0
97.0
136.0
100.0
88.0
132.0
100.0
130.0
97.0
94.0
129.0
99.0
136.0
97.0
96.0
102.0
134.0
98.0
131.0
100.0
132.0
98.0
130.0
107.0
97.0
130.0
101.0
132.0
96.0
132.0
101.0
131.0
90.0
132.0
96.0
134.0
93.0
94.0
131.0
101.0
136.0
102.0
104.0
94.0
98.0
133.0
96.0
129.0
100.0
96.0
133.0
100.0
134.0
102.0
136.0
98.0
98.0
98.0
132.0
101.0
130.0
96.0
100.0
98.0
98.0
97.0
132.0
100.0
244.0
131.0
102.0
132.0
94.0
87.0
135.0
97.0
134.0
105.0
133.0
100.0
131.0
96.0
102.0
99.0
131.0
97.0
98.0
137.0
100.0
133.0
97.0
138.0
100.0
96.0
136.0
101.0
133.0
96.0
101.0
98.0
134.0
100.0
95.0
98.0
99.0
105.0
97.0
102.0
128.0
94.0
98.0
132.0
98.0
99.0
129.0
105.0
133.0
102.0
101.0
102.0
96.0
128.0
97.0
98.0
137.0
96.0
103.0
97.0
97.0
96.0
93.0
133.0
102.0
94.0
98.0
101.0
94.0
134.0
101.0
105.0
455.0
134.0
100.0
97.0
104.0
132.0
98.0
133.0
103.0
132.0
99.0
135.0
102.0
135.0
91.0
94.0
133.0
96.0
104.0
129.0
100.0
96.0
136.0
100.0
130.0
102.0
97.0
102.0
134.0
102.0
96.0
135.0
100.0
101.0
102.0
100.0
96.0
100.0
132.0
92.0
134.0
99.0
136.0
101.0
131.0
173.0
132.0
94.0
97.0
131.0
90.0
101.0
96.0
100.0
99.0
102.0
132.0
96.0
133.0
100.0
104.0
126.0
97.0
136.0
98.0
135.0
98.0
130.0
98.0
132.0
101.0
132.0
97.0
133.0
98.0
99.0
136.0
96.0
95.0
130.0
102.0
130.0
97.0
128.0
100.0
125.0
104.0
128.0
98.0
100.0
94.0
100.0
88.0
130.0
101.0
100.0
85.0
97.0
103.0
128.0
101.0
134.0
102.0
101.0
133.0
97.0
131.0
101.0
130.0
100.0
98.0
97.0
129.0
102.0
126.0
105.0
100.0
101.0
128.0
102.0
100.0
135.0
93.0
132.0
100.0
130.0
95.0
98.0
98.0
134.0
97.0
134.0
90.0
133.0
91.0
99.0
103.0
132.0
97.0
134.0
96.0
126.0
97.0
133.0
101.0
594.0
98.0
130.0
98.0
97.0
100.0
100.0
138.0
96.0
102.0
131.0
90.0
135.0
83.0
132.0
98.0
98.0
101.0
130.0
90.0
138.0
96.0
98.0
130.0
96.0
134.0
97.0
133.0
98.0
130.0
100.0
99.0
135.0
96.0
102.0
130.0
98.0
136.0
96.0
134.0
96.0
131.0
102.0
100.0
132.0
97.0
132.0
99.0
105.0
134.0
98.0
132.0
100.0
98.0
98.0
96.0
97.0
97.0
135.0
99.0
213.0
130.0
98.0
129.0
101.0
100.0
131.0
98.0
132.0
98.0
136.0
96.0
98.0
100.0
134.0
97.0
134.0
100.0
133.0
97.0
132.0
96.0
136.0
191.0
100.0
98.0
134.0
96.0
90.0
137.0
96.0
133.0
101.0
132.0
97.0
97.0
97.0
100.0
97.0
89.0
131.0
98.0
88.0
136.0
101.0
99.0
101.0
134.0
100.0
129.0
94.0
97.0
100.0
96.0
133.0
98.0
135.0
99.0
98.0
100.0
133.0
100.0
98.0
102.0
99.0
133.0
99.0
101.0
138.0
101.0
135.0
98.0
98.0
128.0
102.0
92.0
132.0
93.0
101.0
100.0
100.0
128.0
97.0
129.0
96.0
97.0
100.0
132.0
98.0
130.0
100.0
102.0
131.0
99.0
132.0
101.0
101.0
131.0
100.0
132.0
98.0
105.0
135.0
98.0
133.0
95.0
102.0
98.0
131.0
89.0
102.0
131.0
214.0
95.0
97.0
131.0
100.0
102.0
102.0
101.0
102.0
136.0
98.0
133.0
98.0
134.0
103.0
132.0
98.0
102.0
100.0
97.0
98.0
101.0
97.0
100.0
98.0
102.0
133.0
229.0
102.0
98.0
100.0
136.0
482.0
97.0
127.0
100.0
95.0
104.0
132.0
101.0
96.0
102.0
102.0
101.0
137.0
101.0
98.0
134.0
92.0
136.0
97.0
99.0
130.0
101.0
101.0
101.0
134.0
101.0
135.0
72.0
138.0
102.0
101.0
101.0
129.0
98.0
131.0
102.0
92.0
133.0
130.0
96.0
132.0
101.0
98.0
184.0
97.0
133.0
98.0
97.0
101.0
98.0
93.0
132.0
99.0
100.0
138.0
91.0
100.0
96.0
99.0
131.0
98.0
102.0
91.0
134.0
102.0
93.0
94.0
95.0
100.0
133.0
99.0
134.0
93.0
102.0
134.0
101.0
135.0
91.0
98.0
134.0
94.0
100.0
129.0
101.0
129.0
98.0
99.0
496.0
130.0
100.0
131.0
100.0
101.0
101.0
135.0
98.0
133.0
98.0
134.0
101.0
94.0
134.0
99.0
134.0
94.0
202.0
130.0
98.0
129.0
97.0
101.0
134.0
101.0
104.0
133.0
99.0
133.0
99.0
127.0
99.0
101.0
102.0
132.0
100.0
135.0
100.0
101.0
99.0
130.0
102.0
101.0
100.0
102.0
102.0
97.0
85.0
137.0
98.0
104.0
136.0
99.0
96.0
134.0
100.0
83.0
132.0
103.0
89.0
105.0
131.0
98.0
139.0
99.0
97.0
101.0
101.0
98.0
129.0
101.0
132.0
100.0
134.0
94.0
132.0
97.0
134.0
100.0
96.0
100.0
133.0
98.0
98.0
97.0
133.0
101.0
135.0
101.0
100.0
98.0
96.0
132.0
101.0
134.0
101.0
132.0
101.0
130.0
98.0
90.0
77.0
138.0
98.0
93.0
98.0
130.0
98.0
131.0
99.0
133.0
286.0
133.0
96.0
98.0
96.0
97.0
96.0
128.0
102.0
98.0
96.0
133.0
100.0
131.0
100.0
136.0
102.0
131.0
100.0
104.0
130.0
101.0
130.0
102.0
132.0
101.0
132.0
101.0
104.0
133.0
104.0
132.0
101.0
129.0
88.0
133.0
98.0
90.0
100.0
130.0
97.0
98.0
97.0
138.0
101.0
137.0
98.0
102.0
94.0
98.0
97.0
133.0
186.0
94.0
100.0
133.0
98.0
98.0
137.0
96.0
133.0
101.0
99.0
99.0
95.0
133.0
97.0
99.0
99.0
133.0
93.0
101.0
101.0
132.0
93.0
101.0
100.0
136.0
99.0
132.0
100.0
98.0
104.0
132.0
96.0
103.0
102.0
100.0
100.0
98.0
98.0
135.0
96.0
135.0
97.0
95.0
132.0
96.0
98.0
99.0
132.0
94.0
125.0
99.0
133.0
101.0
104.0
98.0
133.0
98.0
505.0
134.0
98.0
100.0
126.0
100.0
96.0
130.0
100.0
100.0
133.0
101.0
99.0
92.0
134.0
100.0
130.0
98.0
132.0
98.0
130.0
101.0
133.0
99.0
134.0
102.0
100.0
132.0
100.0
99.0
100.0
98.0
96.0
137.0
96.0
101.0
101.0
100.0
100.0
132.0
97.0
96.0
132.0
101.0
96.0
97.0
130.0
103.0
134.0
105.0
132.0
118.0
98.0
134.0
99.0
133.0
101.0
99.0
98.0
326.0
93.0
134.0
100.0
135.0
103.0
132.0
96.0
134.0
98.0
133.0
82.0
97.0
134.0
93.0
130.0
239.0
96.0
99.0
96.0
97.0
97.0
102.0
173.0
98.0
133.0
101.0
100.0
129.0
91.0
134.0
100.0
98.0
136.0
101.0
102.0
132.0
93.0
99.0
100.0
97.0
92.0
133.0
100.0
98.0
94.0
102.0
104.0
136.0
99.0
128.0
101.0
136.0
102.0
131.0
94.0
134.0
91.0
136.0
96.0
133.0
93.0
102.0
102.0
101.0
92.0
138.0
99.0
135.0
101.0
103.0
96.0
132.0
96.0
101.0
94.0
96.0
96.0
132.0
98.0
95.0
100.0
132.0
96.0
101.0
126.0
98.0
130.0
97.0
105.0
96.0
132.0
82.0
134.0
99.0
129.0
100.0
126.0
98.0
105.0
129.0
100.0
96.0
131.0
101.0
132.0
97.0
132.0
173.0
101.0
84.0
102.0
132.0
99.0
72.0
140.0
104.0
96.0
130.0
104.0
100.0
139.0
100.0
132.0
100.0
133.0
99.0
131.0
97.0
93.0
98.0
132.0
93.0
98.0
100.0
101.0
99.0
95.0
130.0
101.0
99.0
133.0
100.0
98.0
99.0
91.0
101.0
131.0
100.0
132.0
96.0
133.0
98.0
98.0
132.0
96.0
95.0
96.0
102.0
136.0
104.0
103.0
136.0
101.0
133.0
98.0
99.0
101.0
102.0
136.0
103.0
100.0
132.0
101.0
131.0
101.0
98.0
101.0
101.0
100.0
100.0
133.0
101.0
132.0
99.0
92.0
134.0
98.0
136.0
98.0
102.0
99.0
135.0
101.0
136.0
90.0
100.0
133.0
101.0
134.0
101.0
89.0
101.0
131.0
90.0
129.0
101.0
132.0
464.0
131.0
98.0
129.0
88.0
133.0
92.0
132.0
89.0
136.0
96.0
130.0
97.0
98.0
136.0
99.0
102.0
98.0
99.0
130.0
99.0
133.0
96.0
98.0
104.0
98.0
128.0
98.0
101.0
101.0
130.0
100.0
100.0
136.0
98.0
133.0
97.0
130.0
97.0
90.0
132.0
105.0
134.0
97.0
131.0
105.0
93.0
84.0
98.0
138.0
95.0
100.0
90.0
100.0
94.0
98.0
133.0
93.0
98.0
99.0
101.0
132.0
99.0
100.0
100.0
93.0
98.0
130.0
96.0
132.0
98.0
94.0
132.0
98.0
134.0
100.0
100.0
133.0
90.0
93.0
129.0
97.0
133.0
99.0
133.0
209.0
133.0
102.0
96.0
102.0
97.0
132.0
100.0
134.0
94.0
99.0
98.0
93.0
132.0
98.0
134.0
97.0
134.0
100.0
137.0
99.0
98.0
135.0
97.0
133.0
104.0
132.0
103.0
103.0
92.0
101.0
136.0
102.0
558.0
101.0
132.0
174.0
133.0
98.0
133.0
98.0
130.0
100.0
130.0
94.0
132.0
98.0
98.0
132.0
99.0
133.0
94.0
128.0
97.0
98.0
135.0
99.0
104.0
99.0
97.0
133.0
96.0
132.0
102.0
133.0
98.0
131.0
98.0
128.0
96.0
87.0
133.0
101.0
133.0
102.0
132.0
478.0
132.0
102.0
98.0
138.0
97.0
130.0
97.0
103.0
133.0
91.0
131.0
99.0
195.0
95.0
131.0
98.0
96.0
133.0
98.0
125.0
102.0
128.0
94.0
137.0
97.0
154.0
100.0
101.0
132.0
99.0
130.0
100.0
98.0
133.0
90.0
98.0
134.0
98.0
93.0
131.0
99.0
142.0
98.0
133.0
97.0
135.0
102.0
131.0
85.0
136.0
101.0
131.0
93.0
130.0
98.0
101.0
131.0
98.0
98.0
136.0
101.0
91.0
133.0
97.0
131.0
100.0
133.0
102.0
131.0
96.0
90.0
96.0
130.0
98.0
128.0
99.0
101.0
133.0
91.0
99.0
93.0
97.0
133.0
101.0
132.0
101.0
127.0
277.0
134.0
99.0
100.0
100.0
101.0
91.0
98.0
102.0
130.0
96.0
100.0
97.0
132.0
100.0
133.0
94.0
100.0
98.0
130.0
93.0
98.0
129.0
88.0
133.0
101.0
100.0
102.0
133.0
102.0
133.0
101.0
101.0
96.0
133.0
96.0
100.0
95.0
96.0
97.0
133.0
92.0
129.0
94.0
133.0
97.0
96.0
133.0
102.0
101.0
129.0
103.0
131.0
102.0
98.0
102.0
133.0
98.0
97.0
103.0
97.0
138.0
101.0
134.0
105.0
130.0
99.0
96.0
133.0
96.0
93.0
86.0
136.0
100.0
130.0
102.0
136.0
101.0
130.0
101.0
100.0
98.0
97.0
131.0
96.0
136.0
101.0
98.0
133.0
99.0
130.0
96.0
130.0
101.0
134.0
97.0
101.0
97.0
97.0
104.0
132.0
86.0
132.0
103.0
103.0
98.0
100.0
134.0
93.0
100.0
133.0
100.0
138.0
102.0
132.0
100.0
98.0
104.0
97.0
128.0
99.0
100.0
98.0
132.0
101.0
102.0
130.0
94.0
94.0
97.0
130.0
103.0
134.0
100.0
98.0
98.0
127.0
102.0
100.0
126.0
100.0
130.0
101.0
133.0
103.0
96.0
133.0
90.0
133.0
93.0
133.0
100.0
98.0
131.0
98.0
133.0
97.0
133.0
90.0
132.0
101.0
131.0
95.0
134.0
94.0
133.0
100.0
138.0
95.0
128.0
89.0
135.0
100.0
101.0
125.0
100.0
97.0
132.0
98.0
132.0
93.0
81.0
99.0
129.0
94.0
98.0
100.0
98.0
133.0
96.0
100.0
131.0
102.0
133.0
94.0
133.0
101.0
134.0
104.0
131.0
98.0
136.0
94.0
94.0
131.0
90.0
100.0
100.0
93.0
94.0
128.0
98.0
135.0
99.0
129.0
95.0
96.0
132.0
98.0
101.0
97.0
102.0
97.0
96.0
96.0
98.0
132.0
101.0
129.0
102.0
103.0
133.0
100.0
135.0
102.0
130.0
96.0
130.0
97.0
132.0
94.0
134.0
94.0
89.0
94.0
136.0
84.0
134.0
101.0
98.0
137.0
98.0
131.0
98.0
135.0
98.0
130.0
102.0
99.0
96.0
132.0
102.0
130.0
101.0
130.0
92.0
137.0
98.0
136.0
96.0
132.0
97.0
136.0
91.0
138.0
94.0
97.0
98.0
135.0
107.0
132.0
92.0
135.0
102.0
96.0
136.0
96.0
99.0
130.0
96.0
94.0
133.0
98.0
131.0
101.0
134.0
86.0
99.0
130.0
101.0
527.0
96.0
132.0
98.0
98.0
132.0
100.0
99.0
97.0
133.0
102.0
98.0
98.0
102.0
