121.0
117.0
119.0
117.0
122.0
162.0
116.0
160.0
119.0
165.0
118.0
117.0
116.0
157.0
118.0
164.0
119.0
155.0
156.0
118.0
162.0
120.0
162.0
115.0
116.0
117.0
116.0
155.0
114.0
118.0
161.0
110.0
101.0
115.0
158.0
119.0
158.0
123.0
165.0
120.0
158.0
118.0
163.0
123.0
160.0
113.0
165.0
120.0
158.0
113.0
107.0
111.0
165.0
114.0
162.0
116.0
155.0
120.0
120.0
116.0
163.0
114.0
114.0
123.0
155.0
118.0
122.0
162.0
116.0
122.0
118.0
116.0
167.0
123.0
114.0
117.0
160.0
116.0
154.0
115.0
160.0
112.0
161.0
125.0
121.0
112.0
158.0
119.0
162.0
121.0
153.0
110.0
162.0
110.0
153.0
121.0
160.0
117.0
117.0
164.0
113.0
121.0
157.0
113.0
161.0
121.0
165.0
118.0
162.0
118.0
155.0
120.0
115.0
161.0
114.0
160.0
124.0
162.0
119.0
160.0
122.0
161.0
120.0
164.0
119.0
121.0
156.0
112.0
158.0
119.0
161.0
121.0
121.0
162.0
111.0
164.0
120.0
164.0
120.0
162.0
116.0
110.0
118.0
165.0
117.0
122.0
115.0
160.0
117.0
115.0
158.0
114.0
157.0
114.0
155.0
126.0
156.0
243.0
117.0
161.0
113.0
160.0
118.0
116.0
118.0
155.0
124.0
160.0
120.0
116.0
157.0
113.0
161.0
113.0
155.0
321.0
161.0
117.0
164.0
117.0
155.0
122.0
164.0
119.0
164.0
121.0
114.0
162.0
118.0
158.0
121.0
162.0
120.0
168.0
107.0
158.0
120.0
119.0
157.0
114.0
157.0
120.0
114.0
155.0
113.0
161.0
118.0
164.0
118.0
158.0
119.0
164.0
119.0
164.0
118.0
163.0
118.0
156.0
258.0
118.0
160.0
112.0
154.0
120.0
156.0
118.0
160.0
120.0
160.0
125.0
160.0
121.0
164.0
110.0
163.0
114.0
121.0
159.0
121.0
119.0
120.0
123.0
107.0
161.0
120.0
119.0
115.0
112.0
117.0
113.0
161.0
114.0
109.0
118.0
118.0
157.0
118.0
160.0
108.0
164.0
121.0
161.0
118.0
162.0
116.0
117.0
161.0
122.0
158.0
117.0
158.0
114.0
162.0
118.0
157.0
122.0
153.0
119.0
163.0
115.0
122.0
160.0
112.0
161.0
111.0
120.0
154.0
121.0
164.0
119.0
162.0
117.0
160.0
125.0
160.0
107.0
113.0
114.0
122.0
158.0
124.0
158.0
117.0
119.0
118.0
120.0
161.0
109.0
160.0
114.0
120.0
161.0
117.0
160.0
114.0
157.0
109.0
162.0
116.0
160.0
125.0
158.0
119.0
159.0
111.0
117.0
424.0
168.0
117.0
119.0
156.0
124.0
122.0
160.0
116.0
162.0
117.0
161.0
118.0
117.0
119.0
160.0
118.0
115.0
157.0
117.0
157.0
122.0
162.0
120.0
116.0
119.0
110.0
120.0
112.0
157.0
118.0
156.0
121.0
162.0
122.0
161.0
112.0
165.0
122.0
119.0
119.0
161.0
116.0
117.0
116.0
117.0
114.0
160.0
120.0
122.0
161.0
117.0
160.0
181.0
164.0
120.0
116.0
122.0
122.0
162.0
116.0
154.0
118.0
164.0
112.0
200.0
161.0
120.0
114.0
158.0
578.0
160.0
120.0
122.0
118.0
114.0
155.0
118.0
158.0
119.0
165.0
119.0
160.0
121.0
122.0
121.0
117.0
122.0
154.0
115.0
112.0
156.0
110.0
156.0
123.0
122.0
162.0
120.0
158.0
113.0
159.0
115.0
155.0
122.0
158.0
120.0
110.0
157.0
114.0
155.0
108.0
120.0
160.0
118.0
156.0
123.0
157.0
116.0
160.0
123.0
163.0
116.0
117.0
160.0
119.0
160.0
109.0
122.0
158.0
117.0
110.0
117.0
113.0
158.0
115.0
123.0
100.0
164.0
121.0
112.0
114.0
116.0
162.0
119.0
154.0
122.0
163.0
109.0
197.0
162.0
104.0
159.0
119.0
110.0
113.0
160.0
118.0
104.0
158.0
120.0
115.0
113.0
123.0
114.0
106.0
161.0
118.0
122.0
160.0
116.0
121.0
162.0
117.0
122.0
160.0
114.0
162.0
114.0
122.0
155.0
114.0
158.0
118.0
117.0
112.0
120.0
120.0
157.0
112.0
121.0
162.0
112.0
117.0
161.0
96.0
162.0
107.0
154.0
119.0
163.0
117.0
116.0
156.0
119.0
120.0
116.0
163.0
121.0
163.0
128.0
160.0
98.0
161.0
121.0
203.0
161.0
120.0
114.0
158.0
121.0
162.0
114.0
158.0
109.0
158.0
115.0
118.0
122.0
121.0
161.0
119.0
118.0
112.0
161.0
125.0
158.0
113.0
160.0
110.0
118.0
162.0
122.0
163.0
111.0
116.0
121.0
164.0
123.0
110.0
163.0
114.0
157.0
119.0
161.0
122.0
114.0
163.0
114.0
160.0
118.0
157.0
122.0
161.0
114.0
114.0
165.0
117.0
161.0
117.0
113.0
162.0
118.0
157.0
116.0
160.0
116.0
154.0
122.0
120.0
154.0
119.0
120.0
160.0
117.0
158.0
115.0
158.0
116.0
158.0
117.0
112.0
113.0
160.0
119.0
163.0
114.0
122.0
160.0
118.0
119.0
157.0
120.0
107.0
159.0
112.0
160.0
115.0
162.0
110.0
95.0
163.0
122.0
118.0
122.0
121.0
115.0
113.0
153.0
116.0
154.0
122.0
120.0
157.0
117.0
117.0
123.0
161.0
122.0
155.0
118.0
115.0
118.0
162.0
110.0
114.0
119.0
160.0
120.0
162.0
113.0
114.0
118.0
153.0
122.0
116.0
112.0
158.0
122.0
162.0
113.0
117.0
158.0
121.0
156.0
117.0
160.0
125.0
161.0
123.0
162.0
118.0
162.0
113.0
114.0
158.0
116.0
117.0
161.0
126.0
157.0
118.0
119.0
155.0
118.0
160.0
119.0
122.0
125.0
125.0
157.0
117.0
160.0
113.0
160.0
118.0
157.0
116.0
162.0
121.0
122.0
157.0
117.0
121.0
160.0
117.0
160.0
120.0
160.0
121.0
157.0
116.0
112.0
122.0
165.0
392.0
162.0
125.0
160.0
114.0
163.0
107.0
162.0
114.0
159.0
118.0
117.0
117.0
162.0
118.0
161.0
114.0
118.0
160.0
116.0
336.0
157.0
121.0
160.0
116.0
602.0
145.0
122.0
157.0
118.0
120.0
119.0
117.0
160.0
120.0
161.0
109.0
157.0
116.0
160.0
124.0
160.0
118.0
123.0
118.0
103.0
116.0
157.0
116.0
118.0
161.0
116.0
161.0
116.0
162.0
118.0
122.0
157.0
119.0
122.0
155.0
114.0
156.0
116.0
119.0
160.0
113.0
157.0
119.0
117.0
161.0
118.0
121.0
114.0
157.0
113.0
117.0
162.0
120.0
119.0
118.0
162.0
125.0
164.0
152.0
117.0
158.0
118.0
123.0
163.0
121.0
120.0
110.0
122.0
165.0
119.0
117.0
114.0
118.0
118.0
120.0
162.0
119.0
162.0
122.0
165.0
122.0
155.0
103.0
164.0
118.0
160.0
121.0
160.0
114.0
164.0
120.0
115.0
122.0
122.0
161.0
118.0
161.0
121.0
164.0
121.0
157.0
120.0
162.0
170.0
122.0
120.0
160.0
122.0
163.0
118.0
166.0
123.0
157.0
119.0
160.0
113.0
117.0
161.0
121.0
163.0
116.0
121.0
117.0
122.0
160.0
116.0
117.0
158.0
118.0
163.0
121.0
157.0
118.0
158.0
124.0
158.0
122.0
113.0
157.0
117.0
161.0
123.0
162.0
112.0
160.0
118.0
160.0
123.0
160.0
115.0
110.0
162.0
112.0
164.0
122.0
120.0
117.0
122.0
161.0
114.0
109.0
160.0
114.0
160.0
121.0
157.0
121.0
117.0
117.0
122.0
163.0
123.0
158.0
123.0
157.0
118.0
111.0
161.0
114.0
165.0
120.0
162.0
110.0
160.0
124.0
116.0
122.0
166.0
119.0
160.0
156.0
117.0
161.0
121.0
160.0
116.0
125.0
164.0
121.0
161.0
116.0
157.0
113.0
156.0
117.0
113.0
162.0
113.0
160.0
122.0
165.0
121.0
113.0
118.0
163.0
116.0
162.0
114.0
155.0
117.0
115.0
114.0
116.0
157.0
118.0
160.0
121.0
162.0
115.0
125.0
118.0
156.0
119.0
116.0
117.0
158.0
118.0
206.0
157.0
122.0
156.0
122.0
120.0
121.0
110.0
158.0
122.0
165.0
120.0
164.0
122.0
162.0
125.0
115.0
120.0
157.0
122.0
161.0
98.0
114.0
168.0
199.0
164.0
110.0
166.0
118.0
157.0
122.0
121.0
164.0
116.0
157.0
119.0
160.0
117.0
117.0
120.0
114.0
156.0
128.0
158.0
125.0
121.0
160.0
120.0
163.0
118.0
162.0
123.0
125.0
161.0
117.0
164.0
118.0
164.0
114.0
120.0
159.0
111.0
162.0
121.0
157.0
119.0
119.0
160.0
117.0
116.0
113.0
169.0
118.0
109.0
157.0
114.0
101.0
158.0
115.0
160.0
120.0
116.0
122.0
113.0
119.0
161.0
120.0
160.0
123.0
163.0
125.0
122.0
157.0
123.0
115.0
161.0
118.0
164.0
119.0
119.0
160.0
117.0
154.0
114.0
158.0
116.0
148.0
120.0
156.0
115.0
158.0
121.0
161.0
119.0
120.0
117.0
160.0
110.0
160.0
109.0
162.0
130.0
115.0
111.0
115.0
127.0
157.0
118.0
122.0
116.0
167.0
117.0
164.0
118.0
160.0
120.0
160.0
116.0
160.0
105.0
171.0
117.0
158.0
119.0
477.0
161.0
117.0
119.0
155.0
124.0
152.0
120.0
161.0
118.0
153.0
118.0
119.0
111.0
161.0
122.0
161.0
119.0
157.0
111.0
163.0
119.0
160.0
119.0
160.0
117.0
158.0
115.0
160.0
116.0
156.0
120.0
162.0
118.0
124.0
164.0
121.0
155.0
108.0
207.0
122.0
160.0
122.0
122.0
157.0
115.0
155.0
114.0
154.0
113.0
116.0
117.0
161.0
122.0
114.0
158.0
117.0
155.0
108.0
119.0
118.0
165.0
119.0
120.0
166.0
116.0
154.0
114.0
160.0
109.0
165.0
200.0
165.0
118.0
164.0
118.0
118.0
160.0
113.0
106.0
161.0
122.0
121.0
117.0
120.0
120.0
161.0
119.0
173.0
160.0
118.0
160.0
105.0
162.0
114.0
155.0
119.0
159.0
115.0
157.0
117.0
122.0
163.0
126.0
160.0
115.0
157.0
120.0
164.0
124.0
122.0
242.0
122.0
119.0
161.0
123.0
158.0
117.0
157.0
107.0
166.0
116.0
115.0
105.0
120.0
165.0
114.0
124.0
156.0
384.0
161.0
117.0
120.0
114.0
121.0
119.0
162.0
117.0
117.0
164.0
122.0
160.0
110.0
161.0
108.0
160.0
116.0
123.0
508.0
156.0
114.0
162.0
124.0
120.0
121.0
118.0
164.0
123.0
164.0
118.0
122.0
164.0
122.0
114.0
162.0
116.0
114.0
113.0
120.0
164.0
114.0
160.0
122.0
155.0
120.0
123.0
121.0
91.0
160.0
119.0
123.0
125.0
121.0
160.0
112.0
162.0
125.0
157.0
116.0
119.0
113.0
111.0
178.0
458.0
118.0
121.0
155.0
116.0
160.0
111.0
118.0
158.0
117.0
165.0
120.0
117.0
115.0
156.0
122.0
160.0
115.0
164.0
114.0
105.0
117.0
160.0
119.0
121.0
116.0
162.0
117.0
113.0
162.0
122.0
112.0
119.0
117.0
122.0
122.0
157.0
123.0
108.0
162.0
119.0
112.0
122.0
162.0
119.0
121.0
119.0
117.0
162.0
115.0
160.0
106.0
115.0
161.0
114.0
107.0
160.0
117.0
160.0
113.0
158.0
118.0
119.0
114.0
122.0
122.0
118.0
162.0
118.0
116.0
160.0
114.0
121.0
160.0
115.0
160.0
114.0
114.0
120.0
160.0
117.0
111.0
157.0
116.0
163.0
109.0
119.0
123.0
121.0
157.0
120.0
115.0
160.0
112.0
118.0
104.0
161.0
125.0
117.0
168.0
122.0
162.0
123.0
162.0
122.0
108.0
162.0
119.0
163.0
120.0
160.0
118.0
160.0
119.0
159.0
120.0
119.0
156.0
115.0
116.0
117.0
158.0
119.0
158.0
112.0
120.0
160.0
117.0
116.0
114.0
121.0
119.0
120.0
162.0
124.0
111.0
160.0
117.0
160.0
124.0
155.0
118.0
114.0
160.0
117.0
118.0
123.0
121.0
160.0
113.0
122.0
101.0
162.0
116.0
116.0
164.0
116.0
126.0
162.0
114.0
161.0
116.0
153.0
113.0
112.0
327.0
475.0
166.0
112.0
161.0
110.0
119.0
159.0
114.0
117.0
115.0
155.0
117.0
118.0
162.0
121.0
115.0
120.0
157.0
118.0
118.0
119.0
506.0
162.0
111.0
117.0
155.0
123.0
112.0
160.0
117.0
164.0
118.0
162.0
123.0
109.0
160.0
113.0
159.0
109.0
157.0
112.0
118.0
160.0
118.0
117.0
162.0
121.0
158.0
117.0
165.0
115.0
118.0
160.0
121.0
162.0
122.0
158.0
122.0
162.0
125.0
117.0
161.0
118.0
157.0
115.0
120.0
117.0
118.0
155.0
117.0
120.0
121.0
163.0
119.0
113.0
112.0
114.0
161.0
121.0
122.0
118.0
162.0
118.0
117.0
121.0
117.0
115.0
122.0
117.0
162.0
114.0
117.0
157.0
114.0
165.0
121.0
114.0
160.0
110.0
160.0
112.0
118.0
160.0
123.0
123.0
157.0
121.0
162.0
116.0
158.0
118.0
123.0
155.0
112.0
162.0
90.0
168.0
110.0
157.0
116.0
160.0
120.0
161.0
114.0
160.0
116.0
121.0
163.0
116.0
160.0
120.0
162.0
117.0
120.0
164.0
116.0
157.0
119.0
161.0
121.0
120.0
155.0
114.0
119.0
160.0
117.0
157.0
113.0
160.0
114.0
158.0
111.0
163.0
117.0
160.0
112.0
121.0
120.0
159.0
117.0
117.0
159.0
121.0
162.0
118.0
157.0
114.0
157.0
117.0
161.0
116.0
120.0
162.0
109.0
160.0
114.0
157.0
109.0
164.0
106.0
121.0
162.0
124.0
116.0
161.0
109.0
160.0
118.0
122.0
164.0
113.0
163.0
122.0
121.0
165.0
114.0
115.0
122.0
156.0
116.0
154.0
120.0
158.0
121.0
118.0
158.0
115.0
150.0
117.0
165.0
117.0
161.0
114.0
158.0
115.0
164.0
106.0
118.0
158.0
116.0
162.0
118.0
155.0
120.0
158.0
117.0
115.0
121.0
165.0
116.0
116.0
116.0
117.0
158.0
114.0
120.0
122.0
164.0
121.0
161.0
114.0
161.0
111.0
160.0
112.0
166.0
116.0
162.0
119.0
164.0
113.0
117.0
160.0
117.0
117.0
162.0
114.0
118.0
120.0
110.0
161.0
120.0
160.0
121.0
162.0
116.0
124.0
163.0
115.0
163.0
110.0
159.0
108.0
163.0
118.0
161.0
122.0
160.0
118.0
164.0
114.0
163.0
117.0
157.0
105.0
163.0
121.0
121.0
116.0
121.0
119.0
124.0
118.0
123.0
158.0
111.0
164.0
117.0
109.0
119.0
166.0
109.0
115.0
157.0
117.0
157.0
121.0
162.0
114.0
119.0
152.0
123.0
158.0
113.0
160.0
119.0
119.0
164.0
116.0
164.0
118.0
162.0
122.0
122.0
104.0
112.0
162.0
111.0
162.0
113.0
165.0
496.0
165.0
116.0
162.0
118.0
161.0
118.0
156.0
123.0
157.0
119.0
160.0
117.0
158.0
120.0
124.0
162.0
116.0
118.0
120.0
160.0
122.0
162.0
117.0
157.0
103.0
162.0
121.0
161.0
121.0
118.0
116.0
155.0
114.0
160.0
122.0
164.0
114.0
161.0
121.0
108.0
124.0
116.0
158.0
118.0
160.0
283.0
162.0
112.0
119.0
161.0
124.0
162.0
128.0
158.0
124.0
157.0
100.0
161.0
123.0
113.0
119.0
161.0
118.0
119.0
160.0
116.0
114.0
157.0
117.0
160.0
117.0
165.0
116.0
161.0
117.0
162.0
117.0
111.0
116.0
98.0
121.0
163.0
117.0
116.0
165.0
121.0
171.0
170.0
122.0
160.0
116.0
161.0
113.0
157.0
119.0
118.0
122.0
115.0
117.0
121.0
165.0
117.0
117.0
162.0
121.0
162.0
122.0
156.0
124.0
158.0
114.0
123.0
122.0
160.0
118.0
113.0
160.0
110.0
117.0
155.0
125.0
165.0
116.0
163.0
117.0
116.0
116.0
162.0
120.0
122.0
119.0
117.0
160.0
125.0
158.0
117.0
158.0
125.0
162.0
116.0
158.0
116.0
160.0
116.0
160.0
119.0
162.0
321.0
164.0
121.0
115.0
121.0
110.0
123.0
122.0
160.0
118.0
111.0
124.0
114.0
161.0
113.0
157.0
117.0
160.0
320.0
167.0
114.0
166.0
120.0
160.0
118.0
159.0
183.0
117.0
166.0
121.0
160.0
114.0
155.0
116.0
160.0
117.0
165.0
116.0
162.0
115.0
160.0
122.0
164.0
109.0
158.0
119.0
375.0
158.0
119.0
162.0
117.0
114.0
102.0
162.0
115.0
123.0
160.0
112.0
162.0
118.0
164.0
119.0
157.0
104.0
120.0
117.0
120.0
118.0
161.0
118.0
160.0
120.0
157.0
115.0
156.0
114.0
155.0
118.0
118.0
113.0
161.0
121.0
160.0
120.0
125.0
154.0
116.0
163.0
118.0
157.0
117.0
121.0
167.0
203.0
160.0
117.0
119.0
159.0
115.0
135.0
194.0
123.0
123.0
157.0
116.0
155.0
119.0
163.0
114.0
123.0
164.0
112.0
156.0
120.0
121.0
162.0
120.0
114.0
162.0
117.0
161.0
117.0
119.0
158.0
129.0
160.0
119.0
160.0
118.0
115.0
122.0
112.0
123.0
160.0
125.0
155.0
117.0
168.0
116.0
157.0
125.0
164.0
121.0
162.0
111.0
157.0
118.0
158.0
118.0
161.0
114.0
154.0
120.0
163.0
113.0
160.0
120.0
160.0
118.0
116.0
160.0
121.0
162.0
117.0
116.0
155.0
119.0
162.0
122.0
156.0
98.0
160.0
122.0
166.0
123.0
161.0
116.0
123.0
114.0
117.0
163.0
118.0
157.0
119.0
121.0
160.0
122.0
160.0
118.0
161.0
122.0
157.0
108.0
154.0
120.0
158.0
117.0
121.0
119.0
121.0
161.0
117.0
160.0
117.0
161.0
119.0
115.0
116.0
122.0
158.0
124.0
117.0
119.0
123.0
161.0
118.0
121.0
382.0
161.0
112.0
157.0
121.0
160.0
114.0
124.0
161.0
114.0
155.0
116.0
160.0
117.0
162.0
119.0
118.0
108.0
117.0
164.0
117.0
111.0
164.0
118.0
121.0
161.0
117.0
110.0
122.0
156.0
122.0
161.0
120.0
159.0
116.0
110.0
163.0
126.0
157.0
114.0
157.0
117.0
121.0
113.0
164.0
123.0
155.0
122.0
122.0
161.0
122.0
117.0
120.0
119.0
161.0
119.0
162.0
119.0
157.0
118.0
160.0
117.0
162.0
116.0
119.0
165.0
114.0
158.0
125.0
164.0
115.0
160.0
124.0
120.0
162.0
106.0
101.0
168.0
118.0
166.0
108.0
164.0
113.0
122.0
157.0
121.0
118.0
120.0
116.0
121.0
156.0
122.0
117.0
161.0
120.0
158.0
116.0
156.0
216.0
159.0
427.0
165.0
122.0
158.0
116.0
160.0
117.0
117.0
157.0
113.0
160.0
111.0
157.0
121.0
160.0
118.0
121.0
158.0
116.0
123.0
161.0
114.0
157.0
118.0
164.0
114.0
117.0
163.0
113.0
157.0
122.0
162.0
109.0
168.0
119.0
115.0
110.0
163.0
119.0
115.0
165.0
214.0
116.0
112.0
119.0
125.0
163.0
114.0
161.0
118.0
113.0
120.0
157.0
117.0
161.0
115.0
157.0
118.0
114.0
157.0
124.0
165.0
119.0
117.0
118.0
157.0
123.0
122.0
163.0
118.0
119.0
117.0
122.0
119.0
120.0
116.0
112.0
160.0
117.0
114.0
123.0
160.0
107.0
119.0
160.0
109.0
157.0
120.0
159.0
121.0
119.0
117.0
154.0
119.0
157.0
178.0
118.0
162.0
115.0
121.0
116.0
161.0
121.0
162.0
118.0
160.0
110.0
162.0
123.0
162.0
114.0
163.0
114.0
160.0
379.0
161.0
210.0
118.0
167.0
115.0
117.0
160.0
116.0
160.0
123.0
116.0
114.0
161.0
113.0
114.0
155.0
121.0
158.0
117.0
162.0
158.0
116.0
162.0
110.0
162.0
121.0
117.0
159.0
109.0
121.0
114.0
121.0
115.0
162.0
110.0
162.0
116.0
142.0
157.0
120.0
120.0
121.0
158.0
121.0
121.0
117.0
123.0
114.0
118.0
158.0
120.0
117.0
120.0
109.0
117.0
155.0
112.0
157.0
121.0
121.0
160.0
118.0
116.0
121.0
120.0
118.0
164.0
116.0
116.0
159.0
114.0
109.0
162.0
118.0
118.0
116.0
154.0
125.0
119.0
155.0
118.0
155.0
111.0
114.0
158.0
116.0
165.0
116.0
157.0
110.0
158.0
120.0
121.0
117.0
162.0
122.0
161.0
119.0
157.0
119.0
118.0
118.0
155.0
118.0
109.0
112.0
160.0
114.0
109.0
117.0
165.0
118.0
121.0
122.0
162.0
107.0
121.0
124.0
160.0
120.0
118.0
115.0
162.0
119.0
122.0
110.0
160.0
111.0
115.0
160.0
185.0
163.0
93.0
161.0
109.0
156.0
120.0
116.0
160.0
115.0
117.0
160.0
122.0
161.0
120.0
341.0
161.0
125.0
119.0
114.0
107.0
116.0
158.0
125.0
162.0
121.0
114.0
120.0
160.0
117.0
120.0
107.0
118.0
116.0
156.0
110.0
160.0
117.0
121.0
121.0
160.0
121.0
162.0
122.0
120.0
165.0
119.0
158.0
120.0
118.0
113.0
116.0
161.0
115.0
157.0
113.0
164.0
115.0
123.0
106.0
157.0
116.0
116.0
163.0
117.0
154.0
122.0
122.0
162.0
517.0
165.0
116.0
103.0
162.0
114.0
110.0
119.0
157.0
121.0
157.0
112.0
161.0
121.0
164.0
118.0
161.0
125.0
165.0
114.0
160.0
121.0
120.0
117.0
162.0
118.0
120.0
126.0
107.0
160.0
124.0
121.0
160.0
117.0
121.0
163.0
121.0
120.0
161.0
116.0
160.0
123.0
162.0
116.0
162.0
116.0
160.0
121.0
116.0
157.0
122.0
111.0
117.0
119.0
118.0
120.0
161.0
120.0
157.0
110.0
157.0
115.0
160.0
120.0
161.0
101.0
160.0
117.0
160.0
118.0
100.0
164.0
124.0
118.0
123.0
120.0
157.0
120.0
122.0
166.0
122.0
184.0
159.0
117.0
157.0
113.0
154.0
118.0
125.0
121.0
158.0
121.0
156.0
109.0
157.0
119.0
158.0
124.0
158.0
116.0
120.0
156.0
123.0
117.0
157.0
120.0
163.0
116.0
157.0
118.0
160.0
116.0
118.0
116.0
120.0
119.0
163.0
118.0
161.0
119.0
159.0
120.0
164.0
117.0
114.0
158.0
117.0
122.0
121.0
157.0
102.0
115.0
121.0
117.0
158.0
116.0
161.0
112.0
160.0
126.0
161.0
122.0
116.0
117.0
154.0
117.0
161.0
116.0
121.0
162.0
121.0
124.0
162.0
121.0
167.0
120.0
117.0
162.0
119.0
123.0
123.0
162.0
98.0
165.0
121.0
161.0
117.0
110.0
118.0
113.0
160.0
120.0
121.0
110.0
150.0
164.0
141.0
116.0
158.0
118.0
165.0
118.0
118.0
117.0
158.0
122.0
158.0
117.0
110.0
161.0
117.0
160.0
118.0
161.0
120.0
158.0
110.0
115.0
109.0
158.0
119.0
165.0
117.0
118.0
156.0
121.0
161.0
332.0
162.0
117.0
160.0
116.0
160.0
121.0
117.0
121.0
162.0
117.0
161.0
122.0
158.0
119.0
122.0
161.0
115.0
90.0
163.0
118.0
162.0
121.0
107.0
116.0
117.0
160.0
119.0
162.0
120.0
120.0
122.0
456.0
120.0
161.0
118.0
165.0
118.0
158.0
119.0
121.0
468.0
157.0
117.0
160.0
114.0
157.0
113.0
160.0
122.0
115.0
161.0
119.0
157.0
117.0
120.0
157.0
114.0
160.0
114.0
160.0
112.0
120.0
163.0
112.0
114.0
114.0
107.0
121.0
157.0
112.0
162.0
118.0
161.0
114.0
157.0
111.0
561.0
117.0
164.0
113.0
162.0
114.0
158.0
118.0
162.0
113.0
116.0
152.0
114.0
156.0
108.0
113.0
159.0
122.0
157.0
122.0
159.0
109.0
123.0
162.0
126.0
162.0
120.0
161.0
119.0
167.0
117.0
162.0
116.0
162.0
117.0
158.0
133.0
165.0
117.0
112.0
157.0
117.0
118.0
156.0
117.0
117.0
118.0
161.0
116.0
162.0
117.0
162.0
124.0
122.0
114.0
159.0
113.0
157.0
115.0
120.0
114.0
156.0
116.0
121.0
158.0
123.0
123.0
164.0
118.0
118.0
104.0
155.0
97.0
118.0
160.0
109.0
121.0
163.0
115.0
114.0
162.0
119.0
117.0
162.0
117.0
122.0
160.0
116.0
117.0
159.0
118.0
160.0
114.0
159.0
121.0
118.0
118.0
118.0
160.0
116.0
117.0
157.0
120.0
160.0
119.0
158.0
213.0
157.0
116.0
109.0
164.0
111.0
109.0
162.0
116.0
160.0
97.0
119.0
117.0
157.0
119.0
157.0
117.0
162.0
116.0
160.0
123.0
118.0
157.0
125.0
157.0
120.0
163.0
122.0
117.0
157.0
125.0
119.0
158.0
124.0
160.0
123.0
160.0
117.0
162.0
114.0
107.0
120.0
155.0
120.0
118.0
115.0
247.0
121.0
116.0
160.0
117.0
121.0
121.0
160.0
101.0
117.0
164.0
108.0
160.0
123.0
117.0
157.0
122.0
155.0
120.0
160.0
119.0
117.0
157.0
119.0
161.0
117.0
158.0
133.0
164.0
116.0
154.0
115.0
114.0
118.0
158.0
112.0
118.0
163.0
360.0
160.0
117.0
122.0
157.0
116.0
158.0
116.0
164.0
119.0
156.0
114.0
155.0
115.0
160.0
118.0
160.0
117.0
164.0
119.0
162.0
117.0
161.0
124.0
115.0
162.0
117.0
160.0
108.0
159.0
100.0
162.0
112.0
119.0
155.0
126.0
166.0
117.0
120.0
159.0
119.0
158.0
117.0
157.0
120.0
107.0
158.0
114.0
120.0
160.0
114.0
118.0
117.0
118.0
369.0
160.0
117.0
121.0
118.0
160.0
122.0
161.0
121.0
116.0
162.0
119.0
113.0
155.0
121.0
154.0
120.0
114.0
119.0
154.0
118.0
109.0
158.0
116.0
161.0
113.0
158.0
97.0
157.0
117.0
158.0
117.0
154.0
124.0
120.0
121.0
158.0
114.0
118.0
161.0
117.0
107.0
120.0
157.0
120.0
158.0
116.0
157.0
122.0
160.0
119.0
118.0
117.0
165.0
117.0
156.0
117.0
114.0
159.0
204.0
117.0
161.0
105.0
159.0
117.0
160.0
109.0
119.0
162.0
122.0
114.0
116.0
163.0
178.0
78.0
171.0
97.0
123.0
164.0
123.0
121.0
158.0
117.0
114.0
122.0
119.0
122.0
117.0
119.0
158.0
120.0
162.0
118.0
109.0
155.0
119.0
120.0
162.0
121.0
162.0
117.0
158.0
111.0
162.0
122.0
166.0
118.0
160.0
117.0
157.0
119.0
119.0
117.0
114.0
120.0
113.0
118.0
163.0
105.0
99.0
119.0
162.0
114.0
156.0
115.0
115.0
112.0
162.0
114.0
157.0
115.0
504.0
162.0
125.0
121.0
125.0
117.0
116.0
117.0
160.0
117.0
162.0
120.0
160.0
117.0
159.0
121.0
160.0
112.0
116.0
115.0
155.0
117.0
165.0
107.0
124.0
117.0
120.0
156.0
125.0
117.0
158.0
121.0
160.0
118.0
155.0
111.0
113.0
160.0
114.0
114.0
117.0
162.0
116.0
118.0
116.0
109.0
164.0
117.0
165.0
117.0
161.0
123.0
161.0
114.0
113.0
397.0
165.0
121.0
160.0
116.0
161.0
116.0
176.0
271.0
159.0
117.0
161.0
111.0
122.0
117.0
117.0
162.0
119.0
158.0
374.0
165.0
121.0
161.0
115.0
114.0
158.0
117.0
157.0
116.0
160.0
120.0
124.0
121.0
114.0
118.0
162.0
118.0
157.0
124.0
116.0
117.0
156.0
116.0
160.0
116.0
155.0
115.0
162.0
118.0
161.0
122.0
164.0
123.0
155.0
104.0
165.0
107.0
157.0
122.0
157.0
117.0
160.0
117.0
157.0
120.0
418.0
160.0
118.0
162.0
113.0
161.0
121.0
157.0
123.0
118.0
154.0
115.0
117.0
159.0
118.0
160.0
125.0
116.0
121.0
162.0
123.0
112.0
158.0
118.0
165.0
110.0
160.0
119.0
111.0
114.0
117.0
161.0
121.0
118.0
121.0
116.0
160.0
123.0
159.0
119.0
119.0
162.0
112.0
162.0
118.0
392.0
162.0
115.0
155.0
116.0
114.0
117.0
122.0
115.0
115.0
155.0
118.0
161.0
116.0
117.0
164.0
116.0
116.0
160.0
118.0
161.0
119.0
163.0
117.0
121.0
124.0
117.0
158.0
100.0
121.0
118.0
121.0
122.0
162.0
121.0
123.0
157.0
105.0
162.0
118.0
162.0
122.0
158.0
123.0
159.0
119.0
160.0
127.0
160.0
117.0
118.0
122.0
158.0
119.0
160.0
112.0
157.0
118.0
156.0
117.0
114.0
160.0
344.0
158.0
119.0
114.0
157.0
121.0
162.0
119.0
160.0
121.0
161.0
116.0
123.0
165.0
114.0
158.0
121.0
160.0
123.0
160.0
122.0
163.0
128.0
160.0
114.0
121.0
114.0
116.0
162.0
118.0
156.0
117.0
116.0
157.0
122.0
118.0
119.0
161.0
113.0
153.0
121.0
162.0
116.0
116.0
155.0
121.0
159.0
117.0
116.0
161.0
123.0
118.0
165.0
120.0
124.0
158.0
117.0
117.0
160.0
112.0
167.0
119.0
315.0
161.0
102.0
111.0
158.0
117.0
169.0
122.0
118.0
118.0
116.0
121.0
162.0
109.0
118.0
162.0
116.0
160.0
114.0
116.0
158.0
119.0
162.0
106.0
122.0
162.0
116.0
161.0
119.0
119.0
160.0
118.0
160.0
116.0
121.0
160.0
249.0
567.0
156.0
122.0
118.0
157.0
117.0
160.0
119.0
121.0
161.0
120.0
160.0
120.0
190.0
162.0
111.0
162.0
122.0
122.0
116.0
162.0
115.0
120.0
164.0
116.0
163.0
108.0
164.0
121.0
158.0
118.0
120.0
117.0
156.0
121.0
155.0
117.0
168.0
116.0
161.0
122.0
110.0
160.0
117.0
158.0
117.0
117.0
156.0
117.0
119.0
96.0
167.0
122.0
118.0
158.0
117.0
117.0
163.0
112.0
160.0
111.0
122.0
115.0
165.0
115.0
166.0
126.0
165.0
117.0
116.0
119.0
160.0
108.0
118.0
120.0
105.0
117.0
156.0
120.0
119.0
116.0
162.0
116.0
122.0
160.0
117.0
162.0
114.0
156.0
115.0
169.0
115.0
120.0
157.0
118.0
123.0
165.0
117.0
123.0
117.0
169.0
160.0
112.0
116.0
157.0
122.0
162.0
104.0
158.0
111.0
156.0
120.0
117.0
155.0
122.0
160.0
115.0
129.0
162.0
125.0
159.0
111.0
121.0
118.0
162.0
119.0
118.0
111.0
117.0
162.0
118.0
158.0
118.0
165.0
119.0
484.0
162.0
117.0
158.0
112.0
111.0
163.0
122.0
155.0
104.0
119.0
153.0
116.0
119.0
155.0
117.0
120.0
154.0
116.0
117.0
161.0
114.0
114.0
118.0
151.0
122.0
162.0
121.0
111.0
162.0
114.0
162.0
243.0
158.0
114.0
164.0
121.0
122.0
157.0
120.0
161.0
121.0
162.0
118.0
161.0
120.0
155.0
114.0
164.0
117.0
153.0
118.0
117.0
154.0
112.0
118.0
115.0
121.0
157.0
118.0
122.0
160.0
122.0
161.0
96.0
163.0
114.0
117.0
158.0
117.0
116.0
119.0
161.0
114.0
175.0
123.0
120.0
115.0
159.0
121.0
161.0
119.0
117.0
161.0
170.0
116.0
162.0
120.0
117.0
119.0
117.0
119.0
157.0
118.0
162.0
117.0
121.0
158.0
110.0
166.0
121.0
117.0
156.0
119.0
161.0
116.0
120.0
122.0
158.0
121.0
157.0
118.0
118.0
166.0
114.0
116.0
165.0
118.0
124.0
160.0
112.0
119.0
122.0
161.0
120.0
163.0
126.0
157.0
115.0
157.0
120.0
122.0
157.0
125.0
160.0
114.0
160.0
117.0
118.0
116.0
126.0
162.0
118.0
118.0
120.0
166.0
114.0
115.0
160.0
117.0
214.0
113.0
165.0
112.0
116.0
114.0
118.0
113.0
116.0
161.0
119.0
155.0
116.0
117.0
162.0
118.0
122.0
119.0
122.0
116.0
118.0
120.0
121.0
160.0
118.0
164.0
122.0
162.0
115.0
119.0
160.0
117.0
160.0
118.0
164.0
120.0
116.0
161.0
115.0
154.0
117.0
162.0
117.0
161.0
117.0
119.0
162.0
118.0
155.0
112.0
154.0
114.0
161.0
119.0
160.0
116.0
160.0
110.0
156.0
117.0
121.0
122.0
160.0
111.0
162.0
110.0
163.0
114.0
158.0
121.0
119.0
114.0
386.0
162.0
122.0
115.0
162.0
123.0
160.0
123.0
112.0
162.0
119.0
109.0
158.0
104.0
162.0
114.0
164.0
122.0
123.0
160.0
118.0
162.0
122.0
116.0
117.0
114.0
165.0
119.0
118.0
123.0
157.0
122.0
158.0
119.0
118.0
120.0
164.0
117.0
160.0
120.0
161.0
119.0
112.0
163.0
119.0
162.0
113.0
158.0
117.0
157.0
123.0
158.0
115.0
116.0
120.0
110.0
118.0
119.0
126.0
123.0
111.0
157.0
115.0
157.0
105.0
157.0
109.0
160.0
117.0
120.0
124.0
160.0
118.0
119.0
156.0
117.0
164.0
118.0
119.0
158.0
126.0
160.0
119.0
158.0
107.0
117.0
113.0
112.0
161.0
121.0
122.0
121.0
121.0
162.0
117.0
114.0
171.0
123.0
156.0
126.0
116.0
163.0
114.0
117.0
161.0
108.0
115.0
160.0
123.0
156.0
119.0
113.0
120.0
114.0
157.0
117.0
164.0
119.0
117.0
160.0
123.0
122.0
163.0
112.0
122.0
158.0
116.0
157.0
118.0
117.0
160.0
119.0
117.0
120.0
121.0
111.0
158.0
118.0
157.0
115.0
117.0
156.0
112.0
160.0
121.0
158.0
123.0
162.0
147.0
162.0
101.0
157.0
119.0
154.0
121.0
118.0
162.0
117.0
158.0
120.0
160.0
120.0
163.0
121.0
117.0
119.0
130.0
161.0
121.0
160.0
118.0
160.0
119.0
160.0
120.0
115.0
158.0
117.0
121.0
158.0
121.0
162.0
120.0
180.0
162.0
118.0
121.0
161.0
118.0
158.0
113.0
162.0
114.0
122.0
157.0
90.0
166.0
116.0
123.0
154.0
117.0
86.0
164.0
114.0
122.0
112.0
121.0
118.0
117.0
160.0
118.0
121.0
157.0
117.0
162.0
121.0
118.0
118.0
121.0
164.0
111.0
163.0
122.0
114.0
118.0
446.0
157.0
121.0
122.0
158.0
114.0
120.0
119.0
163.0
117.0
123.0
122.0
122.0
116.0
114.0
164.0
116.0
523.0
125.0
119.0
364.0
157.0
117.0
156.0
118.0
158.0
118.0
156.0
275.0
161.0
117.0
119.0
118.0
157.0
113.0
161.0
120.0
118.0
160.0
118.0
117.0
158.0
115.0
158.0
123.0
160.0
117.0
92.0
161.0
114.0
105.0
160.0
118.0
117.0
112.0
158.0
120.0
162.0
124.0
160.0
117.0
156.0
121.0
122.0
121.0
162.0
119.0
161.0
62.0
187.0
116.0
160.0
114.0
125.0
160.0
123.0
124.0
164.0
115.0
118.0
120.0
117.0
120.0
113.0
156.0
118.0
120.0
121.0
122.0
120.0
162.0
119.0
162.0
116.0
160.0
113.0
115.0
158.0
118.0
162.0
117.0
109.0
160.0
119.0
162.0
126.0
157.0
114.0
112.0
158.0
126.0
160.0
118.0
162.0
116.0
160.0
120.0
117.0
161.0
112.0
160.0
122.0
119.0
165.0
118.0
118.0
164.0
117.0
118.0
157.0
110.0
160.0
120.0
117.0
118.0
162.0
122.0
166.0
118.0
161.0
126.0
162.0
118.0
120.0
121.0
168.0
114.0
161.0
112.0
160.0
115.0
158.0
118.0
157.0
116.0
158.0
115.0
160.0
119.0
160.0
120.0
157.0
121.0
161.0
121.0
120.0
160.0
114.0
159.0
114.0
158.0
124.0
161.0
119.0
156.0
120.0
157.0
117.0
160.0
122.0
162.0
117.0
125.0
109.0
158.0
117.0
158.0
116.0
114.0
162.0
117.0
157.0
116.0
116.0
123.0
117.0
105.0
121.0
157.0
109.0
158.0
118.0
168.0
117.0
160.0
118.0
167.0
116.0
155.0
122.0
113.0
125.0
164.0
116.0
168.0
114.0
120.0
160.0
113.0
157.0
124.0
161.0
114.0
118.0
120.0
159.0
120.0
162.0
117.0
114.0
156.0
117.0
157.0
101.0
158.0
116.0
113.0
160.0
119.0
160.0
112.0
162.0
121.0
160.0
117.0
166.0
116.0
158.0
115.0
160.0
125.0
156.0
117.0
116.0
160.0
122.0
157.0
117.0
121.0
112.0
159.0
367.0
160.0
125.0
113.0
119.0
120.0
121.0
107.0
165.0
120.0
158.0
129.0
162.0
115.0
162.0
117.0
157.0
114.0
118.0
118.0
124.0
117.0
162.0
116.0
160.0
119.0
157.0
118.0
162.0
116.0
113.0
119.0
122.0
117.0
161.0
116.0
114.0
122.0
159.0
113.0
161.0
116.0
156.0
433.0
165.0
115.0
161.0
116.0
162.0
117.0
160.0
121.0
162.0
123.0
155.0
120.0
158.0
123.0
161.0
120.0
114.0
118.0
160.0
122.0
160.0
117.0
158.0
110.0
98.0
160.0
532.0
159.0
125.0
162.0
109.0
112.0
122.0
116.0
156.0
117.0
161.0
112.0
113.0
105.0
158.0
118.0
161.0
530.0
158.0
117.0
158.0
121.0
114.0
164.0
116.0
162.0
111.0
120.0
157.0
122.0
160.0
124.0
161.0
124.0
122.0
156.0
114.0
153.0
121.0
161.0
118.0
162.0
110.0
155.0
117.0
121.0
118.0
114.0
162.0
117.0
162.0
120.0
161.0
117.0
158.0
122.0
122.0
112.0
162.0
116.0
119.0
119.0
157.0
119.0
117.0
156.0
115.0
157.0
123.0
162.0
421.0
122.0
119.0
118.0
158.0
115.0
157.0
114.0
102.0
156.0
119.0
158.0
116.0
116.0
164.0
122.0
121.0
157.0
124.0
162.0
121.0
113.0
121.0
162.0
121.0
118.0
162.0
115.0
111.0
164.0
125.0
120.0
162.0
121.0
160.0
118.0
160.0
119.0
111.0
161.0
129.0
118.0
161.0
123.0
155.0
116.0
118.0
158.0
117.0
160.0
116.0
156.0
117.0
161.0
110.0
155.0
121.0
109.0
122.0
164.0
114.0
105.0
115.0
120.0
121.0
119.0
162.0
114.0
164.0
121.0
157.0
115.0
160.0
121.0
116.0
158.0
122.0
121.0
155.0
122.0
114.0
157.0
109.0
160.0
117.0
121.0
122.0
161.0
118.0
162.0
118.0
156.0
107.0
160.0
117.0
161.0
119.0
119.0
165.0
119.0
162.0
118.0
162.0
117.0
160.0
117.0
123.0
119.0
120.0
157.0
117.0
160.0
116.0
117.0
162.0
114.0
161.0
118.0
154.0
114.0
161.0
117.0
121.0
160.0
112.0
162.0
119.0
121.0
114.0
161.0
119.0
122.0
117.0
117.0
109.0
117.0
154.0
110.0
164.0
116.0
157.0
121.0
121.0
154.0
118.0
114.0
157.0
111.0
113.0
120.0
120.0
108.0
154.0
124.0
160.0
122.0
121.0
157.0
118.0
121.0
117.0
121.0
113.0
101.0
162.0
113.0
161.0
117.0
164.0
112.0
113.0
158.0
114.0
112.0
158.0
118.0
116.0
160.0
112.0
162.0
184.0
115.0
158.0
120.0
156.0
113.0
163.0
122.0
122.0
163.0
128.0
108.0
113.0
164.0
118.0
114.0
163.0
118.0
118.0
159.0
121.0
162.0
114.0
161.0
97.0
166.0
126.0
116.0
157.0
119.0
101.0
161.0
117.0
161.0
129.0
163.0
117.0
117.0
157.0
114.0
121.0
113.0
107.0
160.0
109.0
118.0
160.0
117.0
162.0
118.0
120.0
163.0
119.0
114.0
160.0
117.0
370.0
122.0
167.0
113.0
155.0
112.0
161.0
112.0
113.0
161.0
122.0
160.0
121.0
113.0
158.0
117.0
160.0
117.0
110.0
158.0
121.0
114.0
166.0
104.0
164.0
114.0
156.0
119.0
158.0
120.0
160.0
122.0
161.0
117.0
116.0
160.0
105.0
118.0
158.0
116.0
111.0
157.0
118.0
118.0
114.0
164.0
118.0
115.0
120.0
116.0
162.0
121.0
164.0
118.0
161.0
119.0
159.0
117.0
120.0
182.0
118.0
119.0
110.0
160.0
116.0
161.0
122.0
121.0
166.0
117.0
161.0
116.0
114.0
117.0
163.0
120.0
160.0
122.0
113.0
127.0
164.0
121.0
158.0
125.0
120.0
115.0
167.0
121.0
157.0
117.0
123.0
116.0
162.0
514.0
164.0
112.0
163.0
112.0
163.0
113.0
111.0
120.0
162.0
122.0
123.0
155.0
122.0
118.0
163.0
98.0
161.0
123.0
168.0
123.0
117.0
118.0
163.0
118.0
161.0
117.0
121.0
116.0
120.0
160.0
121.0
118.0
162.0
118.0
110.0
161.0
118.0
121.0
157.0
116.0
120.0
165.0
122.0
157.0
118.0
116.0
162.0
117.0
158.0
115.0
118.0
165.0
117.0
159.0
115.0
116.0
162.0
120.0
157.0
121.0
111.0
162.0
119.0
165.0
114.0
114.0
156.0
115.0
162.0
116.0
118.0
122.0
158.0
122.0
157.0
118.0
158.0
117.0
166.0
124.0
117.0
157.0
117.0
155.0
114.0
160.0
120.0
160.0
106.0
160.0
117.0
160.0
112.0
121.0
162.0
123.0
162.0
118.0
121.0
119.0
210.0
161.0
117.0
159.0
119.0
117.0
156.0
116.0
162.0
116.0
156.0
121.0
118.0
118.0
160.0
122.0
161.0
116.0
116.0
121.0
119.0
112.0
161.0
119.0
109.0
160.0
116.0
160.0
110.0
107.0
158.0
117.0
161.0
122.0
161.0
117.0
160.0
118.0
118.0
121.0
162.0
113.0
115.0
162.0
116.0
164.0
119.0
165.0
124.0
114.0
162.0
118.0
162.0
112.0
226.0
121.0
157.0
120.0
110.0
117.0
123.0
121.0
116.0
114.0
162.0
118.0
116.0
157.0
117.0
119.0
164.0
126.0
161.0
120.0
117.0
120.0
114.0
160.0
118.0
116.0
162.0
119.0
116.0
120.0
115.0
120.0
114.0
165.0
120.0
115.0
113.0
120.0
113.0
163.0
117.0
123.0
112.0
160.0
117.0
113.0
117.0
161.0
119.0
158.0
120.0
165.0
115.0
162.0
119.0
160.0
109.0
119.0
163.0
117.0
119.0
163.0
115.0
119.0
160.0
124.0
157.0
120.0
109.0
118.0
160.0
124.0
443.0
160.0
119.0
117.0
113.0
125.0
114.0
117.0
158.0
114.0
156.0
121.0
162.0
117.0
157.0
119.0
165.0
115.0
113.0
157.0
111.0
119.0
120.0
114.0
113.0
121.0
160.0
117.0
161.0
124.0
122.0
157.0
117.0
157.0
118.0
162.0
117.0
165.0
121.0
161.0
117.0
159.0
120.0
158.0
118.0
120.0
161.0
119.0
122.0
162.0
118.0
158.0
122.0
155.0
124.0
155.0
118.0
162.0
115.0
121.0
117.0
122.0
107.0
156.0
122.0
117.0
451.0
113.0
117.0
157.0
117.0
160.0
117.0
119.0
161.0
116.0
158.0
121.0
161.0
120.0
118.0
114.0
153.0
118.0
157.0
121.0
182.0
122.0
155.0
121.0
115.0
163.0
113.0
161.0
116.0
160.0
114.0
121.0
116.0
157.0
121.0
161.0
115.0
160.0
469.0
115.0
123.0
158.0
118.0
164.0
120.0
156.0
119.0
151.0
122.0
107.0
120.0
161.0
120.0
124.0
120.0
113.0
160.0
115.0
113.0
159.0
108.0
160.0
102.0
164.0
116.0
121.0
117.0
157.0
518.0
164.0
114.0
123.0
160.0
119.0
157.0
117.0
161.0
118.0
157.0
121.0
121.0
162.0
118.0
120.0
157.0
123.0
160.0
119.0
164.0
119.0
162.0
120.0
119.0
161.0
119.0
162.0
119.0
123.0
161.0
116.0
162.0
117.0
122.0
117.0
121.0
120.0
123.0
161.0
122.0
118.0
159.0
117.0
162.0
124.0
121.0
162.0
117.0
157.0
117.0
156.0
113.0
113.0
119.0
161.0
121.0
164.0
119.0
157.0
118.0
158.0
110.0
164.0
116.0
116.0
117.0
160.0
114.0
114.0
165.0
121.0
163.0
121.0
157.0
120.0
112.0
114.0
117.0
120.0
106.0
160.0
122.0
109.0
166.0
121.0
114.0
129.0
164.0
124.0
156.0
116.0
125.0
114.0
112.0
157.0
116.0
163.0
126.0
117.0
119.0
158.0
118.0
117.0
118.0
118.0
156.0
117.0
119.0
157.0
123.0
164.0
115.0
118.0
153.0
123.0
524.0
160.0
109.0
122.0
118.0
114.0
158.0
119.0
159.0
111.0
120.0
121.0
157.0
121.0
158.0
119.0
122.0
160.0
122.0
158.0
119.0
118.0
165.0
120.0
162.0
121.0
123.0
160.0
112.0
158.0
120.0
118.0
360.0
166.0
108.0
121.0
159.0
106.0
113.0
117.0
154.0
121.0
119.0
121.0
120.0
123.0
165.0
116.0
162.0
118.0
160.0
114.0
160.0
123.0
117.0
116.0
119.0
118.0
122.0
120.0
119.0
122.0
125.0
161.0
118.0
119.0
112.0
119.0
159.0
113.0
121.0
155.0
117.0
118.0
122.0
164.0
120.0
121.0
123.0
123.0
126.0
158.0
125.0
124.0
156.0
117.0
162.0
178.0
119.0
155.0
116.0
119.0
121.0
162.0
122.0
163.0
88.0
166.0
115.0
111.0
118.0
158.0
114.0
160.0
118.0
111.0
161.0
120.0
114.0
163.0
118.0
119.0
121.0
117.0
160.0
117.0
120.0
121.0
122.0
106.0
160.0
118.0
115.0
162.0
109.0
118.0
114.0
245.0
159.0
116.0
119.0
109.0
161.0
124.0
112.0
116.0
120.0
121.0
162.0
117.0
163.0
114.0
121.0
160.0
114.0
161.0
113.0
117.0
160.0
118.0
121.0
155.0
118.0
157.0
122.0
123.0
107.0
163.0
118.0
160.0
118.0
119.0
119.0
160.0
120.0
154.0
117.0
158.0
119.0
114.0
162.0
117.0
161.0
112.0
116.0
162.0
116.0
152.0
115.0
117.0
161.0
122.0
121.0
161.0
114.0
160.0
117.0
158.0
122.0
121.0
117.0
159.0
176.0
164.0
125.0
116.0
114.0
161.0
118.0
118.0
110.0
117.0
122.0
116.0
583.0
161.0
119.0
119.0
165.0
115.0
434.0
160.0
117.0
100.0
163.0
120.0
107.0
121.0
158.0
116.0
164.0
117.0
121.0
116.0
117.0
123.0
160.0
120.0
160.0
119.0
160.0
123.0
162.0
116.0
161.0
121.0
115.0
120.0
160.0
122.0
119.0
128.0
160.0
115.0
161.0
118.0
121.0
182.0
120.0
157.0
118.0
164.0
115.0
158.0
120.0
159.0
117.0
111.0
90.0
166.0
117.0
114.0
120.0
161.0
124.0
162.0
115.0
161.0
113.0
162.0
122.0
113.0
117.0
118.0
114.0
157.0
116.0
119.0
113.0
165.0
119.0
161.0
116.0
164.0
116.0
162.0
122.0
122.0
160.0
117.0
153.0
122.0
164.0
122.0
160.0
123.0
117.0
159.0
123.0
163.0
117.0
157.0
110.0
163.0
116.0
114.0
114.0
160.0
119.0
122.0
118.0
162.0
121.0
161.0
122.0
118.0
116.0
118.0
419.0
164.0
208.0
114.0
114.0
159.0
118.0
121.0
165.0
119.0
155.0
121.0
118.0
123.0
117.0
161.0
114.0
116.0
117.0
159.0
112.0
117.0
117.0
162.0
114.0
117.0
116.0
162.0
118.0
161.0
112.0
118.0
122.0
164.0
120.0
116.0
125.0
118.0
112.0
116.0
114.0
163.0
333.0
158.0
125.0
111.0
162.0
112.0
115.0
122.0
156.0
113.0
160.0
121.0
161.0
123.0
118.0
119.0
165.0
115.0
115.0
166.0
119.0
118.0
157.0
119.0
119.0
161.0
122.0
118.0
161.0
114.0
124.0
108.0
160.0
120.0
162.0
122.0
158.0
119.0
159.0
197.0
160.0
121.0
159.0
117.0
121.0
165.0
119.0
112.0
115.0
117.0
329.0
160.0
122.0
121.0
123.0
121.0
117.0
158.0
118.0
116.0
158.0
120.0
122.0
119.0
161.0
118.0
162.0
121.0
160.0
120.0
120.0
167.0
122.0
162.0
118.0
117.0
119.0
359.0
114.0
161.0
123.0
163.0
127.0
158.0
117.0
160.0
117.0
162.0
109.0
113.0
158.0
112.0
160.0
119.0
124.0
115.0
118.0
115.0
117.0
124.0
117.0
117.0
161.0
119.0
118.0
163.0
109.0
162.0
123.0
114.0
162.0
114.0
120.0
154.0
114.0
116.0
114.0
113.0
240.0
159.0
120.0
118.0
113.0
119.0
122.0
160.0
122.0
157.0
121.0
162.0
120.0
166.0
119.0
164.0
117.0
165.0
121.0
162.0
112.0
114.0
117.0
123.0
110.0
157.0
117.0
164.0
125.0
121.0
114.0
160.0
264.0
121.0
114.0
118.0
120.0
162.0
119.0
115.0
114.0
154.0
112.0
118.0
153.0
114.0
158.0
117.0
129.0
111.0
162.0
103.0
161.0
121.0
157.0
117.0
160.0
119.0
122.0
162.0
123.0
118.0
160.0
117.0
163.0
114.0
159.0
115.0
121.0
102.0
114.0
165.0
115.0
88.0
165.0
117.0
125.0
160.0
121.0
118.0
165.0
116.0
166.0
119.0
160.0
114.0
161.0
113.0
112.0
117.0
158.0
109.0
120.0
120.0
120.0
120.0
117.0
165.0
121.0
118.0
158.0
119.0
118.0
121.0
107.0
119.0
162.0
116.0
164.0
118.0
167.0
121.0
120.0
161.0
118.0
442.0
114.0
120.0
163.0
122.0
121.0
166.0
122.0
160.0
120.0
121.0
117.0
122.0
164.0
123.0
121.0
160.0
115.0
157.0
121.0
117.0
119.0
119.0
118.0
120.0
161.0
125.0
158.0
116.0
493.0
167.0
119.0
163.0
124.0
122.0
119.0
162.0
122.0
160.0
106.0
124.0
157.0
118.0
159.0
122.0
114.0
125.0
154.0
109.0
156.0
120.0
161.0
115.0
159.0
121.0
158.0
106.0
160.0
104.0
163.0
109.0
156.0
114.0
160.0
115.0
123.0
162.0
116.0
115.0
121.0
117.0
158.0
117.0
154.0
120.0
119.0
119.0
120.0
161.0
110.0
121.0
122.0
164.0
120.0
123.0
164.0
119.0
158.0
120.0
163.0
118.0
540.0
157.0
119.0
165.0
111.0
158.0
118.0
118.0
104.0
120.0
164.0
111.0
121.0
113.0
117.0
119.0
121.0
161.0
119.0
122.0
117.0
121.0
160.0
117.0
121.0
110.0
116.0
118.0
156.0
121.0
157.0
120.0
112.0
162.0
117.0
160.0
124.0
119.0
159.0
117.0
115.0
158.0
116.0
160.0
119.0
163.0
120.0
156.0
116.0
109.0
121.0
115.0
158.0
119.0
160.0
113.0
118.0
123.0
116.0
160.0
124.0
161.0
118.0
160.0
120.0
164.0
112.0
119.0
160.0
116.0
160.0
124.0
164.0
121.0
122.0
117.0
118.0
166.0
125.0
97.0
123.0
162.0
118.0
161.0
121.0
165.0
120.0
165.0
122.0
161.0
117.0
164.0
119.0
121.0
167.0
118.0
162.0
114.0
157.0
117.0
121.0
160.0
118.0
125.0
118.0
120.0
161.0
115.0
157.0
123.0
161.0
123.0
157.0
116.0
154.0
113.0
111.0
162.0
111.0
161.0
119.0
155.0
116.0
158.0
117.0
116.0
164.0
116.0
155.0
116.0
117.0
163.0
116.0
157.0
118.0
117.0
112.0
160.0
121.0
122.0
160.0
123.0
160.0
117.0
158.0
106.0
158.0
120.0
188.0
122.0
119.0
164.0
121.0
161.0
124.0
114.0
157.0
109.0
114.0
158.0
117.0
113.0
160.0
120.0
172.0
123.0
164.0
118.0
161.0
121.0
164.0
105.0
162.0
120.0
163.0
120.0
161.0
117.0
117.0
164.0
120.0
118.0
157.0
118.0
111.0
162.0
123.0
162.0
117.0
164.0
114.0
158.0
116.0
107.0
119.0
153.0
118.0
160.0
118.0
119.0
161.0
113.0
114.0
117.0
122.0
156.0
117.0
162.0
119.0
160.0
98.0
162.0
118.0
122.0
119.0
114.0
108.0
114.0
118.0
157.0
117.0
205.0
121.0
158.0
122.0
164.0
120.0
117.0
117.0
160.0
113.0
114.0
165.0
110.0
160.0
114.0
114.0
125.0
161.0
122.0
165.0
119.0
115.0
110.0
160.0
119.0
121.0
119.0
121.0
120.0
164.0
109.0
158.0
112.0
163.0
110.0
119.0
163.0
117.0
119.0
161.0
122.0
157.0
123.0
121.0
119.0
161.0
116.0
116.0
120.0
121.0
162.0
118.0
161.0
125.0
158.0
116.0
117.0
161.0
112.0
113.0
101.0
162.0
124.0
160.0
119.0
161.0
119.0
158.0
120.0
116.0
117.0
123.0
166.0
119.0
163.0
121.0
122.0
160.0
116.0
162.0
107.0
161.0
121.0
164.0
111.0
120.0
118.0
119.0
119.0
160.0
105.0
160.0
119.0
122.0
118.0
117.0
164.0
109.0
124.0
158.0
118.0
158.0
123.0
158.0
125.0
118.0
217.0
117.0
157.0
114.0
116.0
118.0
161.0
116.0
120.0
153.0
116.0
118.0
122.0
155.0
122.0
165.0
119.0
121.0
122.0
160.0
210.0
120.0
153.0
117.0
156.0
117.0
157.0
114.0
118.0
164.0
109.0
165.0
115.0
162.0
118.0
116.0
160.0
118.0
160.0
122.0
163.0
115.0
156.0
117.0
161.0
121.0
164.0
117.0
160.0
117.0
160.0
119.0
160.0
107.0
164.0
113.0
114.0
158.0
122.0
121.0
158.0
119.0
157.0
114.0
98.0
116.0
158.0
117.0
114.0
123.0
118.0
164.0
258.0
118.0
159.0
118.0
164.0
116.0
158.0
117.0
158.0
119.0
160.0
118.0
160.0
117.0
114.0
160.0
106.0
116.0
119.0
113.0
114.0
153.0
118.0
163.0
121.0
160.0
122.0
116.0
154.0
119.0
122.0
116.0
126.0
117.0
115.0
116.0
119.0
164.0
108.0
161.0
119.0
118.0
163.0
121.0
157.0
122.0
160.0
117.0
166.0
122.0
164.0
114.0
161.0
119.0
109.0
115.0
160.0
105.0
158.0
119.0
121.0
160.0
114.0
160.0
117.0
166.0
121.0
164.0
119.0
116.0
114.0
161.0
119.0
162.0
116.0
166.0
116.0
161.0
118.0
162.0
120.0
160.0
118.0
157.0
489.0
166.0
115.0
117.0
117.0
160.0
121.0
158.0
107.0
158.0
118.0
119.0
157.0
116.0
110.0
157.0
117.0
119.0
162.0
119.0
157.0
114.0
161.0
107.0
117.0
160.0
118.0
114.0
117.0
154.0
116.0
122.0
160.0
119.0
121.0
118.0
160.0
123.0
116.0
120.0
116.0
