-2.928061163446415
223.9407999738136
-1.810480566711144
-4.045641760181686
63.00919404393457
0.4246806267593979
-5.163222356916957
-4.045641760181686
-7.398383550387499
-2.928061163446415
2.65984182022994
-6.280802953652228
0.4246806267593979
-5.163222356916957
-2.928061163446415
0.4246806267593979
2.65984182022994
-6.280802953652228
-2.928061163446415
1.5422612234946689
23.89387315820009
1.5422612234946689
-11.868705937328583
-0.6928999699758731
-1.810480566711144
-14.103867130799125
6.012583610435753
-0.6928999699758731
-0.6928999699758731
140.12225521866827
1.5422612234946689
-6.280802953652228
4.895003013700482
17.188389577788463
206.05951042604926
20.541131367994275
-0.6928999699758731
7.130164207171024
6.012583610435753
-1.810480566711144
-1.810480566711144
-1.810480566711144
-2.928061163446415
0.4246806267593979
506.68869094783713
-1.810480566711144
60.77403285046403
-4.045641760181686
-9.63354474385804
-11.868705937328583
-1.810480566711144
4.895003013700482
-0.6928999699758731
-1.810480566711144
-4.045641760181686
-1.810480566711144
-2.928061163446415
4.895003013700482
-2.928061163446415
1.5422612234946689
0.4246806267593979
507.80627154457244
1.5422612234946689
-6.280802953652228
-2.928061163446415
-4.045641760181686
-2.928061163446415
327.8757954701938
1.5422612234946689
-7.398383550387499
4.895003013700482
1.5422612234946689
-15.221447727534397
-0.6928999699758731
-2.928061163446415
-4.045641760181686
-12.986286534063854
1.5422612234946689
0.4246806267593979
1.5422612234946689
-0.6928999699758731
-1.810480566711144
-5.163222356916957
-10.751125340593312
-1.810480566711144
4.895003013700482
-0.6928999699758731
-0.6928999699758731
402.75369545145696
-6.280802953652228
1.5422612234946689
-33.10273727529873
1.5422612234946689
-0.6928999699758731
7.130164207171024
-8.51596414712277
4.895003013700482
-1.810480566711144
-1.810480566711144
1.5422612234946689
6.012583610435753
2.65984182022994
423.9877267894271
1.5422612234946689
1.5422612234946689
1.5422612234946689
-5.163222356916957
4.895003013700482
-18.57418951774021
-5.163222356916957
1.5422612234946689
-12.986286534063854
-2.928061163446415
-5.163222356916957
4.895003013700482
-5.163222356916957
350.2274074048992
1.5422612234946689
-2.928061163446415
52.950968673317135
-0.6928999699758731
0.4246806267593979
2.65984182022994
1.5422612234946689
0.4246806267593979
1.5422612234946689
-6.280802953652228
-2.928061163446415
521.2172387053956
-0.6928999699758731
40.65758210922915
-9.63354474385804
-9.63354474385804
-2.928061163446415
60.77403285046403
-4.045641760181686
1.5422612234946689
4.895003013700482
0.4246806267593979
1.5422612234946689
2.65984182022994
99.88935373619852
-0.6928999699758731
0.4246806267593979
0.4246806267593979
1.5422612234946689
-7.398383550387499
2.65984182022994
4.895003013700482
-0.6928999699758731
429.57562977310346
438.51627454698564
-5.163222356916957
-0.6928999699758731
2.65984182022994
122.24096567090393
-5.163222356916957
-1.810480566711144
-2.928061163446415
102.12451492966906
-1.810480566711144
-2.928061163446415
-4.045641760181686
-2.928061163446415
1.5422612234946689
216.1177357966667
57.42129106025822
-2.928061163446415
-0.6928999699758731
-4.045641760181686
-1.810480566711144
-1.810480566711144
-1.810480566711144
-0.6928999699758731
-1.810480566711144
-6.280802953652228
242.93967011831322
0.4246806267593979
236.23418653790156
-4.045641760181686
1.5422612234946689
-4.045641760181686
-8.51596414712277
-1.810480566711144
1.5422612234946689
-2.928061163446415
-7.398383550387499
-4.045641760181686
596.0951386866589
-2.928061163446415
4.895003013700482
-1.810480566711144
-6.280802953652228
-4.045641760181686
-2.928061163446415
21.658711964729548
114.41790149375704
1.5422612234946689
-1.810480566711144
-7.398383550387499
-4.045641760181686
-7.398383550387499
-0.6928999699758731
-1.810480566711144
3.777422416965211
527.9227222858073
-7.398383550387499
-0.6928999699758731
90.94870896231635
2.65984182022994
-5.163222356916957
-1.810480566711144
-5.163222356916957
-1.810480566711144
1.5422612234946689
1.5422612234946689
-0.6928999699758731
-10.751125340593312
-0.6928999699758731
1.5422612234946689
22.776292561464818
-7.398383550387499
-2.928061163446415
-5.163222356916957
-2.928061163446415
-1.810480566711144
1.5422612234946689
0.4246806267593979
-2.928061163446415
-7.398383550387499
25.01145375493536
-2.928061163446415
-4.045641760181686
1.5422612234946689
96.5366119459927
1.5422612234946689
-4.045641760181686
-1.810480566711144
-5.163222356916957
-1.810480566711144
51.83338807658186
1.5422612234946689
-1.810480566711144
78.65532239822836
4.895003013700482
1.5422612234946689
-1.810480566711144
-2.928061163446415
-4.045641760181686
-0.6928999699758731
445.22175812739727
1.5422612234946689
-8.51596414712277
577.0962685421592
4.895003013700482
-2.928061163446415
1.5422612234946689
4.895003013700482
-2.928061163446415
-12.986286534063854
-6.280802953652228
-0.6928999699758731
1.5422612234946689
1.5422612234946689
-10.751125340593312
-5.163222356916957
-5.163222356916957
-1.810480566711144
-5.163222356916957
-2.928061163446415
-11.868705937328583
-1.810480566711144
1.5422612234946689
-2.928061163446415
2.65984182022994
4.895003013700482
86.47838657537527
-1.810480566711144
-1.810480566711144
4.895003013700482
-0.6928999699758731
-5.163222356916957
-2.928061163446415
-10.751125340593312
-1.810480566711144
4.895003013700482
-0.6928999699758731
-0.6928999699758731
82.00806418843418
-7.398383550387499
221.70563878034307
0.4246806267593979
-1.810480566711144
-7.398383550387499
-1.810480566711144
-1.810480566711144
-2.928061163446415
6.012583610435753
-11.868705937328583
1.5422612234946689
-0.6928999699758731
-4.045641760181686
-8.51596414712277
0.4246806267593979
-1.810480566711144
-8.51596414712277
1.5422612234946689
-4.045641760181686
-7.398383550387499
-18.57418951774021
-0.6928999699758731
-4.045641760181686
4.895003013700482
1.5422612234946689
30.599356738611714
22.776292561464818
0.4246806267593979
3.777422416965211
22.776292561464818
1.5422612234946689
-7.398383550387499
0.4246806267593979
-1.810480566711144
1.5422612234946689
67.47951643087566
-1.810480566711144
-2.928061163446415
-4.045641760181686
31.716937335346987
-2.928061163446415
-7.398383550387499
-0.6928999699758731
-5.163222356916957
19.423550771259006
556.9798178009244
-4.045641760181686
-1.810480566711144
428.4580491763682
541.3336894466306
-5.163222356916957
1.5422612234946689
0.4246806267593979
0.4246806267593979
2.65984182022994
-7.398383550387499
4.895003013700482
-9.63354474385804
-10.751125340593312
4.895003013700482
-11.868705937328583
21.658711964729548
-7.398383550387499
18.305970174523733
-0.6928999699758731
-2.928061163446415
1.5422612234946689
285.4077327942535
-5.163222356916957
56.30371046352295
2.65984182022994
0.4246806267593979
-1.810480566711144
4.895003013700482
-1.810480566711144
-0.6928999699758731
-0.6928999699758731
1.5422612234946689
65.24435523740512
-2.928061163446415
-2.928061163446415
92.06628955905163
181.4727372978733
-1.810480566711144
-1.810480566711144
-25.279673098151836
-5.163222356916957
-5.163222356916957
58.53887165699349
-1.810480566711144
60.77403285046403
-0.6928999699758731
1.5422612234946689
-4.045641760181686
2.65984182022994
-2.928061163446415
0.4246806267593979
0.4246806267593979
0.4246806267593979
565.9204625748065
-6.280802953652228
0.4246806267593979
-1.810480566711144
381.5196641134868
-8.51596414712277
102.12451492966906
-4.045641760181686
483.21949841639645
-2.928061163446415
-0.6928999699758731
-12.986286534063854
17.188389577788463
-5.163222356916957
0.4246806267593979
-1.810480566711144
1.5422612234946689
55.186129866787674
131.18161044478612
-5.163222356916957
-5.163222356916957
4.895003013700482
-9.63354474385804
191.53096266849073
-1.810480566711144
-2.928061163446415
1.5422612234946689
708.9707789569212
2.65984182022994
-4.045641760181686
1.5422612234946689
-5.163222356916957
0.4246806267593979
-20.80935071121075
-0.6928999699758731
-2.928061163446415
161.35628655663842
6.012583610435753
1.5422612234946689
-26.397253694887105
-1.810480566711144
-0.6928999699758731
-0.6928999699758731
-0.6928999699758731
17.188389577788463
1.5422612234946689
0.4246806267593979
-0.6928999699758731
588.272074509512
430.6932103698387
64.12677464066985
-1.810480566711144
2.65984182022994
-0.6928999699758731
377.0493417265457
-2.928061163446415
4.895003013700482
-2.928061163446415
-4.045641760181686
-5.163222356916957
80.89048359169891
-2.928061163446415
-12.986286534063854
-4.045641760181686
-2.928061163446415
1.5422612234946689
-1.810480566711144
-6.280802953652228
1.5422612234946689
-10.751125340593312
-18.57418951774021
-6.280802953652228
1.5422612234946689
2.65984182022994
-8.51596414712277
-7.398383550387499
52.950968673317135
0.4246806267593979
-6.280802953652228
-1.810480566711144
-8.51596414712277
-0.6928999699758731
-7.398383550387499
40.65758210922915
-8.51596414712277
99.88935373619852
-0.6928999699758731
-1.810480566711144
1.5422612234946689
4.895003013700482
-0.6928999699758731
-0.6928999699758731
-6.280802953652228
-4.045641760181686
-5.163222356916957
-1.810480566711144
-1.810480566711144
-0.6928999699758731
-6.280802953652228
-7.398383550387499
-1.810480566711144
3.777422416965211
-0.6928999699758731
1.5422612234946689
-2.928061163446415
-7.398383550387499
2.65984182022994
-2.928061163446415
-0.6928999699758731
-1.810480566711144
-4.045641760181686
-2.928061163446415
1.5422612234946689
1.5422612234946689
-0.6928999699758731
4.895003013700482
2.65984182022994
0.4246806267593979
-8.51596414712277
-1.810480566711144
1.5422612234946689
-1.810480566711144
-6.280802953652228
1.5422612234946689
73.067419414552
1.5422612234946689
6.012583610435753
-1.810480566711144
4.895003013700482
0.4246806267593979
-6.280802953652228
-5.163222356916957
0.4246806267593979
0.4246806267593979
-5.163222356916957
-4.045641760181686
1.5422612234946689
1.5422612234946689
1.5422612234946689
-1.810480566711144
1.5422612234946689
-4.045641760181686
-0.6928999699758731
-4.045641760181686
-0.6928999699758731
0.4246806267593979
-2.928061163446415
-4.045641760181686
1.5422612234946689
-2.928061163446415
-7.398383550387499
488.8074014000728
-1.810480566711144
4.895003013700482
-4.045641760181686
-1.810480566711144
-1.810480566711144
-6.280802953652228
303.28902234201786
-0.6928999699758731
4.895003013700482
-6.280802953652228
-1.810480566711144
76.42016120475783
-2.928061163446415
-4.045641760181686
1.5422612234946689
-2.928061163446415
-12.986286534063854
-8.51596414712277
-2.928061163446415
-1.810480566711144
1.5422612234946689
-5.163222356916957
-4.045641760181686
23.89387315820009
-0.6928999699758731
-16.339028324269666
-2.928061163446415
-4.045641760181686
4.895003013700482
2.65984182022994
6.012583610435753
1.5422612234946689
-0.6928999699758731
-2.928061163446415
1.5422612234946689
1.5422612234946689
2.65984182022994
0.4246806267593979
2.65984182022994
1.5422612234946689
1.5422612234946689
-2.928061163446415
1.5422612234946689
420.6349849992213
65.24435523740512
-0.6928999699758731
-1.810480566711144
-0.6928999699758731
-4.045641760181686
-12.986286534063854
50.715807479846596
1.5422612234946689
-4.045641760181686
-1.810480566711144
96.5366119459927
-38.69064025897509
2.65984182022994
-0.6928999699758731
-1.810480566711144
-8.51596414712277
1.5422612234946689
-0.6928999699758731
279.8198298105771
-4.045641760181686
-1.810480566711144
61.891613447199305
-2.928061163446415
-10.751125340593312
1.5422612234946689
-4.045641760181686
-12.986286534063854
-5.163222356916957
-6.280802953652228
59.65645225372876
118.88822388069812
1.5422612234946689
-1.810480566711144
-6.280802953652228
-6.280802953652228
-2.928061163446415
1.5422612234946689
-0.6928999699758731
-5.163222356916957
-5.163222356916957
20.541131367994275
2.65984182022994
-2.928061163446415
1.5422612234946689
-0.6928999699758731
-1.810480566711144
-5.163222356916957
2.65984182022994
1.5422612234946689
2.65984182022994
2.65984182022994
4.895003013700482
-1.810480566711144
489.92498199680807
2.65984182022994
0.4246806267593979
-5.163222356916957
-1.810480566711144
142.3574164121388
1.5422612234946689
-17.45660892100494
-6.280802953652228
-0.6928999699758731
-4.045641760181686
-2.928061163446415
-1.810480566711144
-2.928061163446415
-4.045641760181686
1.5422612234946689
7.130164207171024
-4.045641760181686
17.188389577788463
-0.6928999699758731
-0.6928999699758731
-1.810480566711144
418.39982380575077
1.5422612234946689
6.012583610435753
-4.045641760181686
-6.280802953652228
6.012583610435753
-6.280802953652228
337.93402084081123
-0.6928999699758731
1.5422612234946689
-0.6928999699758731
0.4246806267593979
39.54000151249388
-2.928061163446415
0.4246806267593979
-4.045641760181686
435.16353275677983
7.130164207171024
-2.928061163446415
-4.045641760181686
-11.868705937328583
-5.163222356916957
-4.045641760181686
-9.63354474385804
-1.810480566711144
-0.6928999699758731
-5.163222356916957
-10.751125340593312
2.65984182022994
-2.928061163446415
-8.51596414712277
23.89387315820009
-0.6928999699758731
-1.810480566711144
-1.810480566711144
1.5422612234946689
-0.6928999699758731
63.00919404393457
9.365325400641566
0.4246806267593979
-2.928061163446415
4.895003013700482
204.94192982931398
-0.6928999699758731
-2.928061163446415
-1.810480566711144
-2.928061163446415
-8.51596414712277
-6.280802953652228
0.4246806267593979
-4.045641760181686
-0.6928999699758731
-7.398383550387499
1.5422612234946689
-4.045641760181686
-2.928061163446415
-1.810480566711144
-8.51596414712277
-2.928061163446415
-0.6928999699758731
-1.810480566711144
1.5422612234946689
-5.163222356916957
-1.810480566711144
59.65645225372876
-6.280802953652228
-0.6928999699758731
2.65984182022994
4.895003013700482
4.895003013700482
-1.810480566711144
144.59257760560936
63.00919404393457
-5.163222356916957
23.89387315820009
1.5422612234946689
-0.6928999699758731
-0.6928999699758731
0.4246806267593979
-1.810480566711144
-2.928061163446415
-1.810480566711144
4.895003013700482
159.1211253631679
-0.6928999699758731
-1.810480566711144
-4.045641760181686
2.65984182022994
-10.751125340593312
171.41451192725586
-5.163222356916957
2.65984182022994
-5.163222356916957
-1.810480566711144
16.07080898105319
575.978687945424
-4.045641760181686
-10.751125340593312
118.88822388069812
-8.51596414712277
-2.928061163446415
517.8644969151899
4.895003013700482
60.77403285046403
2.65984182022994
0.4246806267593979
-1.810480566711144
68.59709702761093
-6.280802953652228
-12.986286534063854
0.4246806267593979
506.68869094783713
-12.986286534063854
-1.810480566711144
-11.868705937328583
0.4246806267593979
2.65984182022994
-1.810480566711144
-6.280802953652228
2.65984182022994
2.65984182022994
-0.6928999699758731
0.4246806267593979
-6.280802953652228
-2.928061163446415
0.4246806267593979
-0.6928999699758731
-2.928061163446415
0.4246806267593979
-9.63354474385804
-8.51596414712277
-5.163222356916957
67.47951643087566
-1.810480566711144
-2.928061163446415
6.012583610435753
208.2946716195198
0.4246806267593979
-0.6928999699758731
-4.045641760181686
-5.163222356916957
4.895003013700482
476.5140148359848
1.5422612234946689
6.012583610435753
-0.6928999699758731
-0.6928999699758731
-2.928061163446415
-4.045641760181686
1.5422612234946689
2.65984182022994
-12.986286534063854
-0.6928999699758731
-0.6928999699758731
-2.928061163446415
290.99563577792986
-0.6928999699758731
7.130164207171024
-4.045641760181686
1.5422612234946689
-4.045641760181686
77.5377418014931
-7.398383550387499
-9.63354474385804
-1.810480566711144
-4.045641760181686
-5.163222356916957
7.130164207171024
-0.6928999699758731
6.012583610435753
2.65984182022994
0.4246806267593979
-1.810480566711144
-2.928061163446415
-4.045641760181686
-2.928061163446415
-5.163222356916957
0.4246806267593979
-0.6928999699758731
-9.63354474385804
135.65193283172718
-0.6928999699758731
2.65984182022994
-25.279673098151836
2.65984182022994
-8.51596414712277
-1.810480566711144
-4.045641760181686
1.5422612234946689
-1.810480566711144
2.65984182022994
-5.163222356916957
-1.810480566711144
-0.6928999699758731
0.4246806267593979
-1.810480566711144
0.4246806267593979
0.4246806267593979
-8.51596414712277
0.4246806267593979
-10.751125340593312
1.5422612234946689
249.64515369872484
-1.810480566711144
-9.63354474385804
6.012583610435753
-4.045641760181686
-2.928061163446415
-1.810480566711144
-1.810480566711144
1.5422612234946689
-0.6928999699758731
2.65984182022994
-4.045641760181686
-7.398383550387499
-0.6928999699758731
2.65984182022994
122.24096567090393
-4.045641760181686
1.5422612234946689
0.4246806267593979
-1.810480566711144
-4.045641760181686
7.130164207171024
-5.163222356916957
25.01145375493536
-2.928061163446415
9.365325400641566
7.130164207171024
2.65984182022994
-1.810480566711144
1.5422612234946689
0.4246806267593979
-7.398383550387499
-6.280802953652228
45.12790449617024
-5.163222356916957
-8.51596414712277
1.5422612234946689
-2.928061163446415
-1.810480566711144
-18.57418951774021
-2.928061163446415
-2.928061163446415
68.59709702761093
335.69885964734067
2.65984182022994
1.5422612234946689
-4.045641760181686
1.5422612234946689
2.65984182022994
-8.51596414712277
-2.928061163446415
-1.810480566711144
0.4246806267593979
-5.163222356916957
-0.6928999699758731
-11.868705937328583
1.5422612234946689
95.41903134925744
0.4246806267593979
-0.6928999699758731
-6.280802953652228
2.65984182022994
-1.810480566711144
-2.928061163446415
1.5422612234946689
0.4246806267593979
-4.045641760181686
-0.6928999699758731
2.65984182022994
35.069679125552796
-1.810480566711144
-1.810480566711144
4.895003013700482
-2.928061163446415
1.5422612234946689
85.36080597863999
1.5422612234946689
-4.045641760181686
-0.6928999699758731
-20.80935071121075
-1.810480566711144
-1.810480566711144
-5.163222356916957
0.4246806267593979
-1.810480566711144
-0.6928999699758731
-2.928061163446415
-10.751125340593312
-4.045641760181686
-1.810480566711144
-2.928061163446415
153.53322237949152
-0.6928999699758731
-2.928061163446415
-5.163222356916957
3.777422416965211
-6.280802953652228
-4.045641760181686
-4.045641760181686
-1.810480566711144
-1.810480566711144
-2.928061163446415
4.895003013700482
-7.398383550387499
-2.928061163446415
-0.6928999699758731
1.5422612234946689
463.1030476751616
-7.398383550387499
-1.810480566711144
1.5422612234946689
-7.398383550387499
1.5422612234946689
82.00806418843418
-7.398383550387499
95.41903134925744
-1.810480566711144
-2.928061163446415
409.4591790318686
-8.51596414712277
-0.6928999699758731
-1.810480566711144
4.895003013700482
-4.045641760181686
-2.928061163446415
-2.928061163446415
-1.810480566711144
-2.928061163446415
-0.6928999699758731
-6.280802953652228
-16.339028324269666
-0.6928999699758731
-2.928061163446415
-1.810480566711144
4.895003013700482
1.5422612234946689
9.365325400641566
-4.045641760181686
-2.928061163446415
1.5422612234946689
203.82434923257873
-1.810480566711144
-2.928061163446415
1.5422612234946689
4.895003013700482
-2.928061163446415
0.4246806267593979
1.5422612234946689
-6.280802953652228
1.5422612234946689
-0.6928999699758731
4.895003013700482
-0.6928999699758731
-6.280802953652228
-4.045641760181686
-5.163222356916957
446.3393387241325
25.01145375493536
0.4246806267593979
323.40547308325273
-1.810480566711144
1.5422612234946689
2.65984182022994
-0.6928999699758731
-2.928061163446415
-1.810480566711144
-4.045641760181686
724.616907311215
-35.337898468769275
-1.810480566711144
-9.63354474385804
-1.810480566711144
1.5422612234946689
-15.221447727534397
199.35402684563763
-0.6928999699758731
-0.6928999699758731
-1.810480566711144
-1.810480566711144
-4.045641760181686
-0.6928999699758731
-5.163222356916957
-8.51596414712277
434.0459521600445
-1.810480566711144
-5.163222356916957
-1.810480566711144
1.5422612234946689
1.5422612234946689
23.89387315820009
-4.045641760181686
97.65419254272797
-15.221447727534397
4.895003013700482
527.9227222858073
2.65984182022994
1.5422612234946689
0.4246806267593979
-0.6928999699758731
-0.6928999699758731
-2.928061163446415
-1.810480566711144
-0.6928999699758731
-2.928061163446415
-0.6928999699758731
-1.810480566711144
4.895003013700482
-4.045641760181686
0.4246806267593979
7.130164207171024
-7.398383550387499
46.24548509290551
-2.928061163446415
-0.6928999699758731
-1.810480566711144
313.3472477126353
4.895003013700482
6.012583610435753
-0.6928999699758731
-4.045641760181686
-9.63354474385804
-0.6928999699758731
-9.63354474385804
-0.6928999699758731
0.4246806267593979
4.895003013700482
0.4246806267593979
-7.398383550387499
122.24096567090393
-0.6928999699758731
11.600486594112107
-5.163222356916957
-2.928061163446415
-1.810480566711144
-5.163222356916957
-0.6928999699758731
-7.398383550387499
-0.6928999699758731
-4.045641760181686
-0.6928999699758731
6.012583610435753
-2.928061163446415
240.70450892484266
-0.6928999699758731
-0.6928999699758731
-1.810480566711144
-8.51596414712277
1.5422612234946689
-0.6928999699758731
4.895003013700482
-1.810480566711144
-0.6928999699758731
-0.6928999699758731
-1.810480566711144
1.5422612234946689
-7.398383550387499
-2.928061163446415
412.8119208220744
-7.398383550387499
-5.163222356916957
-1.810480566711144
-7.398383550387499
-2.928061163446415
355.8153103885756
0.4246806267593979
-7.398383550387499
-0.6928999699758731
1.5422612234946689
-5.163222356916957
-0.6928999699758731
-1.810480566711144
-2.928061163446415
159.1211253631679
-6.280802953652228
112.1827403002865
2.65984182022994
116.65306268722757
-4.045641760181686
-0.6928999699758731
1.5422612234946689
0.4246806267593979
-9.63354474385804
-2.928061163446415
3.777422416965211
27.246614948405902
-2.928061163446415
2.65984182022994
-0.6928999699758731
-4.045641760181686
-0.6928999699758731
-1.810480566711144
1.5422612234946689
-0.6928999699758731
1.5422612234946689
3.777422416965211
-0.6928999699758731
-2.928061163446415
1.5422612234946689
-1.810480566711144
-2.928061163446415
0.4246806267593979
-2.928061163446415
-16.339028324269666
-5.163222356916957
55.186129866787674
55.186129866787674
4.895003013700482
-8.51596414712277
1.5422612234946689
6.012583610435753
-2.928061163446415
-0.6928999699758731
-5.163222356916957
-1.810480566711144
4.895003013700482
-4.045641760181686
4.895003013700482
-2.928061163446415
1.5422612234946689
-2.928061163446415
-1.810480566711144
-6.280802953652228
-0.6928999699758731
31.716937335346987
-0.6928999699758731
-1.810480566711144
-2.928061163446415
-7.398383550387499
6.012583610435753
-1.810480566711144
-5.163222356916957
1.5422612234946689
-1.810480566711144
1.5422612234946689
-1.810480566711144
-6.280802953652228
-2.928061163446415
-6.280802953652228
-10.751125340593312
0.4246806267593979
0.4246806267593979
6.012583610435753
-0.6928999699758731
-1.810480566711144
-2.928061163446415
4.895003013700482
-5.163222356916957
1.5422612234946689
2.65984182022994
2.65984182022994
0.4246806267593979
-6.280802953652228
-1.810480566711144
-1.810480566711144
-5.163222356916957
1.5422612234946689
69.7146776243462
-1.810480566711144
-0.6928999699758731
-0.6928999699758731
-11.868705937328583
6.012583610435753
0.4246806267593979
-7.398383550387499
63.00919404393457
-0.6928999699758731
22.776292561464818
2.65984182022994
120.0058044774334
1.5422612234946689
66.36193583414038
-1.810480566711144
0.4246806267593979
-0.6928999699758731
-2.928061163446415
1.5422612234946689
-1.810480566711144
1.5422612234946689
248.52757310198956
1.5422612234946689
1.5422612234946689
33.95209852881753
4.895003013700482
4.895003013700482
-1.810480566711144
60.77403285046403
-4.045641760181686
0.4246806267593979
66.36193583414038
1.5422612234946689
1.5422612234946689
588.272074509512
29.481776141876445
58.53887165699349
-9.63354474385804
-1.810480566711144
-1.810480566711144
-2.928061163446415
-2.928061163446415
1.5422612234946689
-5.163222356916957
-6.280802953652228
1.5422612234946689
-1.810480566711144
-2.928061163446415
-9.63354474385804
-1.810480566711144
4.895003013700482
-2.928061163446415
-5.163222356916957
2.65984182022994
-19.69177011447548
21.658711964729548
-0.6928999699758731
0.4246806267593979
-6.280802953652228
-5.163222356916957
16.07080898105319
4.895003013700482
1.5422612234946689
0.4246806267593979
-10.751125340593312
1.5422612234946689
0.4246806267593979
-0.6928999699758731
-26.397253694887105
1.5422612234946689
-5.163222356916957
104.35967612313961
4.895003013700482
2.65984182022994
-21.92693130794602
4.895003013700482
69.7146776243462
0.4246806267593979
2.65984182022994
0.4246806267593979
-6.280802953652228
-4.045641760181686
-10.751125340593312
1.5422612234946689
58.53887165699349
-2.928061163446415
-8.51596414712277
2.65984182022994
-7.398383550387499
4.895003013700482
-37.573059662239814
-4.045641760181686
359.1680521787814
-1.810480566711144
-0.6928999699758731
0.4246806267593979
-1.810480566711144
-10.751125340593312
-6.280802953652228
1.5422612234946689
4.895003013700482
-2.928061163446415
-0.6928999699758731
192.648543265226
1.5422612234946689
2.65984182022994
-1.810480566711144
-10.751125340593312
-0.6928999699758731
-1.810480566711144
-2.928061163446415
-0.6928999699758731
-0.6928999699758731
-8.51596414712277
4.895003013700482
-1.810480566711144
-1.810480566711144
344.63950442122285
-0.6928999699758731
0.4246806267593979
-5.163222356916957
-19.69177011447548
-1.810480566711144
2.65984182022994
2.65984182022994
-0.6928999699758731
-5.163222356916957
1.5422612234946689
4.895003013700482
54.06854927005241
-0.6928999699758731
-0.6928999699758731
-2.928061163446415
-6.280802953652228
-0.6928999699758731
-1.810480566711144
-6.280802953652228
-0.6928999699758731
-1.810480566711144
-1.810480566711144
-1.810480566711144
-1.810480566711144
-1.810480566711144
0.4246806267593979
-2.928061163446415
2.65984182022994
-2.928061163446415
0.4246806267593979
-1.810480566711144
7.130164207171024
1.5422612234946689
2.65984182022994
-10.751125340593312
-6.280802953652228
-6.280802953652228
-2.928061163446415
-1.810480566711144
64.12677464066985
-2.928061163446415
-5.163222356916957
-0.6928999699758731
-6.280802953652228
2.65984182022994
1.5422612234946689
-2.928061163446415
1.5422612234946689
6.012583610435753
-7.398383550387499
-4.045641760181686
-0.6928999699758731
-1.810480566711144
-2.928061163446415
0.4246806267593979
2.65984182022994
0.4246806267593979
-1.810480566711144
-2.928061163446415
-5.163222356916957
1.5422612234946689
-1.810480566711144
-9.63354474385804
-4.045641760181686
-10.751125340593312
-1.810480566711144
2.65984182022994
-2.928061163446415
-2.928061163446415
-1.810480566711144
203.82434923257873
26.12903435167063
-26.397253694887105
-6.280802953652228
-7.398383550387499
0.4246806267593979
-4.045641760181686
-0.6928999699758731
201.58918803910817
2.65984182022994
-0.6928999699758731
-1.810480566711144
-5.163222356916957
-12.986286534063854
-1.810480566711144
4.895003013700482
-1.810480566711144
-1.810480566711144
0.4246806267593979
1.5422612234946689
419.517404402486
223.9407999738136
-4.045641760181686
4.895003013700482
-0.6928999699758731
-2.928061163446415
1.5422612234946689
-1.810480566711144
2.65984182022994
-2.928061163446415
-0.6928999699758731
-6.280802953652228
-1.810480566711144
-1.810480566711144
61.891613447199305
0.4246806267593979
47.36306568964078
331.2285372603996
-0.6928999699758731
-7.398383550387499
-2.928061163446415
-1.810480566711144
1.5422612234946689
-4.045641760181686
-2.928061163446415
1.5422612234946689
1.5422612234946689
202.70676863584345
-11.868705937328583
2.65984182022994
-5.163222356916957
-1.810480566711144
-10.751125340593312
-6.280802953652228
55.186129866787674
1.5422612234946689
-2.928061163446415
76.42016120475783
-2.928061163446415
-10.751125340593312
-5.163222356916957
61.891613447199305
-5.163222356916957
2.65984182022994
-4.045641760181686
-9.63354474385804
0.4246806267593979
-4.045641760181686
1.5422612234946689
6.012583610435753
4.895003013700482
-7.398383550387499
-1.810480566711144
-5.163222356916957
1.5422612234946689
-4.045641760181686
1.5422612234946689
86.47838657537527
-6.280802953652228
1.5422612234946689
-0.6928999699758731
-16.339028324269666
7.130164207171024
0.4246806267593979
-1.810480566711144
2.65984182022994
0.4246806267593979
1.5422612234946689
-0.6928999699758731
-0.6928999699758731
-2.928061163446415
6.012583610435753
-7.398383550387499
4.895003013700482
-15.221447727534397
23.89387315820009
-4.045641760181686
-1.810480566711144
-10.751125340593312
-6.280802953652228
4.895003013700482
-5.163222356916957
-12.986286534063854
-0.6928999699758731
-1.810480566711144
0.4246806267593979
1.5422612234946689
-21.92693130794602
170.29693133052058
63.00919404393457
4.895003013700482
423.9877267894271
2.65984182022994
-4.045641760181686
68.59709702761093
2.65984182022994
-16.339028324269666
-2.928061163446415
169.17935073378533
0.4246806267593979
-1.810480566711144
0.4246806267593979
0.4246806267593979
-0.6928999699758731
-1.810480566711144
78.65532239822836
-7.398383550387499
-6.280802953652228
-1.810480566711144
4.895003013700482
-2.928061163446415
-0.6928999699758731
-9.63354474385804
-12.986286534063854
-5.163222356916957
1.5422612234946689
0.4246806267593979
-2.928061163446415
1.5422612234946689
223.9407999738136
102.12451492966906
-1.810480566711144
363.6383745657225
2.65984182022994
1.5422612234946689
2.65984182022994
1.5422612234946689
89.83112836558108
-1.810480566711144
1.5422612234946689
0.4246806267593979
-2.928061163446415
-1.810480566711144
-2.928061163446415
-2.928061163446415
4.895003013700482
-12.986286534063854
-2.928061163446415
0.4246806267593979
-1.810480566711144
574.8611073486887
28.364195545141172
-0.6928999699758731
-4.045641760181686
-1.810480566711144
-6.280802953652228
1.5422612234946689
-1.810480566711144
1.5422612234946689
-11.868705937328583
-15.221447727534397
2.65984182022994
-2.928061163446415
-1.810480566711144
-1.810480566711144
-1.810480566711144
-1.810480566711144
2.65984182022994
-26.397253694887105
-1.810480566711144
4.895003013700482
0.4246806267593979
-1.810480566711144
-1.810480566711144
-1.810480566711144
-0.6928999699758731
152.41564178275624
1.5422612234946689
-5.163222356916957
-4.045641760181686
-0.6928999699758731
-7.398383550387499
-8.51596414712277
2.65984182022994
-1.810480566711144
9.365325400641566
-1.810480566711144
-5.163222356916957
-5.163222356916957
0.4246806267593979
-6.280802953652228
-2.928061163446415
-1.810480566711144
-0.6928999699758731
-16.339028324269666
-1.810480566711144
-0.6928999699758731
-1.810480566711144
-1.810480566711144
-5.163222356916957
-8.51596414712277
2.65984182022994
-4.045641760181686
-0.6928999699758731
-15.221447727534397
-8.51596414712277
-11.868705937328583
-5.163222356916957
-4.045641760181686
-12.986286534063854
60.77403285046403
-8.51596414712277
-4.045641760181686
-1.810480566711144
1.5422612234946689
-1.810480566711144
1.5422612234946689
-1.810480566711144
-1.810480566711144
1.5422612234946689
3.777422416965211
6.012583610435753
-0.6928999699758731
-2.928061163446415
51.83338807658186
-1.810480566711144
-1.810480566711144
55.186129866787674
-5.163222356916957
-7.398383550387499
2.65984182022994
-7.398383550387499
1.5422612234946689
-0.6928999699758731
-2.928061163446415
4.895003013700482
-2.928061163446415
-6.280802953652228
96.5366119459927
-1.810480566711144
158.0035447664326
-8.51596414712277
6.012583610435753
-6.280802953652228
-2.928061163446415
2.65984182022994
6.012583610435753
1.5422612234946689
1.5422612234946689
-8.51596414712277
-5.163222356916957
4.895003013700482
-4.045641760181686
-4.045641760181686
1.5422612234946689
-4.045641760181686
-9.63354474385804
-0.6928999699758731
-2.928061163446415
-0.6928999699758731
-11.868705937328583
-1.810480566711144
-18.57418951774021
2.65984182022994
-1.810480566711144
-5.163222356916957
4.895003013700482
4.895003013700482
-0.6928999699758731
-2.928061163446415
-4.045641760181686
0.4246806267593979
