5.381416203528085
-8.751596048161867
2.1199518377534803
203.2435877271874
-2.2286673166126585
-2.2286673166126585
-0.054357739429589096
72.78501309620323
-3.315822105204193
-0.054357739429589096
1.0327970491619456
-6.577286470978797
-5.490131682387262
2.1199518377534803
-8.751596048161867
-1.1415125280211238
56.477691267330215
-3.315822105204193
111.92258548549849
5.381416203528085
35.82175028409105
2.1199518377534803
-10.925905625344935
1.0327970491619456
-9.838750836753402
-6.577286470978797
-1.1415125280211238
-6.577286470978797
-7.6644412595703315
-5.490131682387262
90.17948971366779
-3.315822105204193
-2.2286673166126585
1.0327970491619456
-1.1415125280211238
2.1199518377534803
-7.6644412595703315
3.207106626345015
-3.315822105204193
1.0327970491619456
3.207106626345015
-1.1415125280211238
60.826310421696355
58.65200084451328
-18.53598914548568
1.0327970491619456
2.1199518377534803
56.477691267330215
-9.838750836753402
-1.1415125280211238
-1.1415125280211238
2.1199518377534803
59.73915563310482
-2.2286673166126585
3.207106626345015
-1.1415125280211238
-2.2286673166126585
57.56484605592175
-2.2286673166126585
-1.1415125280211238
1.0327970491619456
251.0783984252149
2.1199518377534803
-7.6644412595703315
-1.1415125280211238
246.72977927084878
1.0327970491619456
-14.18736999111954
2.1199518377534803
427.19747417704355
-1.1415125280211238
-4.402976893795728
-10.925905625344935
-2.2286673166126585
2.1199518377534803
-1.1415125280211238
515.2570120529579
-2.2286673166126585
3.207106626345015
2.1199518377534803
3.207106626345015
2.1199518377534803
421.7617002340859
-6.577286470978797
1.0327970491619456
55.39053647873868
4.29426141493655
3.207106626345015
-5.490131682387262
-0.054357739429589096
-2.2286673166126585
651.1513606268998
1.0327970491619456
-0.054357739429589096
3.207106626345015
-5.490131682387262
-1.1415125280211238
-3.315822105204193
-5.490131682387262
2.1199518377534803
56.477691267330215
6.468570992119619
-7.6644412595703315
3.207106626345015
-1.1415125280211238
2.1199518377534803
-2.2286673166126585
2.1199518377534803
-12.01306041393647
1.0327970491619456
-1.1415125280211238
-14.18736999111954
1.0327970491619456
2.1199518377534803
1.0327970491619456
-9.838750836753402
-14.18736999111954
3.207106626345015
-5.490131682387262
-1.1415125280211238
58.65200084451328
85.83087055930166
-2.2286673166126585
1.0327970491619456
5.381416203528085
-1.1415125280211238
-1.1415125280211238
426.110319388452
-19.623143934077213
2.1199518377534803
3.207106626345015
-5.490131682387262
-2.2286673166126585
94.52810886803393
2.1199518377534803
4.29426141493655
-1.1415125280211238
7.555725780711154
64.08777478747096
-0.054357739429589096
2.1199518377534803
1.0327970491619456
179.32618237817363
-1.1415125280211238
110.83543069690695
-2.2286673166126585
-2.2286673166126585
58.65200084451328
60.826310421696355
2.1199518377534803
-9.838750836753402
-6.577286470978797
-10.925905625344935
-1.1415125280211238
61.91346521028789
-3.315822105204193
-2.2286673166126585
-1.1415125280211238
56.477691267330215
-3.315822105204193
-1.1415125280211238
-0.054357739429589096
-1.1415125280211238
71.6978583076117
2.1199518377534803
130.40421689155457
-5.490131682387262
3.207106626345015
-3.315822105204193
-1.1415125280211238
-3.315822105204193
1.0327970491619456
-2.2286673166126585
-1.1415125280211238
-0.054357739429589096
2.1199518377534803
159.757396183526
5.381416203528085
-2.2286673166126585
-6.577286470978797
2.1199518377534803
-2.2286673166126585
-7.6644412595703315
126.05559773718844
-0.054357739429589096
-3.315822105204193
-7.6644412595703315
-4.402976893795728
-23.971763088443353
1.0327970491619456
-1.1415125280211238
-5.490131682387262
-4.402976893795728
64.08777478747096
-3.315822105204193
28.211666763950312
-3.315822105204193
354.3581033414107
120.61982379423077
-4.402976893795728
2.1199518377534803
-2.2286673166126585
2.1199518377534803
-0.054357739429589096
-2.2286673166126585
-17.448834356894142
-5.490131682387262
-0.054357739429589096
-3.315822105204193
-1.1415125280211238
192.37203984127206
-3.315822105204193
-5.490131682387262
-3.315822105204193
58.65200084451328
-0.054357739429589096
2.1199518377534803
-8.751596048161867
-2.2286673166126585
-1.1415125280211238
23.863047609584175
493.51391628112714
-0.054357739429589096
-0.054357739429589096
-3.315822105204193
-5.490131682387262
3.207106626345015
-4.402976893795728
277.17011335141177
-0.054357739429589096
26.037357186767245
-2.2286673166126585
-3.315822105204193
1.0327970491619456
-4.402976893795728
1.0327970491619456
-1.1415125280211238
-0.054357739429589096
-2.2286673166126585
1.0327970491619456
-0.054357739429589096
1.0327970491619456
2.1199518377534803
-2.2286673166126585
2.1199518377534803
-0.054357739429589096
-3.315822105204193
-3.315822105204193
1.0327970491619456
3.207106626345015
-7.6644412595703315
1.0327970491619456
1.0327970491619456
-16.36167956830261
-1.1415125280211238
2.1199518377534803
2.1199518377534803
-2.2286673166126585
-1.1415125280211238
-18.53598914548568
459.8121178347896
73.87216788479478
4.29426141493655
-1.1415125280211238
-12.01306041393647
-3.315822105204193
-9.838750836753402
1.0327970491619456
-0.054357739429589096
255.42701757958108
-9.838750836753402
1.0327970491619456
2.1199518377534803
-2.2286673166126585
5.381416203528085
1.0327970491619456
-1.1415125280211238
3.207106626345015
-1.1415125280211238
5.381416203528085
2.1199518377534803
60.826310421696355
-0.054357739429589096
-10.925905625344935
2.1199518377534803
57.56484605592175
2.1199518377534803
-5.490131682387262
-0.054357739429589096
-10.925905625344935
-3.315822105204193
3.207106626345015
-5.490131682387262
-3.315822105204193
-3.315822105204193
56.477691267330215
468.50935614352187
56.477691267330215
2.1199518377534803
92.35379929085086
-1.1415125280211238
-1.1415125280211238
-6.577286470978797
2.1199518377534803
-1.1415125280211238
-6.577286470978797
-1.1415125280211238
-2.2286673166126585
1.0327970491619456
-18.53598914548568
2.1199518377534803
-1.1415125280211238
-1.1415125280211238
58.65200084451328
1.0327970491619456
28.211666763950312
2.1199518377534803
58.65200084451328
27.12451197535878
2.1199518377534803
-6.577286470978797
-5.490131682387262
-1.1415125280211238
55.39053647873868
-0.054357739429589096
-2.2286673166126585
-2.2286673166126585
151.06015787479373
-1.1415125280211238
-5.490131682387262
-6.577286470978797
-0.054357739429589096
3.207106626345015
22.775892820992638
-18.53598914548568
288.0416612373271
-2.2286673166126585
-10.925905625344935
-18.53598914548568
2.1199518377534803
-1.1415125280211238
-0.054357739429589096
-3.315822105204193
-0.054357739429589096
-9.838750836753402
2.1199518377534803
-2.2286673166126585
-15.274524779711074
-1.1415125280211238
-6.577286470978797
29.29882155254185
-6.577286470978797
-1.1415125280211238
285.86735166014404
-4.402976893795728
-0.054357739429589096
-2.2286673166126585
-1.1415125280211238
-0.054357739429589096
2.1199518377534803
1.0327970491619456
6.468570992119619
1.0327970491619456
-2.2286673166126585
-2.2286673166126585
1.0327970491619456
2.1199518377534803
-3.315822105204193
-1.1415125280211238
283.693042082961
-0.054357739429589096
1.0327970491619456
-3.315822105204193
-0.054357739429589096
-28.32038224280949
2.1199518377534803
113.00974027409002
-0.054357739429589096
2.1199518377534803
-2.2286673166126585
-0.054357739429589096
85.83087055930166
-1.1415125280211238
1.0327970491619456
71.6978583076117
3.207106626345015
74.95932267338631
-1.1415125280211238
-15.274524779711074
-5.490131682387262
2.1199518377534803
1.0327970491619456
-10.925905625344935
-2.2286673166126585
-1.1415125280211238
-9.838750836753402
-9.838750836753402
-5.490131682387262
-0.054357739429589096
-12.01306041393647
20.60158324380957
3.207106626345015
60.826310421696355
-3.315822105204193
111.92258548549849
-2.2286673166126585
-1.1415125280211238
-1.1415125280211238
2.1199518377534803
2.1199518377534803
-7.6644412595703315
-1.1415125280211238
1.0327970491619456
1.0327970491619456
1.0327970491619456
-43.540549283090975
36.90890507268259
79.30794182775244
3.207106626345015
-3.315822105204193
5.381416203528085
-21.797453511260283
59.73915563310482
-0.054357739429589096
-6.577286470978797
2.1199518377534803
-1.1415125280211238
-25.058917877034887
2.1199518377534803
210.85367124732815
3.207106626345015
-1.1415125280211238
-5.490131682387262
-1.1415125280211238
2.1199518377534803
2.1199518377534803
-23.971763088443353
9.730035357894224
1.0327970491619456
-0.054357739429589096
7.555725780711154
3.207106626345015
-3.315822105204193
-2.2286673166126585
97.78957323380854
-5.490131682387262
-10.925905625344935
-1.1415125280211238
-2.2286673166126585
-4.402976893795728
-9.838750836753402
294.5645899688763
-3.315822105204193
216.28944519028582
155.40877702915986
375.0140443246499
-6.577286470978797
-2.2286673166126585
570.7019062711262
-9.838750836753402
55.39053647873868
61.91346521028789
-2.2286673166126585
-0.054357739429589096
5.381416203528085
-1.1415125280211238
-3.315822105204193
-0.054357739429589096
-2.2286673166126585
-2.2286673166126585
-1.1415125280211238
-4.402976893795728
-12.01306041393647
-4.402976893795728
3.207106626345015
5.381416203528085
2.1199518377534803
-0.054357739429589096
2.1199518377534803
1.0327970491619456
-3.315822105204193
-0.054357739429589096
2.1199518377534803
-0.054357739429589096
-0.054357739429589096
-8.751596048161867
-3.315822105204193
-3.315822105204193
-6.577286470978797
1.0327970491619456
2.1199518377534803
1.0327970491619456
1.0327970491619456
-0.054357739429589096
97.78957323380854
-0.054357739429589096
-1.1415125280211238
66.26208436465403
-9.838750836753402
-3.315822105204193
-0.054357739429589096
17.340118878034968
-2.2286673166126585
-1.1415125280211238
15.165809300851897
5.381416203528085
-6.577286470978797
-1.1415125280211238
-1.1415125280211238
-2.2286673166126585
-7.6644412595703315
131.4913716801461
-3.315822105204193
1.0327970491619456
-2.2286673166126585
-1.1415125280211238
-6.577286470978797
-1.1415125280211238
-2.2286673166126585
-0.054357739429589096
1.0327970491619456
1.0327970491619456
-2.2286673166126585
-2.2286673166126585
-1.1415125280211238
79.30794182775244
2.1199518377534803
2.1199518377534803
120.61982379423077
305.43613785479164
59.73915563310482
-4.402976893795728
58.65200084451328
1.0327970491619456
-2.2286673166126585
106.4868115425408
107.57396633113234
2.1199518377534803
-6.577286470978797
-10.925905625344935
3.207106626345015
259.7756367339472
1.0327970491619456
-2.2286673166126585
3.207106626345015
-3.315822105204193
-5.490131682387262
2.1199518377534803
59.73915563310482
-5.490131682387262
4.29426141493655
1.0327970491619456
-5.490131682387262
-7.6644412595703315
1.0327970491619456
-8.751596048161867
-17.448834356894142
-9.838750836753402
1.0327970491619456
63.00061999887942
-0.054357739429589096
-0.054357739429589096
-4.402976893795728
27.12451197535878
80.39509661634398
535.912953036197
-1.1415125280211238
-3.315822105204193
-1.1415125280211238
2.1199518377534803
134.7528360459207
3.207106626345015
2.1199518377534803
2.1199518377534803
-5.490131682387262
1.0327970491619456
2.1199518377534803
-0.054357739429589096
3.207106626345015
-2.2286673166126585
-0.054357739429589096
-3.315822105204193
160.84455097211756
106.4868115425408
-1.1415125280211238
-1.1415125280211238
2.1199518377534803
-3.315822105204193
-4.402976893795728
-9.838750836753402
-0.054357739429589096
1.0327970491619456
-5.490131682387262
-4.402976893795728
-1.1415125280211238
-31.581846608584094
1.0327970491619456
91.26664450225933
-1.1415125280211238
-6.577286470978797
-2.2286673166126585
56.477691267330215
-7.6644412595703315
2.1199518377534803
-1.1415125280211238
-3.315822105204193
2.1199518377534803
520.6927859959155
158.67024139493446
-3.315822105204193
528.3028695160563
-6.577286470978797
-2.2286673166126585
-2.2286673166126585
2.1199518377534803
-3.315822105204193
416.3259262911282
5.381416203528085
-1.1415125280211238
-3.315822105204193
56.477691267330215
-0.054357739429589096
3.207106626345015
-0.054357739429589096
29.29882155254185
-1.1415125280211238
-0.054357739429589096
1.0327970491619456
-2.2286673166126585
-1.1415125280211238
56.477691267330215
-1.1415125280211238
2.1199518377534803
-1.1415125280211238
-0.054357739429589096
89.09233492507626
3.207106626345015
-9.838750836753402
114.09689506268155
-2.2286673166126585
419.5873906569028
-2.2286673166126585
-3.315822105204193
2.1199518377534803
514.1698572643663
-2.2286673166126585
1.0327970491619456
-2.2286673166126585
-2.2286673166126585
-1.1415125280211238
-1.1415125280211238
56.477691267330215
3.207106626345015
1.0327970491619456
6.468570992119619
24.95020239817571
-2.2286673166126585
2.1199518377534803
-1.1415125280211238
-4.402976893795728
-2.2286673166126585
-1.1415125280211238
-1.1415125280211238
-6.577286470978797
2.1199518377534803
1.0327970491619456
-5.490131682387262
171.7160988580329
-0.054357739429589096
1.0327970491619456
2.1199518377534803
-3.315822105204193
-4.402976893795728
1.0327970491619456
156.4959318177514
-8.751596048161867
72.78501309620323
-1.1415125280211238
-3.315822105204193
-7.6644412595703315
192.37203984127206
-4.402976893795728
2.1199518377534803
-2.2286673166126585
-5.490131682387262
-2.2286673166126585
-12.01306041393647
-2.2286673166126585
124.9684429485969
-3.315822105204193
24.95020239817571
-0.054357739429589096
59.73915563310482
57.56484605592175
3.207106626345015
-0.054357739429589096
-0.054357739429589096
7.555725780711154
-3.315822105204193
-2.2286673166126585
59.73915563310482
-3.315822105204193
-4.402976893795728
5.381416203528085
-1.1415125280211238
-3.315822105204193
-3.315822105204193
156.4959318177514
59.73915563310482
-0.054357739429589096
-1.1415125280211238
-6.577286470978797
82.56940619352704
-1.1415125280211238
2.1199518377534803
-7.6644412595703315
-4.402976893795728
-2.2286673166126585
-3.315822105204193
3.207106626345015
2.1199518377534803
-0.054357739429589096
2.1199518377534803
3.207106626345015
-3.315822105204193
74.95932267338631
59.73915563310482
-0.054357739429589096
-0.054357739429589096
-0.054357739429589096
-9.838750836753402
-0.054357739429589096
-1.1415125280211238
-3.315822105204193
-2.2286673166126585
5.381416203528085
-2.2286673166126585
1.0327970491619456
2.1199518377534803
-1.1415125280211238
-1.1415125280211238
-1.1415125280211238
-1.1415125280211238
-1.1415125280211238
-1.1415125280211238
1.0327970491619456
1.0327970491619456
-17.448834356894142
-2.2286673166126585
3.207106626345015
2.1199518377534803
80.39509661634398
2.1199518377534803
28.211666763950312
-19.623143934077213
-9.838750836753402
58.65200084451328
-4.402976893795728
-6.577286470978797
1.0327970491619456
-14.18736999111954
3.207106626345015
-0.054357739429589096
-1.1415125280211238
1.0327970491619456
276.08295856282024
-1.1415125280211238
-2.2286673166126585
-12.01306041393647
103.2253471767662
-15.274524779711074
-15.274524779711074
2.1199518377534803
-6.577286470978797
-0.054357739429589096
-1.1415125280211238
-0.054357739429589096
-0.054357739429589096
-0.054357739429589096
-3.315822105204193
-0.054357739429589096
-1.1415125280211238
-0.054357739429589096
-1.1415125280211238
-0.054357739429589096
1.0327970491619456
-3.315822105204193
56.477691267330215
-9.838750836753402
481.55521360662027
-2.2286673166126585
-0.054357739429589096
1.0327970491619456
-3.315822105204193
1.0327970491619456
-1.1415125280211238
2.1199518377534803
59.73915563310482
-1.1415125280211238
2.1199518377534803
97.78957323380854
-6.577286470978797
-2.2286673166126585
-4.402976893795728
-1.1415125280211238
-0.054357739429589096
-2.2286673166126585
-0.054357739429589096
-1.1415125280211238
2.1199518377534803
-12.01306041393647
-1.1415125280211238
-1.1415125280211238
419.5873906569028
-3.315822105204193
-4.402976893795728
105.39965675394927
-0.054357739429589096
-1.1415125280211238
-5.490131682387262
-3.315822105204193
-5.490131682387262
-8.751596048161867
18.4272736666265
3.207106626345015
-1.1415125280211238
5.381416203528085
-3.315822105204193
-1.1415125280211238
1.0327970491619456
2.1199518377534803
441.3304864287335
-5.490131682387262
1.0327970491619456
-1.1415125280211238
2.1199518377534803
-1.1415125280211238
-2.2286673166126585
-10.925905625344935
-2.2286673166126585
-1.1415125280211238
4.29426141493655
-32.66900139717563
58.65200084451328
6.468570992119619
79.30794182775244
-2.2286673166126585
6.468570992119619
2.1199518377534803
1.0327970491619456
2.1199518377534803
3.207106626345015
56.477691267330215
-0.054357739429589096
1.0327970491619456
71.6978583076117
-0.054357739429589096
-7.6644412595703315
2.1199518377534803
-10.925905625344935
5.381416203528085
-6.577286470978797
-2.2286673166126585
221.72521913324348
-6.577286470978797
-2.2286673166126585
-8.751596048161867
-0.054357739429589096
1.0327970491619456
-2.2286673166126585
172.80325364662443
-1.1415125280211238
-6.577286470978797
-0.054357739429589096
1.0327970491619456
-0.054357739429589096
-3.315822105204193
-5.490131682387262
-3.315822105204193
215.20229040169428
2.1199518377534803
3.207106626345015
59.73915563310482
-0.054357739429589096
30.385976341133382
3.207106626345015
-1.1415125280211238
144.53722914324453
1.0327970491619456
241.2940053278911
-3.315822105204193
58.65200084451328
-8.751596048161867
384.7984374219737
477.20659445225414
-5.490131682387262
-5.490131682387262
-3.315822105204193
-3.315822105204193
-1.1415125280211238
-19.623143934077213
-0.054357739429589096
-0.054357739429589096
1.0327970491619456
-5.490131682387262
81.48225140493551
-1.1415125280211238
-3.315822105204193
-2.2286673166126585
-1.1415125280211238
-9.838750836753402
1.0327970491619456
6.468570992119619
-3.315822105204193
-3.315822105204193
-3.315822105204193
-6.577286470978797
1.0327970491619456
-8.751596048161867
-3.315822105204193
1.0327970491619456
-5.490131682387262
60.826310421696355
4.29426141493655
56.477691267330215
-2.2286673166126585
94.52810886803393
1.0327970491619456
364.14249643873455
3.207106626345015
15.165809300851897
-4.402976893795728
-4.402976893795728
3.207106626345015
2.1199518377534803
4.29426141493655
-1.1415125280211238
-1.1415125280211238
1.0327970491619456
347.8351746098615
-20.71029872266875
-1.1415125280211238
5.381416203528085
-2.2286673166126585
57.56484605592175
-3.315822105204193
58.65200084451328
-1.1415125280211238
-9.838750836753402
-5.490131682387262
-0.054357739429589096
2.1199518377534803
-3.315822105204193
6.468570992119619
-5.490131682387262
-0.054357739429589096
3.207106626345015
361.9681868615515
-1.1415125280211238
84.74371577071011
-0.054357739429589096
5.381416203528085
-0.054357739429589096
-0.054357739429589096
-10.925905625344935
1.0327970491619456
-0.054357739429589096
1.0327970491619456
-10.925905625344935
-7.6644412595703315
98.87672802240007
-2.2286673166126585
-3.315822105204193
-1.1415125280211238
1.0327970491619456
-5.490131682387262
-6.577286470978797
391.3213661535229
-1.1415125280211238
-10.925905625344935
-4.402976893795728
55.39053647873868
-6.577286470978797
-1.1415125280211238
382.6241278447906
-6.577286470978797
56.477691267330215
-2.2286673166126585
-3.315822105204193
-1.1415125280211238
-0.054357739429589096
-6.577286470978797
2.1199518377534803
-0.054357739429589096
-1.1415125280211238
5.381416203528085
-0.054357739429589096
-6.577286470978797
-5.490131682387262
1.0327970491619456
1.0327970491619456
-2.2286673166126585
-1.1415125280211238
1.0327970491619456
1.0327970491619456
3.207106626345015
-3.315822105204193
3.207106626345015
-3.315822105204193
-2.2286673166126585
-0.054357739429589096
-1.1415125280211238
56.477691267330215
-1.1415125280211238
-3.315822105204193
72.78501309620323
-1.1415125280211238
-5.490131682387262
32.56028591831645
2.1199518377534803
-8.751596048161867
1.0327970491619456
123.88128816000537
2.1199518377534803
-2.2286673166126585
-9.838750836753402
58.65200084451328
-2.2286673166126585
-44.62770407168251
37.99605986127413
-3.315822105204193
-7.6644412595703315
4.29426141493655
-0.054357739429589096
-17.448834356894142
-5.490131682387262
57.56484605592175
-2.2286673166126585
1.0327970491619456
2.1199518377534803
2.1199518377534803
145.62438393183606
-3.315822105204193
-2.2286673166126585
-10.925905625344935
2.1199518377534803
-0.054357739429589096
-12.01306041393647
-0.054357739429589096
2.1199518377534803
24.95020239817571
-3.315822105204193
-0.054357739429589096
-9.838750836753402
1.0327970491619456
-19.623143934077213
2.1199518377534803
-0.054357739429589096
-1.1415125280211238
1.0327970491619456
59.73915563310482
2.1199518377534803
1.0327970491619456
-1.1415125280211238
2.1199518377534803
2.1199518377534803
3.207106626345015
3.207106626345015
1.0327970491619456
-2.2286673166126585
1.0327970491619456
-5.490131682387262
-3.315822105204193
-5.490131682387262
-2.2286673166126585
133.66568125732917
1.0327970491619456
4.29426141493655
1.0327970491619456
3.207106626345015
-1.1415125280211238
-3.315822105204193
1.0327970491619456
-3.315822105204193
-0.054357739429589096
-1.1415125280211238
2.1199518377534803
2.1199518377534803
-0.054357739429589096
-12.01306041393647
2.1199518377534803
-1.1415125280211238
2.1199518377534803
-6.577286470978797
-5.490131682387262
155.40877702915986
-2.2286673166126585
-7.6644412595703315
7.555725780711154
-0.054357739429589096
-1.1415125280211238
141.27576477746993
-4.402976893795728
-7.6644412595703315
55.39053647873868
-1.1415125280211238
-1.1415125280211238
-6.577286470978797
-2.2286673166126585
-0.054357739429589096
2.1199518377534803
-2.2286673166126585
-2.2286673166126585
1.0327970491619456
-1.1415125280211238
2.1199518377534803
-9.838750836753402
1.0327970491619456
-7.6644412595703315
-1.1415125280211238
-5.490131682387262
-5.490131682387262
120.61982379423077
-3.315822105204193
-2.2286673166126585
-1.1415125280211238
163.01886054930063
-2.2286673166126585
-0.054357739429589096
-1.1415125280211238
55.39053647873868
-2.2286673166126585
-1.1415125280211238
-4.402976893795728
-6.577286470978797
-6.577286470978797
-1.1415125280211238
103.2253471767662
-0.054357739429589096
3.207106626345015
-2.2286673166126585
1.0327970491619456
-1.1415125280211238
-5.490131682387262
-0.054357739429589096
29.29882155254185
-0.054357739429589096
-3.315822105204193
-0.054357739429589096
4.29426141493655
5.381416203528085
-3.315822105204193
2.1199518377534803
-6.577286470978797
-3.315822105204193
6.468570992119619
-0.054357739429589096
2.1199518377534803
3.207106626345015
-1.1415125280211238
-0.054357739429589096
-1.1415125280211238
-2.2286673166126585
-13.100215202528005
-4.402976893795728
-2.2286673166126585
-3.315822105204193
2.1199518377534803
-5.490131682387262
2.1199518377534803
5.381416203528085
1.0327970491619456
-0.054357739429589096
-6.577286470978797
103.2253471767662
-1.1415125280211238
-5.490131682387262
-3.315822105204193
-2.2286673166126585
3.207106626345015
-1.1415125280211238
-6.577286470978797
-0.054357739429589096
1.0327970491619456
-4.402976893795728
-2.2286673166126585
1.0327970491619456
1.0327970491619456
-4.402976893795728
4.29426141493655
-1.1415125280211238
368.4911155931007
-1.1415125280211238
2.1199518377534803
55.39053647873868
-3.315822105204193
-4.402976893795728
5.381416203528085
-6.577286470978797
523.9542503616901
5.381416203528085
89.09233492507626
-2.2286673166126585
-3.315822105204193
-1.1415125280211238
3.207106626345015
7.555725780711154
-3.315822105204193
-2.2286673166126585
2.1199518377534803
-5.490131682387262
5.381416203528085
-1.1415125280211238
-1.1415125280211238
-2.2286673166126585
-3.315822105204193
1.0327970491619456
-1.1415125280211238
-1.1415125280211238
1.0327970491619456
-3.315822105204193
-3.315822105204193
3.207106626345015
-3.315822105204193
-2.2286673166126585
-0.054357739429589096
3.207106626345015
29.29882155254185
2.1199518377534803
-3.315822105204193
-0.054357739429589096
92.35379929085086
-2.2286673166126585
97.78957323380854
3.207106626345015
2.1199518377534803
64.08777478747096
1.0327970491619456
-0.054357739429589096
-4.402976893795728
1.0327970491619456
-0.054357739429589096
-3.315822105204193
1.0327970491619456
2.1199518377534803
3.207106626345015
3.207106626345015
408.7158427709875
1.0327970491619456
-7.6644412595703315
61.91346521028789
4.29426141493655
-32.66900139717563
30.385976341133382
-4.402976893795728
-12.01306041393647
-2.2286673166126585
-0.054357739429589096
-2.2286673166126585
-6.577286470978797
58.65200084451328
-9.838750836753402
-1.1415125280211238
1.0327970491619456
2.1199518377534803
-1.1415125280211238
-2.2286673166126585
-3.315822105204193
2.1199518377534803
-3.315822105204193
-1.1415125280211238
1.0327970491619456
-21.797453511260283
-0.054357739429589096
58.65200084451328
5.381416203528085
-1.1415125280211238
-0.054357739429589096
-3.315822105204193
2.1199518377534803
-6.577286470978797
-4.402976893795728
-7.6644412595703315
-0.054357739429589096
-1.1415125280211238
-0.054357739429589096
-23.971763088443353
4.29426141493655
-8.751596048161867
1.0327970491619456
2.1199518377534803
1.0327970491619456
-15.274524779711074
-0.054357739429589096
-2.2286673166126585
-1.1415125280211238
-3.315822105204193
-0.054357739429589096
-1.1415125280211238
-0.054357739429589096
484.81667797239487
149.9730030862022
-3.315822105204193
-5.490131682387262
-6.577286470978797
-0.054357739429589096
-6.577286470978797
6.468570992119619
-31.581846608584094
59.73915563310482
-6.577286470978797
5.381416203528085
55.39053647873868
56.477691267330215
4.29426141493655
-5.490131682387262
214.11513561310275
61.91346521028789
88.00518013648473
-0.054357739429589096
145.62438393183606
-6.577286470978797
-1.1415125280211238
-2.2286673166126585
2.1199518377534803
-9.838750836753402
-1.1415125280211238
-1.1415125280211238
-1.1415125280211238
2.1199518377534803
-3.315822105204193
-3.315822105204193
2.1199518377534803
3.207106626345015
-2.2286673166126585
-1.1415125280211238
1.0327970491619456
-2.2286673166126585
-6.577286470978797
-23.971763088443353
56.477691267330215
-0.054357739429589096
1.0327970491619456
2.1199518377534803
-1.1415125280211238
90.17948971366779
-2.2286673166126585
-4.402976893795728
-3.315822105204193
115.18404985127309
-1.1415125280211238
-6.577286470978797
55.39053647873868
-3.315822105204193
-3.315822105204193
106.4868115425408
2.1199518377534803
3.207106626345015
54.30338169014715
-0.054357739429589096
-1.1415125280211238
-2.2286673166126585
59.73915563310482
3.207106626345015
-0.054357739429589096
3.207106626345015
89.09233492507626
2.1199518377534803
56.477691267330215
-2.2286673166126585
-7.6644412595703315
-3.315822105204193
-2.2286673166126585
2.1199518377534803
-3.315822105204193
-0.054357739429589096
-2.2286673166126585
59.73915563310482
59.73915563310482
-6.577286470978797
-0.054357739429589096
85.83087055930166
1.0327970491619456
4.29426141493655
5.381416203528085
-3.315822105204193
-0.054357739429589096
58.65200084451328
-0.054357739429589096
-1.1415125280211238
80.39509661634398
-2.2286673166126585
-1.1415125280211238
2.1199518377534803
-1.1415125280211238
-6.577286470978797
1.0327970491619456
-4.402976893795728
-3.315822105204193
-1.1415125280211238
-3.315822105204193
-7.6644412595703315
1.0327970491619456
-1.1415125280211238
-1.1415125280211238
1.0327970491619456
-6.577286470978797
28.211666763950312
259.7756367339472
-5.490131682387262
-10.925905625344935
-1.1415125280211238
-1.1415125280211238
2.1199518377534803
44.518988592823334
-1.1415125280211238
2.1199518377534803
-1.1415125280211238
-6.577286470978797
-7.6644412595703315
452.20203431464887
2.1199518377534803
-1.1415125280211238
56.477691267330215
1.0327970491619456
59.73915563310482
-6.577286470978797
-10.925905625344935
2.1199518377534803
-0.054357739429589096
-3.315822105204193
-0.054357739429589096
-3.315822105204193
91.26664450225933
-0.054357739429589096
-5.490131682387262
-3.315822105204193
-6.577286470978797
-3.315822105204193
2.1199518377534803
2.1199518377534803
70.61070351902016
2.1199518377534803
-12.01306041393647
-1.1415125280211238
-6.577286470978797
-0.054357739429589096
-3.315822105204193
-2.2286673166126585
-1.1415125280211238
-0.054357739429589096
-0.054357739429589096
3.207106626345015
-1.1415125280211238
-12.01306041393647
1.0327970491619456
-0.054357739429589096
-1.1415125280211238
-15.274524779711074
-3.315822105204193
-1.1415125280211238
-0.054357739429589096
-6.577286470978797
-0.054357739429589096
-0.054357739429589096
-13.100215202528005
-2.2286673166126585
-1.1415125280211238
-1.1415125280211238
-1.1415125280211238
-4.402976893795728
-8.751596048161867
-0.054357739429589096
3.207106626345015
-3.315822105204193
-1.1415125280211238
2.1199518377534803
-9.838750836753402
-1.1415125280211238
-1.1415125280211238
-1.1415125280211238
-3.315822105204193
-2.2286673166126585
1.0327970491619456
-5.490131682387262
1.0327970491619456
-0.054357739429589096
-17.448834356894142
3.207106626345015
-0.054357739429589096
108.66112111972389
1.0327970491619456
-1.1415125280211238
3.207106626345015
5.381416203528085
1.0327970491619456
-1.1415125280211238
-1.1415125280211238
-4.402976893795728
-1.1415125280211238
-12.01306041393647
27.12451197535878
156.4959318177514
-0.054357739429589096
-12.01306041393647
-1.1415125280211238
2.1199518377534803
-5.490131682387262
-10.925905625344935
-1.1415125280211238
1.0327970491619456
5.381416203528085
-0.054357739429589096
-14.18736999111954
-6.577286470978797
-1.1415125280211238
67.34923915324556
-7.6644412595703315
-3.315822105204193
-2.2286673166126585
-1.1415125280211238
107.57396633113234
-12.01306041393647
-4.402976893795728
-1.1415125280211238
-2.2286673166126585
-5.490131682387262
61.91346521028789
73.87216788479478
-3.315822105204193
2.1199518377534803
-3.315822105204193
-2.2286673166126585
-6.577286470978797
6.468570992119619
1.0327970491619456
58.65200084451328
127.14275252577997
-8.751596048161867
-12.01306041393647
-3.315822105204193
93.44095407944239
59.73915563310482
-3.315822105204193
-1.1415125280211238
-1.1415125280211238
-5.490131682387262
-0.054357739429589096
-14.18736999111954
-4.402976893795728
2.1199518377534803
2.1199518377534803
3.207106626345015
-0.054357739429589096
-0.054357739429589096
1.0327970491619456
7.555725780711154
5.381416203528085
-2.2286673166126585
55.39053647873868
-1.1415125280211238
-0.054357739429589096
-15.274524779711074
2.1199518377534803
-1.1415125280211238
-7.6644412595703315
-17.448834356894142
-1.1415125280211238
-1.1415125280211238
-6.577286470978797
-3.315822105204193
106.4868115425408
-4.402976893795728
-5.490131682387262
3.207106626345015
-12.01306041393647
-15.274524779711074
2.1199518377534803
-0.054357739429589096
-2.2286673166126585
-0.054357739429589096
-3.315822105204193
2.1199518377534803
-0.054357739429589096
-23.971763088443353
-3.315822105204193
2.1199518377534803
-2.2286673166126585
502.21115458985946
-1.1415125280211238
56.477691267330215
1.0327970491619456
-5.490131682387262
3.207106626345015
-4.402976893795728
-1.1415125280211238
-2.2286673166126585
-7.6644412595703315
-8.751596048161867
2.1199518377534803
57.56484605592175
-0.054357739429589096
-4.402976893795728
-3.315822105204193
-1.1415125280211238
2.1199518377534803
-1.1415125280211238
-4.402976893795728
-0.054357739429589096
-2.2286673166126585
-10.925905625344935
-0.054357739429589096
2.1199518377534803
2.1199518377534803
-3.315822105204193
-2.2286673166126585
-7.6644412595703315
1.0327970491619456
-4.402976893795728
70.61070351902016
-10.925905625344935
-3.315822105204193
-10.925905625344935
-3.315822105204193
3.207106626345015
-10.925905625344935
-3.315822105204193
-1.1415125280211238
1.0327970491619456
2.1199518377534803
1.0327970491619456
-2.2286673166126585
59.73915563310482
-0.054357739429589096
-2.2286673166126585
8.642880569302688
-1.1415125280211238
1.0327970491619456
61.91346521028789
-6.577286470978797
4.29426141493655
2.1199518377534803
-1.1415125280211238
3.207106626345015
2.1199518377534803
-6.577286470978797
2.1199518377534803
-3.315822105204193
2.1199518377534803
-0.054357739429589096
2.1199518377534803
-2.2286673166126585
2.1199518377534803
1.0327970491619456
2.1199518377534803
-1.1415125280211238
-2.2286673166126585
-6.577286470978797
278.2572681400033
2.1199518377534803
-1.1415125280211238
61.91346521028789
7.555725780711154
-3.315822105204193
3.207106626345015
-5.490131682387262
5.381416203528085
7.555725780711154
-1.1415125280211238
-1.1415125280211238
-1.1415125280211238
-0.054357739429589096
-7.6644412595703315
2.1199518377534803
-3.315822105204193
74.95932267338631
451.11487952605734
-2.2286673166126585
-17.448834356894142
-2.2286673166126585
3.207106626345015
-4.402976893795728
61.91346521028789
-0.054357739429589096
3.207106626345015
-4.402976893795728
54.30338169014715
4.29426141493655
