4.583138477203129
-7.420319439281249
-0.8729787575624971
-6.329095992328123
-6.329095992328123
-3.0554256514687474
-0.8729787575624971
-4.1466490984218725
-0.8729787575624971
0.21824468939062816
-0.8729787575624971
-8.511542886234373
79.87755631696876
-0.8729787575624971
-6.329095992328123
-4.1466490984218725
1.3094681363437535
-0.8729787575624971
-4.1466490984218725
-0.8729787575624971
-4.1466490984218725
-0.8729787575624971
-9.6027663331875
0.21824468939062816
-11.785213227093749
-9.6027663331875
3.491915030250004
-1.9642022045156222
0.21824468939062816
-8.511542886234373
4.583138477203129
-1.9642022045156222
-0.8729787575624971
1.3094681363437535
-4.1466490984218725
0.21824468939062816
0.21824468939062816
1.3094681363437535
0.21824468939062816
-1.9642022045156222
-0.8729787575624971
-3.0554256514687474
-0.8729787575624971
-0.8729787575624971
-19.423777355765626
4.583138477203129
0.21824468939062816
-3.0554256514687474
-9.6027663331875
443.25496415235943
-4.1466490984218725
63.509204612671894
-4.1466490984218725
-6.329095992328123
-0.8729787575624971
-4.1466490984218725
-3.0554256514687474
4.583138477203129
-4.1466490984218725
3.491915030250004
1.3094681363437535
-17.241330461859377
3.491915030250004
-1.9642022045156222
-1.9642022045156222
-4.1466490984218725
2.4006915832968785
-7.420319439281249
2.4006915832968785
-6.329095992328123
4.583138477203129
3.491915030250004
-12.876436674046875
1.3094681363437535
4.583138477203129
-1.9642022045156222
-10.693989780140624
96.24590802126565
1.3094681363437535
0.21824468939062816
-0.8729787575624971
2.4006915832968785
-5.237872545374998
-9.6027663331875
-0.8729787575624971
-0.8729787575624971
1.3094681363437535
-3.0554256514687474
-6.329095992328123
-3.0554256514687474
2.4006915832968785
-30.33601182529688
2.4006915832968785
1.3094681363437535
64.60042805962502
-10.693989780140624
2.4006915832968785
3.491915030250004
-3.0554256514687474
6.765585371109379
0.21824468939062816
68.96532184743752
-8.511542886234373
-3.0554256514687474
-0.8729787575624971
2.4006915832968785
-4.1466490984218725
82.06000321087502
-10.693989780140624
92.97223768040627
0.21824468939062816
-12.876436674046875
-3.0554256514687474
-7.420319439281249
5.674361924156254
377.78155733517195
-13.967660121
3.491915030250004
-3.0554256514687474
3.491915030250004
-0.8729787575624971
0.21824468939062816
2.4006915832968785
1.3094681363437535
-1.9642022045156222
-5.237872545374998
-1.9642022045156222
-6.329095992328123
-18.3325539088125
-0.8729787575624971
-0.8729787575624971
-6.329095992328123
-13.967660121
-6.329095992328123
1.3094681363437535
1.3094681363437535
1.3094681363437535
6.765585371109379
-0.8729787575624971
-0.8729787575624971
3.491915030250004
0.21824468939062816
-1.9642022045156222
2.4006915832968785
-0.8729787575624971
0.21824468939062816
-5.237872545374998
2.4006915832968785
1.3094681363437535
-0.8729787575624971
-9.6027663331875
-13.967660121
-8.511542886234373
3.491915030250004
3.491915030250004
-5.237872545374998
-4.1466490984218725
2.4006915832968785
4.583138477203129
2.4006915832968785
-1.9642022045156222
64.60042805962502
-4.1466490984218725
2.4006915832968785
-4.1466490984218725
-6.329095992328123
-1.9642022045156222
0.21824468939062816
-4.1466490984218725
345.0448539265782
0.21824468939062816
-3.0554256514687474
1.3094681363437535
-6.329095992328123
-1.9642022045156222
-4.1466490984218725
-6.329095992328123
-0.8729787575624971
-0.8729787575624971
1.3094681363437535
0.21824468939062816
-0.8729787575624971
446.5286344932188
-4.1466490984218725
6.765585371109379
-3.0554256514687474
-4.1466490984218725
-0.8729787575624971
-21.606224249671875
128.98261142985942
-0.8729787575624971
-5.237872545374998
-4.1466490984218725
-7.420319439281249
-4.1466490984218725
26.407607416265634
0.21824468939062816
-5.237872545374998
-0.8729787575624971
-11.785213227093749
0.21824468939062816
-3.0554256514687474
-4.1466490984218725
6.765585371109379
0.21824468939062816
-12.876436674046875
-9.6027663331875
0.21824468939062816
3.491915030250004
4.583138477203129
-3.0554256514687474
-0.8729787575624971
-3.0554256514687474
-1.9642022045156222
4.583138477203129
-1.9642022045156222
-1.9642022045156222
-10.693989780140624
0.21824468939062816
0.21824468939062816
26.407607416265634
-15.058883567953124
-4.1466490984218725
-1.9642022045156222
0.21824468939062816
63.509204612671894
3.491915030250004
314.4905974118907
-4.1466490984218725
-4.1466490984218725
26.407607416265634
-4.1466490984218725
-7.420319439281249
0.21824468939062816
2.4006915832968785
-0.8729787575624971
2.4006915832968785
0.21824468939062816
-1.9642022045156222
0.21824468939062816
0.21824468939062816
-0.8729787575624971
4.583138477203129
-0.8729787575624971
2.4006915832968785
2.4006915832968785
1.3094681363437535
-6.329095992328123
-3.0554256514687474
100.61080180907815
-9.6027663331875
-1.9642022045156222
-0.8729787575624971
-18.3325539088125
2.4006915832968785
4.583138477203129
2.4006915832968785
0.21824468939062816
3.491915030250004
-13.967660121
-9.6027663331875
4.583138477203129
1.3094681363437535
15.495372946734381
-16.15010701490625
-4.1466490984218725
-11.785213227093749
6.765585371109379
2.4006915832968785
-6.329095992328123
519.6406054390782
-1.9642022045156222
-3.0554256514687474
0.21824468939062816
-1.9642022045156222
3.491915030250004
-3.0554256514687474
-1.9642022045156222
1.3094681363437535
-1.9642022045156222
-4.1466490984218725
37.31984188579688
-1.9642022045156222
-10.693989780140624
-3.0554256514687474
4.583138477203129
-3.0554256514687474
-1.9642022045156222
-1.9642022045156222
-16.15010701490625
-5.237872545374998
-0.8729787575624971
-6.329095992328123
-0.8729787575624971
4.583138477203129
-4.1466490984218725
-3.0554256514687474
-0.8729787575624971
-4.1466490984218725
0.21824468939062816
-1.9642022045156222
-0.8729787575624971
-6.329095992328123
2.4006915832968785
0.21824468939062816
-9.6027663331875
-1.9642022045156222
-6.329095992328123
0.21824468939062816
-18.3325539088125
79.87755631696876
3.491915030250004
1.3094681363437535
0.21824468939062816
-3.0554256514687474
28.590054310171883
-3.0554256514687474
1.3094681363437535
32.954948097984385
3.491915030250004
-9.6027663331875
118.07037696032815
-4.1466490984218725
-3.0554256514687474
0.21824468939062816
-0.8729787575624971
0.21824468939062816
-0.8729787575624971
-6.329095992328123
-5.237872545374998
-4.1466490984218725
-0.8729787575624971
-3.0554256514687474
28.590054310171883
-18.3325539088125
-5.237872545374998
-3.0554256514687474
-5.237872545374998
-15.058883567953124
-4.1466490984218725
-0.8729787575624971
0.21824468939062816
-4.1466490984218725
-3.0554256514687474
-4.1466490984218725
3.491915030250004
-3.0554256514687474
-9.6027663331875
-0.8729787575624971
-7.420319439281249
28.590054310171883
-6.329095992328123
-0.8729787575624971
-3.0554256514687474
-4.1466490984218725
0.21824468939062816
-3.0554256514687474
-0.8729787575624971
0.21824468939062816
0.21824468939062816
0.21824468939062816
0.21824468939062816
0.21824468939062816
-3.0554256514687474
65.69165150657814
0.21824468939062816
2.4006915832968785
-3.0554256514687474
157.35442105064064
-6.329095992328123
0.21824468939062816
-0.8729787575624971
-1.9642022045156222
-5.237872545374998
-28.153564931390626
94.0634611273594
4.583138477203129
0.21824468939062816
-3.0554256514687474
-4.1466490984218725
2.4006915832968785
0.21824468939062816
-0.8729787575624971
-3.0554256514687474
1.3094681363437535
6.765585371109379
0.21824468939062816
2.4006915832968785
-15.058883567953124
-7.420319439281249
-0.8729787575624971
-3.0554256514687474
-4.1466490984218725
-0.8729787575624971
4.583138477203129
-10.693989780140624
-10.693989780140624
-6.329095992328123
-4.1466490984218725
-12.876436674046875
22.042713628453132
-3.0554256514687474
-0.8729787575624971
-4.1466490984218725
2.4006915832968785
-5.237872545374998
-0.8729787575624971
-3.0554256514687474
-4.1466490984218725
2.4006915832968785
-5.237872545374998
-4.1466490984218725
-0.8729787575624971
-1.9642022045156222
4.583138477203129
-39.06579940092188
38.41106533275001
2.4006915832968785
8.94803226501563
-1.9642022045156222
3.491915030250004
-21.606224249671875
-0.8729787575624971
-4.1466490984218725
-8.511542886234373
80.9687797639219
3.491915030250004
-25.971118037484377
4.583138477203129
-0.8729787575624971
2.4006915832968785
2.4006915832968785
-0.8729787575624971
2.4006915832968785
0.21824468939062816
160.62809139150002
-21.606224249671875
-7.420319439281249
-3.0554256514687474
-3.0554256514687474
-0.8729787575624971
62.417981165718764
-5.237872545374998
-3.0554256514687474
2.4006915832968785
402.87969661509385
365.7780994186876
-4.1466490984218725
-4.1466490984218725
176.9964430957969
-10.693989780140624
-1.9642022045156222
-1.9642022045156222
142.0772927932969
1.3094681363437535
-5.237872545374998
-3.0554256514687474
-4.1466490984218725
-6.329095992328123
-0.8729787575624971
-0.8729787575624971
-1.9642022045156222
-6.329095992328123
-3.0554256514687474
0.21824468939062816
334.1326194570469
-3.0554256514687474
1.3094681363437535
-0.8729787575624971
-0.8729787575624971
-4.1466490984218725
-1.9642022045156222
-11.785213227093749
-1.9642022045156222
-0.8729787575624971
4.583138477203129
-0.8729787575624971
269.75043608681256
91.88101423345314
3.491915030250004
-1.9642022045156222
-1.9642022045156222
-5.237872545374998
-0.8729787575624971
2.4006915832968785
-6.329095992328123
-0.8729787575624971
-0.8729787575624971
-3.0554256514687474
3.491915030250004
5.674361924156254
-4.1466490984218725
-0.8729787575624971
-9.6027663331875
0.21824468939062816
-3.0554256514687474
-1.9642022045156222
1.3094681363437535
-8.511542886234373
-1.9642022045156222
-1.9642022045156222
66.78287495353126
-3.0554256514687474
-1.9642022045156222
210.82436995134378
7.856808818062505
443.25496415235943
-6.329095992328123
88.60734389259378
1.3094681363437535
-6.329095992328123
2.4006915832968785
-1.9642022045156222
-1.9642022045156222
-3.0554256514687474
2.4006915832968785
-0.8729787575624971
107.1581424907969
-5.237872545374998
-3.0554256514687474
-1.9642022045156222
-4.1466490984218725
0.21824468939062816
4.583138477203129
1.3094681363437535
-1.9642022045156222
-0.8729787575624971
-0.8729787575624971
4.583138477203129
283.9363408972032
0.21824468939062816
-1.9642022045156222
0.21824468939062816
142.0772927932969
-0.8729787575624971
2.4006915832968785
-0.8729787575624971
-0.8729787575624971
-10.693989780140624
-9.6027663331875
3.491915030250004
-3.0554256514687474
-0.8729787575624971
0.21824468939062816
3.491915030250004
6.765585371109379
-6.329095992328123
1.3094681363437535
3.491915030250004
-9.6027663331875
0.21824468939062816
-0.8729787575624971
-1.9642022045156222
-5.237872545374998
72.23899218829689
393.0586855925157
-17.241330461859377
-6.329095992328123
4.583138477203129
2.4006915832968785
-3.0554256514687474
1.3094681363437535
2.4006915832968785
29.68127775712501
-1.9642022045156222
-13.967660121
-1.9642022045156222
0.21824468939062816
3.491915030250004
-0.8729787575624971
4.583138477203129
-4.1466490984218725
64.60042805962502
-5.237872545374998
0.21824468939062816
4.583138477203129
-1.9642022045156222
3.491915030250004
1.3094681363437535
-0.8729787575624971
-0.8729787575624971
-0.8729787575624971
3.491915030250004
-8.511542886234373
1.3094681363437535
-1.9642022045156222
-0.8729787575624971
-6.329095992328123
-4.1466490984218725
-19.423777355765626
-3.0554256514687474
2.4006915832968785
-6.329095992328123
0.21824468939062816
-4.1466490984218725
-35.79212906006251
3.491915030250004
0.21824468939062816
-0.8729787575624971
-7.420319439281249
1.3094681363437535
-3.0554256514687474
-10.693989780140624
-1.9642022045156222
3.491915030250004
-0.8729787575624971
1.3094681363437535
244.65229680689066
-1.9642022045156222
-3.0554256514687474
-11.785213227093749
-4.1466490984218725
4.583138477203129
0.21824468939062816
1.3094681363437535
-6.329095992328123
-0.8729787575624971
2.4006915832968785
-3.0554256514687474
0.21824468939062816
2.4006915832968785
-3.0554256514687474
-4.1466490984218725
-1.9642022045156222
31.86372465103126
0.21824468939062816
0.21824468939062816
1.3094681363437535
-1.9642022045156222
0.21824468939062816
-0.8729787575624971
-5.237872545374998
3.491915030250004
-4.1466490984218725
-3.0554256514687474
3.491915030250004
4.583138477203129
-15.058883567953124
-0.8729787575624971
-0.8729787575624971
-4.1466490984218725
0.21824468939062816
-1.9642022045156222
-0.8729787575624971
-20.515000802718752
2.4006915832968785
0.21824468939062816
-8.511542886234373
195.54724169400004
1.3094681363437535
-5.237872545374998
-0.8729787575624971
-0.8729787575624971
85.33367355173439
0.21824468939062816
25.316383969312508
4.583138477203129
0.21824468939062816
-4.1466490984218725
-6.329095992328123
-0.8729787575624971
3.491915030250004
201.00335892876566
-4.1466490984218725
2.4006915832968785
0.21824468939062816
0.21824468939062816
-1.9642022045156222
-1.9642022045156222
4.583138477203129
0.21824468939062816
0.21824468939062816
-6.329095992328123
-0.8729787575624971
-6.329095992328123
-11.785213227093749
1.3094681363437535
-1.9642022045156222
-4.1466490984218725
510.91081786345325
-0.8729787575624971
-5.237872545374998
76.6038859761094
1.3094681363437535
-5.237872545374998
475.9916675609532
-11.785213227093749
164.9929851793125
-4.1466490984218725
467.2618799853282
29.68127775712501
0.21824468939062816
-5.237872545374998
-0.8729787575624971
2.4006915832968785
0.21824468939062816
-4.1466490984218725
-0.8729787575624971
-6.329095992328123
-3.0554256514687474
0.21824468939062816
-6.329095992328123
-0.8729787575624971
3.491915030250004
-0.8729787575624971
1.3094681363437535
-4.1466490984218725
-1.9642022045156222
-4.1466490984218725
-3.0554256514687474
-0.8729787575624971
459.62331585665635
-1.9642022045156222
-3.0554256514687474
-4.1466490984218725
-11.785213227093749
-4.1466490984218725
-0.8729787575624971
0.21824468939062816
0.21824468939062816
3.491915030250004
-3.0554256514687474
-0.8729787575624971
-0.8729787575624971
-5.237872545374998
32.954948097984385
0.21824468939062816
-4.1466490984218725
-4.1466490984218725
-0.8729787575624971
-6.329095992328123
2.4006915832968785
-4.1466490984218725
-4.1466490984218725
-0.8729787575624971
150.8070803689219
3.491915030250004
1.3094681363437535
-0.8729787575624971
-1.9642022045156222
-0.8729787575624971
0.21824468939062816
-5.237872545374998
0.21824468939062816
-3.0554256514687474
-3.0554256514687474
2.4006915832968785
-16.15010701490625
-4.1466490984218725
-4.1466490984218725
-0.8729787575624971
1.3094681363437535
95.15468457431253
27.49883086321876
-24.87989459053125
0.21824468939062816
-10.693989780140624
-0.8729787575624971
-0.8729787575624971
-1.9642022045156222
-12.876436674046875
3.491915030250004
-5.237872545374998
-0.8729787575624971
0.21824468939062816
-1.9642022045156222
0.21824468939062816
-0.8729787575624971
-8.511542886234373
-0.8729787575624971
-17.241330461859377
-8.511542886234373
1.3094681363437535
-12.876436674046875
-3.0554256514687474
1.3094681363437535
0.21824468939062816
2.4006915832968785
-0.8729787575624971
0.21824468939062816
1.3094681363437535
-0.8729787575624971
-0.8729787575624971
0.21824468939062816
1.3094681363437535
-4.1466490984218725
-1.9642022045156222
0.21824468939062816
493.4512427122032
-6.329095992328123
1.3094681363437535
-4.1466490984218725
143.16851624025003
-1.9642022045156222
3.491915030250004
-4.1466490984218725
-4.1466490984218725
-0.8729787575624971
-1.9642022045156222
2.4006915832968785
1.3094681363437535
-4.1466490984218725
-5.237872545374998
1.3094681363437535
-0.8729787575624971
-4.1466490984218725
-5.237872545374998
-1.9642022045156222
-0.8729787575624971
-0.8729787575624971
-11.785213227093749
-0.8729787575624971
-0.8729787575624971
-9.6027663331875
-5.237872545374998
-3.0554256514687474
1.3094681363437535
-5.237872545374998
-3.0554256514687474
-5.237872545374998
3.491915030250004
-4.1466490984218725
-11.785213227093749
79.87755631696876
-0.8729787575624971
0.21824468939062816
4.583138477203129
-3.0554256514687474
4.583138477203129
-0.8729787575624971
2.4006915832968785
-13.967660121
-5.237872545374998
-3.0554256514687474
398.5148028272813
3.491915030250004
2.4006915832968785
-0.8729787575624971
-17.241330461859377
1.3094681363437535
-4.1466490984218725
0.21824468939062816
-32.51845871920313
-0.8729787575624971
0.21824468939062816
-0.8729787575624971
-0.8729787575624971
72.23899218829689
-1.9642022045156222
2.4006915832968785
-1.9642022045156222
0.21824468939062816
-3.0554256514687474
3.491915030250004
0.21824468939062816
-4.1466490984218725
3.491915030250004
-0.8729787575624971
85.33367355173439
-6.329095992328123
2.4006915832968785
-5.237872545374998
-1.9642022045156222
-4.1466490984218725
2.4006915832968785
-8.511542886234373
-6.329095992328123
2.4006915832968785
-0.8729787575624971
-6.329095992328123
1.3094681363437535
-0.8729787575624971
-8.511542886234373
1.3094681363437535
1.3094681363437535
0.21824468939062816
-0.8729787575624971
-5.237872545374998
1.3094681363437535
-5.237872545374998
0.21824468939062816
2.4006915832968785
3.491915030250004
-0.8729787575624971
31.86372465103126
-1.9642022045156222
3.491915030250004
-4.1466490984218725
0.21824468939062816
-5.237872545374998
-4.1466490984218725
-0.8729787575624971
0.21824468939062816
-4.1466490984218725
-8.511542886234373
-8.511542886234373
414.8831545315782
-3.0554256514687474
-3.0554256514687474
-0.8729787575624971
-17.241330461859377
-5.237872545374998
-0.8729787575624971
-0.8729787575624971
-6.329095992328123
2.4006915832968785
-0.8729787575624971
0.21824468939062816
1.3094681363437535
-0.8729787575624971
-7.420319439281249
2.4006915832968785
-0.8729787575624971
1.3094681363437535
-6.329095992328123
-3.0554256514687474
435.61640002368756
2.4006915832968785
-7.420319439281249
-0.8729787575624971
-0.8729787575624971
-0.8729787575624971
1.3094681363437535
4.583138477203129
0.21824468939062816
8.94803226501563
0.21824468939062816
-0.8729787575624971
-0.8729787575624971
0.21824468939062816
0.21824468939062816
-3.0554256514687474
-0.8729787575624971
0.21824468939062816
4.583138477203129
-0.8729787575624971
-5.237872545374998
0.21824468939062816
-0.8729787575624971
23.13393707540626
-15.058883567953124
205.36825271657816
-0.8729787575624971
-4.1466490984218725
-1.9642022045156222
-3.0554256514687474
-3.0554256514687474
2.4006915832968785
-9.6027663331875
252.29086093556253
0.21824468939062816
377.78155733517195
-7.420319439281249
3.491915030250004
0.21824468939062816
473.809220667047
3.491915030250004
-4.1466490984218725
-3.0554256514687474
338.4975132448594
-3.0554256514687474
0.21824468939062816
-4.1466490984218725
2.4006915832968785
-10.693989780140624
-4.1466490984218725
-0.8729787575624971
1.3094681363437535
-11.785213227093749
-11.785213227093749
-3.0554256514687474
2.4006915832968785
450.8935282810313
-0.8729787575624971
-4.1466490984218725
-8.511542886234373
-3.0554256514687474
-9.6027663331875
-5.237872545374998
-10.693989780140624
384.3288980168907
1.3094681363437535
-1.9642022045156222
1.3094681363437535
-8.511542886234373
0.21824468939062816
3.491915030250004
-0.8729787575624971
-1.9642022045156222
-1.9642022045156222
1.3094681363437535
496.7249130530626
-4.1466490984218725
-3.0554256514687474
0.21824468939062816
-1.9642022045156222
100.61080180907815
-0.8729787575624971
419.2480483193907
226.10149820868753
-0.8729787575624971
-6.329095992328123
3.491915030250004
0.21824468939062816
1.3094681363437535
4.583138477203129
-8.511542886234373
-1.9642022045156222
4.583138477203129
-1.9642022045156222
173.72277275493752
3.491915030250004
2.4006915832968785
-4.1466490984218725
-5.237872545374998
-0.8729787575624971
1.3094681363437535
-6.329095992328123
30.772501204078136
82.06000321087502
-11.785213227093749
-4.1466490984218725
1.3094681363437535
2.4006915832968785
2.4006915832968785
-7.420319439281249
1.3094681363437535
-4.1466490984218725
-45.61314008264063
42.77595912056251
-0.8729787575624971
-7.420319439281249
135.52995211157815
3.491915030250004
-20.515000802718752
-3.0554256514687474
-4.1466490984218725
-4.1466490984218725
124.6177176420469
-0.8729787575624971
0.21824468939062816
0.21824468939062816
423.6129421072032
-4.1466490984218725
-5.237872545374998
-1.9642022045156222
1.3094681363437535
-11.785213227093749
0.21824468939062816
0.21824468939062816
30.772501204078136
1.3094681363437535
-4.1466490984218725
-12.876436674046875
3.491915030250004
-11.785213227093749
2.4006915832968785
-5.237872545374998
2.4006915832968785
-0.8729787575624971
1.3094681363437535
-3.0554256514687474
-0.8729787575624971
2.4006915832968785
0.21824468939062816
-4.1466490984218725
0.21824468939062816
3.491915030250004
-4.1466490984218725
-0.8729787575624971
-0.8729787575624971
-0.8729787575624971
2.4006915832968785
-3.0554256514687474
269.75043608681256
-0.8729787575624971
-4.1466490984218725
2.4006915832968785
4.583138477203129
-4.1466490984218725
-0.8729787575624971
2.4006915832968785
-1.9642022045156222
-9.6027663331875
-4.1466490984218725
-3.0554256514687474
2.4006915832968785
-1.9642022045156222
-4.1466490984218725
-4.1466490984218725
-1.9642022045156222
-3.0554256514687474
-4.1466490984218725
277.38900021548443
-5.237872545374998
-0.8729787575624971
4.583138477203129
-8.511542886234373
94.0634611273594
-1.9642022045156222
-5.237872545374998
-3.0554256514687474
-7.420319439281249
-3.0554256514687474
1.3094681363437535
-5.237872545374998
4.583138477203129
-9.6027663331875
-0.8729787575624971
-1.9642022045156222
5.674361924156254
-0.8729787575624971
-0.8729787575624971
-1.9642022045156222
2.4006915832968785
1.3094681363437535
-9.6027663331875
-0.8729787575624971
-4.1466490984218725
-3.0554256514687474
0.21824468939062816
-0.8729787575624971
-0.8729787575624971
2.4006915832968785
-8.511542886234373
-1.9642022045156222
-5.237872545374998
0.21824468939062816
102.7932487029844
2.4006915832968785
-1.9642022045156222
1.3094681363437535
-3.0554256514687474
-0.8729787575624971
422.5217186602501
-6.329095992328123
5.674361924156254
-4.1466490984218725
2.4006915832968785
0.21824468939062816
70.05654529439065
-0.8729787575624971
-8.511542886234373
63.509204612671894
-1.9642022045156222
27.49883086321876
-4.1466490984218725
0.21824468939062816
-3.0554256514687474
-0.8729787575624971
-3.0554256514687474
374.50788699431257
0.21824468939062816
-4.1466490984218725
3.491915030250004
1.3094681363437535
0.21824468939062816
-0.8729787575624971
-0.8729787575624971
-1.9642022045156222
-3.0554256514687474
-0.8729787575624971
-0.8729787575624971
-5.237872545374998
1.3094681363437535
2.4006915832968785
3.491915030250004
80.9687797639219
439.9812938115001
3.491915030250004
5.674361924156254
-5.237872545374998
-0.8729787575624971
-4.1466490984218725
2.4006915832968785
64.60042805962502
-4.1466490984218725
-3.0554256514687474
-4.1466490984218725
-1.9642022045156222
2.4006915832968785
-4.1466490984218725
-5.237872545374998
229.3751685495469
2.4006915832968785
1.3094681363437535
1.3094681363437535
0.21824468939062816
-6.329095992328123
3.491915030250004
1.3094681363437535
0.21824468939062816
-0.8729787575624971
-0.8729787575624971
-4.1466490984218725
2.4006915832968785
-5.237872545374998
2.4006915832968785
-0.8729787575624971
-8.511542886234373
94.0634611273594
86.42489699868752
0.21824468939062816
3.491915030250004
-0.8729787575624971
-1.9642022045156222
86.42489699868752
-4.1466490984218725
3.491915030250004
7.856808818062505
-0.8729787575624971
4.583138477203129
0.21824468939062816
0.21824468939062816
-0.8729787575624971
-3.0554256514687474
2.4006915832968785
-1.9642022045156222
2.4006915832968785
3.491915030250004
-4.1466490984218725
-9.6027663331875
7.856808818062505
-7.420319439281249
-9.6027663331875
-4.1466490984218725
0.21824468939062816
27.49883086321876
-0.8729787575624971
-3.0554256514687474
0.21824468939062816
154.08075070978126
4.583138477203129
1.3094681363437535
2.4006915832968785
-0.8729787575624971
-4.1466490984218725
-0.8729787575624971
2.4006915832968785
-6.329095992328123
6.765585371109379
5.674361924156254
1.3094681363437535
-0.8729787575624971
4.583138477203129
1.3094681363437535
2.4006915832968785
-8.511542886234373
0.21824468939062816
-3.0554256514687474
0.21824468939062816
-0.8729787575624971
-32.51845871920313
35.13739499189064
0.21824468939062816
-9.6027663331875
1.3094681363437535
1.3094681363437535
-3.0554256514687474
-9.6027663331875
-0.8729787575624971
-8.511542886234373
-3.0554256514687474
-0.8729787575624971
-0.8729787575624971
-4.1466490984218725
1.3094681363437535
-0.8729787575624971
1.3094681363437535
-5.237872545374998
-3.0554256514687474
162.81053828540627
-12.876436674046875
0.21824468939062816
-3.0554256514687474
4.583138477203129
-4.1466490984218725
-0.8729787575624971
-3.0554256514687474
-0.8729787575624971
1.3094681363437535
-0.8729787575624971
512.0020413104063
0.21824468939062816
-4.1466490984218725
-4.1466490984218725
670.2294411186095
0.21824468939062816
-6.329095992328123
-4.1466490984218725
4.583138477203129
-3.0554256514687474
-18.3325539088125
-6.329095992328123
1.3094681363437535
-1.9642022045156222
400.6972497211876
1.3094681363437535
-0.8729787575624971
4.583138477203129
-15.058883567953124
-6.329095992328123
2.4006915832968785
-5.237872545374998
-7.420319439281249
101.70202525603128
-8.511542886234373
3.491915030250004
-33.609682166156254
3.491915030250004
-1.9642022045156222
-0.8729787575624971
-0.8729787575624971
-1.9642022045156222
1.3094681363437535
-6.329095992328123
-0.8729787575624971
2.4006915832968785
0.21824468939062816
2.4006915832968785
0.21824468939062816
-4.1466490984218725
2.4006915832968785
0.21824468939062816
2.4006915832968785
-9.6027663331875
3.491915030250004
-0.8729787575624971
3.491915030250004
-1.9642022045156222
3.491915030250004
-4.1466490984218725
125.70894108900004
5.674361924156254
-0.8729787575624971
-1.9642022045156222
-5.237872545374998
-8.511542886234373
-4.1466490984218725
-20.515000802718752
1.3094681363437535
0.21824468939062816
2.4006915832968785
0.21824468939062816
0.21824468939062816
-0.8729787575624971
-4.1466490984218725
0.21824468939062816
-0.8729787575624971
2.4006915832968785
0.21824468939062816
-7.420319439281249
-4.1466490984218725
2.4006915832968785
-6.329095992328123
4.583138477203129
0.21824468939062816
4.583138477203129
-1.9642022045156222
2.4006915832968785
3.491915030250004
-4.1466490984218725
-0.8729787575624971
2.4006915832968785
71.14776874134377
5.674361924156254
-0.8729787575624971
2.4006915832968785
-0.8729787575624971
2.4006915832968785
-9.6027663331875
434.52517657673445
-1.9642022045156222
4.583138477203129
-1.9642022045156222
-3.0554256514687474
0.21824468939062816
-1.9642022045156222
-4.1466490984218725
-0.8729787575624971
2.4006915832968785
-1.9642022045156222
2.4006915832968785
1.3094681363437535
-0.8729787575624971
-8.511542886234373
-8.511542886234373
-1.9642022045156222
-4.1466490984218725
-0.8729787575624971
0.21824468939062816
66.78287495353126
83.15122665782815
0.21824468939062816
-0.8729787575624971
-9.6027663331875
-0.8729787575624971
-3.0554256514687474
-3.0554256514687474
-1.9642022045156222
-4.1466490984218725
124.6177176420469
-0.8729787575624971
-0.8729787575624971
2.4006915832968785
0.21824468939062816
-11.785213227093749
34.04617154493751
606.9384811953283
-1.9642022045156222
-15.058883567953124
-3.0554256514687474
243.56107335993755
198.82091203485942
-4.1466490984218725
-1.9642022045156222
-3.0554256514687474
2.4006915832968785
136.6211755585313
-9.6027663331875
-0.8729787575624971
3.491915030250004
1.3094681363437535
0.21824468939062816
-1.9642022045156222
1.3094681363437535
-9.6027663331875
-5.237872545374998
3.491915030250004
1.3094681363437535
0.21824468939062816
2.4006915832968785
0.21824468939062816
-4.1466490984218725
95.15468457431253
457.4408689627501
-4.1466490984218725
-6.329095992328123
0.21824468939062816
3.491915030250004
-0.8729787575624971
-0.8729787575624971
2.4006915832968785
-13.967660121
-0.8729787575624971
-5.237872545374998
70.05654529439065
4.583138477203129
0.21824468939062816
0.21824468939062816
0.21824468939062816
0.21824468939062816
-3.0554256514687474
-6.329095992328123
-8.511542886234373
96.24590802126565
-3.0554256514687474
-4.1466490984218725
-13.967660121
317.7642677527501
1.3094681363437535
4.583138477203129
-6.329095992328123
-5.237872545374998
2.4006915832968785
-11.785213227093749
-4.1466490984218725
2.4006915832968785
-4.1466490984218725
-4.1466490984218725
-3.0554256514687474
-7.420319439281249
1.3094681363437535
2.4006915832968785
-8.511542886234373
2.4006915832968785
-0.8729787575624971
-10.693989780140624
-0.8729787575624971
-0.8729787575624971
-0.8729787575624971
0.21824468939062816
-0.8729787575624971
-4.1466490984218725
-3.0554256514687474
-1.9642022045156222
-6.329095992328123
-18.3325539088125
152.98952726282815
-0.8729787575624971
0.21824468939062816
2.4006915832968785
-5.237872545374998
-3.0554256514687474
72.23899218829689
2.4006915832968785
2.4006915832968785
4.583138477203129
-3.0554256514687474
1.3094681363437535
-15.058883567953124
26.407607416265634
52.59697014314064
3.491915030250004
-9.6027663331875
-0.8729787575624971
0.21824468939062816
247.92596714775004
524.0054992268907
-0.8729787575624971
130.07383487681253
1.3094681363437535
3.491915030250004
-15.058883567953124
-8.511542886234373
4.583138477203129
4.583138477203129
-8.511542886234373
-4.1466490984218725
0.21824468939062816
3.491915030250004
1.3094681363437535
561.1070964232971
-4.1466490984218725
0.21824468939062816
0.21824468939062816
-6.329095992328123
2.4006915832968785
3.491915030250004
0.21824468939062816
-0.8729787575624971
0.21824468939062816
-3.0554256514687474
-4.1466490984218725
4.583138477203129
87.51612044564065
0.21824468939062816
-1.9642022045156222
-6.329095992328123
-15.058883567953124
-0.8729787575624971
-0.8729787575624971
-3.0554256514687474
-0.8729787575624971
1.3094681363437535
-3.0554256514687474
-4.1466490984218725
1.3094681363437535
-10.693989780140624
0.21824468939062816
6.765585371109379
0.21824468939062816
3.491915030250004
-0.8729787575624971
80.9687797639219
2.4006915832968785
3.491915030250004
-3.0554256514687474
-5.237872545374998
-0.8729787575624971
2.4006915832968785
63.509204612671894
498.9073599469688
-0.8729787575624971
-0.8729787575624971
-4.1466490984218725
-19.423777355765626
-5.237872545374998
-0.8729787575624971
-6.329095992328123
-3.0554256514687474
379.96400422907817
-3.0554256514687474
-3.0554256514687474
-0.8729787575624971
541.4650743781407
-15.058883567953124
-0.8729787575624971
-5.237872545374998
3.491915030250004
-0.8729787575624971
-5.237872545374998
1.3094681363437535
-6.329095992328123
-28.153564931390626
-0.8729787575624971
68.96532184743752
-0.8729787575624971
-5.237872545374998
-4.1466490984218725
-6.329095992328123
-3.0554256514687474
-6.329095992328123
-3.0554256514687474
-5.237872545374998
0.21824468939062816
2.4006915832968785
-8.511542886234373
-9.6027663331875
4.583138477203129
-4.1466490984218725
2.4006915832968785
-4.1466490984218725
-4.1466490984218725
-1.9642022045156222
-3.0554256514687474
0.21824468939062816
-3.0554256514687474
-0.8729787575624971
1.3094681363437535
-9.6027663331875
-0.8729787575624971
-0.8729787575624971
-0.8729787575624971
-0.8729787575624971
-6.329095992328123
-10.693989780140624
-0.8729787575624971
-1.9642022045156222
0.21824468939062816
-10.693989780140624
139.89484589939065
-16.15010701490625
-7.420319439281249
-1.9642022045156222
-5.237872545374998
0.21824468939062816
478.1741144548595
3.491915030250004
-1.9642022045156222
0.21824468939062816
0.21824468939062816
-4.1466490984218725
-3.0554256514687474
3.491915030250004
4.583138477203129
1.3094681363437535
0.21824468939062816
51.505746696187515
-6.329095992328123
4.583138477203129
-1.9642022045156222
-0.8729787575624971
-0.8729787575624971
0.21824468939062816
-3.0554256514687474
0.21824468939062816
-5.237872545374998
4.583138477203129
-4.1466490984218725
2.4006915832968785
4.583138477203129
-0.8729787575624971
-0.8729787575624971
-0.8729787575624971
-0.8729787575624971
-5.237872545374998
-8.511542886234373
-0.8729787575624971
0.21824468939062816
-3.0554256514687474
0.21824468939062816
-3.0554256514687474
-0.8729787575624971
5.674361924156254
-9.6027663331875
2.4006915832968785
1.3094681363437535
-8.511542886234373
3.491915030250004
-0.8729787575624971
-1.9642022045156222
-6.329095992328123
-1.9642022045156222
-3.0554256514687474
-4.1466490984218725
54.77941703704689
-0.8729787575624971
-12.876436674046875
-3.0554256514687474
2.4006915832968785
-5.237872545374998
8.94803226501563
0.21824468939062816
-0.8729787575624971
-3.0554256514687474
-0.8729787575624971
172.6315493079844
