4.825753034378021
-5.715940487321527
0.14055591362266598
-4.544641207132688
-8.058539047699204
179.34934578251497
-3.37334192694385
-1.0307433665661727
-1.0307433665661727
-3.37334192694385
3.654453754189182
321.07655868536443
-3.37334192694385
93.84449832872976
-10.401137608076882
-1.0307433665661727
0.14055591362266598
-3.37334192694385
-4.544641207132688
0.14055591362266598
-2.2020426467550114
-1.0307433665661727
-11.57243688826572
3.654453754189182
-3.37334192694385
-8.058539047699204
4.825753034378021
-8.058539047699204
59.87681920325344
-4.544641207132688
4.825753034378021
173.49284938157078
-5.715940487321527
0.14055591362266598
-4.544641207132688
2.4831544740003433
-1.0307433665661727
-1.0307433665661727
-1.0307433665661727
-2.2020426467550114
-6.887239767510366
-3.37334192694385
3.654453754189182
0.14055591362266598
-25.628028250531784
-1.0307433665661727
1.3118551938115046
-4.544641207132688
-11.57243688826572
-10.401137608076882
-3.37334192694385
2.4831544740003433
3.654453754189182
-1.0307433665661727
4.825753034378021
-2.2020426467550114
-3.37334192694385
1.3118551938115046
0.14055591362266598
-4.544641207132688
3.654453754189182
-18.600232569398752
0.14055591362266598
-3.37334192694385
-2.2020426467550114
-3.37334192694385
-2.2020426467550114
-6.887239767510366
2.4831544740003433
-3.37334192694385
4.825753034378021
2.4831544740003433
-19.771531849587593
-2.2020426467550114
-3.37334192694385
0.14055591362266598
-11.57243688826572
-4.544641207132688
3.654453754189182
2.4831544740003433
-4.544641207132688
-1.0307433665661727
-5.715940487321527
-11.57243688826572
8.339650874944537
-1.0307433665661727
-1.0307433665661727
-4.544641207132688
-9.229838327888043
0.14055591362266598
57.53422064287576
-37.341021052420174
1.3118551938115046
-4.544641207132688
4.825753034378021
-9.229838327888043
0.14055591362266598
-1.0307433665661727
-1.0307433665661727
2.4831544740003433
0.14055591362266598
4.825753034378021
-12.743736168454559
0.14055591362266598
-2.2020426467550114
121.95568105326188
-5.715940487321527
2.4831544740003433
516.6835384769005
243.77080619290112
-1.0307433665661727
494.42885215331256
-1.0307433665661727
-1.0307433665661727
2.4831544740003433
52.849023522120405
-19.771531849587593
-1.0307433665661727
-9.229838327888043
4.825753034378021
-1.0307433665661727
-2.2020426467550114
-1.0307433665661727
-1.0307433665661727
120.78438177307305
-2.2020426467550114
2.4831544740003433
-8.058539047699204
-17.428933289209915
3.654453754189182
-2.2020426467550114
-8.058539047699204
-9.229838327888043
-10.401137608076882
-6.887239767510366
-1.0307433665661727
-1.0307433665661727
-1.0307433665661727
-3.37334192694385
207.46052850704712
-4.544641207132688
-4.544641207132688
-3.37334192694385
3.654453754189182
3.654453754189182
-4.544641207132688
-5.715940487321527
-4.544641207132688
-3.37334192694385
100.87229400986278
-1.0307433665661727
-8.058539047699204
-5.715940487321527
4.825753034378021
-1.0307433665661727
-10.401137608076882
0.14055591362266598
-1.0307433665661727
-2.2020426467550114
0.14055591362266598
-8.058539047699204
1.3118551938115046
-8.058539047699204
-4.544641207132688
-3.37334192694385
370.27112845329566
-6.887239767510366
-5.715940487321527
-2.2020426467550114
266.02549251648907
-4.544641207132688
3.654453754189182
2.4831544740003433
-3.37334192694385
-5.715940487321527
304.6783687627207
-11.57243688826572
0.14055591362266598
-3.37334192694385
0.14055591362266598
2.4831544740003433
-2.2020426467550114
-11.57243688826572
-1.0307433665661727
-1.0307433665661727
-2.2020426467550114
-2.2020426467550114
257.82639755516715
-24.456728970342947
-1.0307433665661727
4.825753034378021
406.5814061391497
426.49349390235994
2.4831544740003433
-3.37334192694385
34.108235039098986
-1.0307433665661727
-5.715940487321527
-2.2020426467550114
431.1786910231153
-1.0307433665661727
-4.544641207132688
0.14055591362266598
4.825753034378021
3.654453754189182
-16.257634009021075
-3.37334192694385
-5.715940487321527
2.4831544740003433
79.7889069664637
-5.715940487321527
4.825753034378021
311.70616444385377
-6.887239767510366
-3.37334192694385
0.14055591362266598
0.14055591362266598
-9.229838327888043
-3.37334192694385
-1.0307433665661727
30.59433719853247
-16.257634009021075
2.4831544740003433
-2.2020426467550114
0.14055591362266598
325.7617558061198
3.654453754189182
0.14055591362266598
-6.887239767510366
-4.544641207132688
32.936935758910145
-8.058539047699204
-2.2020426467550114
-1.0307433665661727
-4.544641207132688
0.14055591362266598
-3.37334192694385
-1.0307433665661727
-3.37334192694385
-1.0307433665661727
-4.544641207132688
3.654453754189182
-1.0307433665661727
-1.0307433665661727
2.4831544740003433
-3.37334192694385
-1.0307433665661727
-3.37334192694385
-8.058539047699204
-1.0307433665661727
-11.57243688826572
-1.0307433665661727
-4.544641207132688
-16.257634009021075
-2.2020426467550114
7.168351594755698
-1.0307433665661727
-3.37334192694385
0.14055591362266598
-18.600232569398752
-6.887239767510366
-4.544641207132688
2.4831544740003433
64.5620163240088
-10.401137608076882
-5.715940487321527
-6.887239767510366
-4.544641207132688
289.4514781202658
-5.715940487321527
-18.600232569398752
-4.544641207132688
3.654453754189182
3.654453754189182
2.4831544740003433
4.825753034378021
3.654453754189182
-2.2020426467550114
-1.0307433665661727
0.14055591362266598
-4.544641207132688
0.14055591362266598
0.14055591362266598
-13.915035448643398
-1.0307433665661727
-1.0307433665661727
-1.0307433665661727
-1.0307433665661727
2.4831544740003433
-19.771531849587593
-2.2020426467550114
2.4831544740003433
-2.2020426467550114
68.07591416457531
59.87681920325344
-4.544641207132688
-6.887239767510366
-4.544641207132688
-3.37334192694385
3.654453754189182
-5.715940487321527
-1.0307433665661727
-3.37334192694385
4.825753034378021
2.4831544740003433
440.549085264626
2.4831544740003433
-5.715940487321527
3.654453754189182
557.6790132835099
-1.0307433665661727
2.4831544740003433
0.14055591362266598
4.825753034378021
0.14055591362266598
34.108235039098986
-2.2020426467550114
-1.0307433665661727
32.936935758910145
-2.2020426467550114
-9.229838327888043
-3.37334192694385
-4.544641207132688
3.654453754189182
-1.0307433665661727
-2.2020426467550114
2.4831544740003433
-4.544641207132688
-1.0307433665661727
-2.2020426467550114
-5.715940487321527
-6.887239767510366
-3.37334192694385
29.42303791834363
-18.600232569398752
-4.544641207132688
0.14055591362266598
-6.887239767510366
-17.428933289209915
8.339650874944537
0.14055591362266598
-3.37334192694385
-5.715940487321527
-1.0307433665661727
-9.229838327888043
0.14055591362266598
-8.058539047699204
-10.401137608076882
2.4831544740003433
-9.229838327888043
37.6221328796655
-1.0307433665661727
-4.544641207132688
-1.0307433665661727
0.14055591362266598
0.14055591362266598
-3.37334192694385
180.5206450627038
4.825753034378021
-2.2020426467550114
0.14055591362266598
0.14055591362266598
0.14055591362266598
-2.2020426467550114
3.654453754189182
124.29827961363956
-3.37334192694385
-4.544641207132688
-2.2020426467550114
-3.37334192694385
-1.0307433665661727
-4.544641207132688
-5.715940487321527
-3.37334192694385
-37.341021052420174
-4.544641207132688
-3.37334192694385
-1.0307433665661727
-5.715940487321527
4.825753034378021
4.825753034378021
3.654453754189182
-5.715940487321527
4.825753034378021
-4.544641207132688
0.14055591362266598
-3.37334192694385
91.50189976835208
-13.915035448643398
-4.544641207132688
127.81217745420608
-3.37334192694385
-10.401137608076882
-6.887239767510366
-6.887239767510366
-8.058539047699204
-10.401137608076882
-2.2020426467550114
-1.0307433665661727
-15.086334728832236
23.56654151739944
-3.37334192694385
-3.37334192694385
-2.2020426467550114
-3.37334192694385
-4.544641207132688
-1.0307433665661727
-4.544641207132688
-4.544641207132688
2.4831544740003433
440.549085264626
-1.0307433665661727
1.3118551938115046
-3.37334192694385
-1.0307433665661727
-46.711415293930884
45.821227840987376
0.14055591362266598
-1.0307433665661727
-3.37334192694385
-1.0307433665661727
-22.11413040996527
-3.37334192694385
-2.2020426467550114
-1.0307433665661727
-1.0307433665661727
-3.37334192694385
-30.31322537128714
-2.2020426467550114
2.4831544740003433
0.14055591362266598
2.4831544740003433
-4.544641207132688
-1.0307433665661727
-2.2020426467550114
-1.0307433665661727
-22.11413040996527
-12.743736168454559
-8.058539047699204
2.4831544740003433
-1.0307433665661727
-3.37334192694385
-4.544641207132688
0.14055591362266598
-2.2020426467550114
-3.37334192694385
-5.715940487321527
-4.544641207132688
-5.715940487321527
-1.0307433665661727
-15.086334728832236
-9.229838327888043
3.654453754189182
-4.544641207132688
2.4831544740003433
-4.544641207132688
0.14055591362266598
-6.887239767510366
-18.600232569398752
-5.715940487321527
0.14055591362266598
-2.2020426467550114
-6.887239767510366
-4.544641207132688
-1.0307433665661727
-3.37334192694385
355.0442378108408
-4.544641207132688
-4.544641207132688
-1.0307433665661727
2.4831544740003433
-1.0307433665661727
-9.229838327888043
2.4831544740003433
-2.2020426467550114
1.3118551938115046
0.14055591362266598
0.14055591362266598
1.3118551938115046
-1.0307433665661727
250.79860187403415
-4.544641207132688
-2.2020426467550114
-4.544641207132688
-1.0307433665661727
7.168351594755698
351.53033997027427
3.654453754189182
-4.544641207132688
4.825753034378021
0.14055591362266598
2.4831544740003433
-1.0307433665661727
-5.715940487321527
-1.0307433665661727
173.49284938157078
0.14055591362266598
-1.0307433665661727
-11.57243688826572
-1.0307433665661727
1.3118551938115046
2.4831544740003433
0.14055591362266598
2.4831544740003433
-2.2020426467550114
2.4831544740003433
-8.058539047699204
0.14055591362266598
-4.544641207132688
0.14055591362266598
392.52581477688364
3.654453754189182
-3.37334192694385
61.04811848344227
4.825753034378021
4.825753034378021
-5.715940487321527
11.853548715511053
61.04811848344227
-3.37334192694385
-3.37334192694385
-1.0307433665661727
332.7895514872528
-1.0307433665661727
0.14055591362266598
7.168351594755698
2.4831544740003433
-2.2020426467550114
-1.0307433665661727
-2.2020426467550114
2.4831544740003433
-2.2020426467550114
-3.37334192694385
3.654453754189182
0.14055591362266598
-3.37334192694385
-2.2020426467550114
-3.37334192694385
-9.229838327888043
-11.57243688826572
-3.37334192694385
-4.544641207132688
264.8541932363002
-2.2020426467550114
4.825753034378021
-4.544641207132688
-5.715940487321527
5.99705231456686
-1.0307433665661727
-5.715940487321527
-1.0307433665661727
1.3118551938115046
-4.544641207132688
-9.229838327888043
4.825753034378021
244.94210547308995
-18.600232569398752
-10.401137608076882
2.4831544740003433
0.14055591362266598
-1.0307433665661727
-2.2020426467550114
0.14055591362266598
36.45083359947667
-2.2020426467550114
-13.915035448643398
-4.544641207132688
-3.37334192694385
-3.37334192694385
1.3118551938115046
4.825753034378021
2.4831544740003433
1.3118551938115046
195.74753570515873
-3.37334192694385
-2.2020426467550114
84.47410408721905
3.654453754189182
3.654453754189182
-4.544641207132688
-4.544641207132688
3.654453754189182
-5.715940487321527
-4.544641207132688
-1.0307433665661727
-5.715940487321527
134.8399731353391
336.30344932781935
-5.715940487321527
-13.915035448643398
4.825753034378021
-2.2020426467550114
-2.2020426467550114
-1.0307433665661727
-1.0307433665661727
-36.169721772231334
61.04811848344227
2.4831544740003433
0.14055591362266598
-13.915035448643398
-3.37334192694385
0.14055591362266598
-8.058539047699204
2.4831544740003433
-3.37334192694385
-4.544641207132688
2.4831544740003433
-12.743736168454559
-1.0307433665661727
-1.0307433665661727
-15.086334728832236
-2.2020426467550114
-3.37334192694385
0.14055591362266598
1.3118551938115046
-4.544641207132688
-2.2020426467550114
64.5620163240088
-4.544641207132688
-5.715940487321527
-4.544641207132688
-2.2020426467550114
-4.544641207132688
-5.715940487321527
29.42303791834363
-4.544641207132688
-3.37334192694385
2.4831544740003433
2.4831544740003433
-1.0307433665661727
-1.0307433665661727
-5.715940487321527
4.825753034378021
298.8218723617765
-1.0307433665661727
0.14055591362266598
-1.0307433665661727
-12.743736168454559
-3.37334192694385
3.654453754189182
-3.37334192694385
-6.887239767510366
-1.0307433665661727
59.87681920325344
-17.428933289209915
-1.0307433665661727
-8.058539047699204
-5.715940487321527
3.654453754189182
-1.0307433665661727
-3.37334192694385
-1.0307433665661727
4.825753034378021
4.825753034378021
-4.544641207132688
30.59433719853247
2.4831544740003433
0.14055591362266598
-2.2020426467550114
-9.229838327888043
1.3118551938115046
0.14055591362266598
-5.715940487321527
345.6738435693301
3.654453754189182
-3.37334192694385
-11.57243688826572
-3.37334192694385
4.825753034378021
-1.0307433665661727
0.14055591362266598
2.4831544740003433
-5.715940487321527
3.654453754189182
-3.37334192694385
-10.401137608076882
-1.0307433665661727
0.14055591362266598
-3.37334192694385
-15.086334728832236
-2.2020426467550114
-9.229838327888043
-3.37334192694385
192.2336378645922
-3.37334192694385
-5.715940487321527
-10.401137608076882
0.14055591362266598
-3.37334192694385
-8.058539047699204
34.108235039098986
97.35839616929627
-1.0307433665661727
-3.37334192694385
-4.544641207132688
7.168351594755698
0.14055591362266598
-4.544641207132688
167.63635298062658
139.52517025609447
4.825753034378021
-8.058539047699204
-3.37334192694385
3.654453754189182
-1.0307433665661727
-2.2020426467550114
-8.058539047699204
-2.2020426467550114
8.339650874944537
0.14055591362266598
-5.715940487321527
-5.715940487321527
-1.0307433665661727
-1.0307433665661727
-8.058539047699204
-8.058539047699204
-4.544641207132688
-1.0307433665661727
-2.2020426467550114
196.91883498534756
1.3118551938115046
4.825753034378021
-4.544641207132688
-4.544641207132688
465.14637014859164
2.4831544740003433
-1.0307433665661727
3.654453754189182
1.3118551938115046
-1.0307433665661727
-4.544641207132688
4.825753034378021
-2.2020426467550114
-1.0307433665661727
1.3118551938115046
2.4831544740003433
0.14055591362266598
2.4831544740003433
1.3118551938115046
73.9324105655195
-1.0307433665661727
-3.37334192694385
2.4831544740003433
-3.37334192694385
-1.0307433665661727
-4.544641207132688
7.168351594755698
-13.915035448643398
-5.715940487321527
-1.0307433665661727
3.654453754189182
0.14055591362266598
1.3118551938115046
30.59433719853247
-25.628028250531784
276.5671860381886
480.3732607910465
-3.37334192694385
0.14055591362266598
-2.2020426467550114
-15.086334728832236
-2.2020426467550114
-1.0307433665661727
-1.0307433665661727
-1.0307433665661727
-4.544641207132688
-4.544641207132688
-12.743736168454559
-10.401137608076882
-2.2020426467550114
-15.086334728832236
-12.743736168454559
-2.2020426467550114
-13.915035448643398
-1.0307433665661727
-4.544641207132688
3.654453754189182
1.3118551938115046
3.654453754189182
0.14055591362266598
4.825753034378021
-3.37334192694385
-10.401137608076882
2.4831544740003433
-3.37334192694385
3.654453754189182
1.3118551938115046
-4.544641207132688
7.168351594755698
-5.715940487321527
-2.2020426467550114
-1.0307433665661727
2.4831544740003433
-2.2020426467550114
-4.544641207132688
-6.887239767510366
-2.2020426467550114
-2.2020426467550114
0.14055591362266598
-1.0307433665661727
2.4831544740003433
-11.57243688826572
403.06750829858316
-2.2020426467550114
-4.544641207132688
3.654453754189182
-6.887239767510366
-2.2020426467550114
4.825753034378021
0.14055591362266598
-11.57243688826572
1.3118551938115046
4.825753034378021
-6.887239767510366
-4.544641207132688
-4.544641207132688
8.339650874944537
-1.0307433665661727
7.168351594755698
-10.401137608076882
2.4831544740003433
315.2200622844203
-11.57243688826572
-3.37334192694385
-3.37334192694385
-3.37334192694385
3.654453754189182
-1.0307433665661727
0.14055591362266598
4.825753034378021
4.825753034378021
-10.401137608076882
-3.37334192694385
-6.887239767510366
-1.0307433665661727
4.825753034378021
3.654453754189182
98.52969544948512
-10.401137608076882
-2.2020426467550114
4.825753034378021
2.4831544740003433
-32.65582393166482
-1.0307433665661727
-2.2020426467550114
2.4831544740003433
-11.57243688826572
3.654453754189182
0.14055591362266598
52.849023522120405
-1.0307433665661727
4.825753034378021
0.14055591362266598
3.654453754189182
2.4831544740003433
-1.0307433665661727
1.3118551938115046
2.4831544740003433
3.654453754189182
-9.229838327888043
4.825753034378021
-4.544641207132688
-2.2020426467550114
-6.887239767510366
-2.2020426467550114
-4.544641207132688
-6.887239767510366
-2.2020426467550114
161.7798565796824
-3.37334192694385
-3.37334192694385
-2.2020426467550114
-8.058539047699204
-6.887239767510366
-4.544641207132688
2.4831544740003433
-3.37334192694385
-4.544641207132688
-3.37334192694385
-1.0307433665661727
-5.715940487321527
4.825753034378021
-4.544641207132688
172.32155010138194
32.936935758910145
-1.0307433665661727
-4.544641207132688
-4.544641207132688
-3.37334192694385
-1.0307433665661727
-1.0307433665661727
-1.0307433665661727
-4.544641207132688
-9.229838327888043
-9.229838327888043
-2.2020426467550114
-4.544641207132688
-1.0307433665661727
-9.229838327888043
-4.544641207132688
-20.94283112977643
-4.544641207132688
-2.2020426467550114
2.4831544740003433
-1.0307433665661727
1.3118551938115046
-1.0307433665661727
-1.0307433665661727
-1.0307433665661727
-1.0307433665661727
-15.086334728832236
-1.0307433665661727
-4.544641207132688
0.14055591362266598
-6.887239767510366
-6.887239767510366
-12.743736168454559
2.4831544740003433
0.14055591362266598
0.14055591362266598
-4.544641207132688
-4.544641207132688
7.168351594755698
5.99705231456686
0.14055591362266598
-2.2020426467550114
-1.0307433665661727
-1.0307433665661727
-11.57243688826572
8.339650874944537
-1.0307433665661727
-10.401137608076882
-5.715940487321527
5.99705231456686
0.14055591362266598
-3.37334192694385
-4.544641207132688
264.8541932363002
4.825753034378021
-1.0307433665661727
577.5911010467202
-1.0307433665661727
2.4831544740003433
-5.715940487321527
-4.544641207132688
1.3118551938115046
-4.544641207132688
2.4831544740003433
-15.086334728832236
10.682249435322214
-1.0307433665661727
-4.544641207132688
-4.544641207132688
-2.2020426467550114
-8.058539047699204
-5.715940487321527
-1.0307433665661727
-8.058539047699204
-3.37334192694385
-4.544641207132688
-3.37334192694385
2.4831544740003433
-2.2020426467550114
0.14055591362266598
-10.401137608076882
-4.544641207132688
7.168351594755698
8.339650874944537
-10.401137608076882
-11.57243688826572
-2.2020426467550114
-4.544641207132688
-4.544641207132688
225.0300177098797
-5.715940487321527
-5.715940487321527
-1.0307433665661727
-4.544641207132688
285.9375802796993
-12.743736168454559
-9.229838327888043
4.825753034378021
-10.401137608076882
7.168351594755698
-6.887239767510366
-3.37334192694385
3.654453754189182
-3.37334192694385
-1.0307433665661727
-1.0307433665661727
-1.0307433665661727
-13.915035448643398
4.825753034378021
-1.0307433665661727
-1.0307433665661727
3.654453754189182
-1.0307433665661727
-4.544641207132688
-1.0307433665661727
-2.2020426467550114
-1.0307433665661727
-6.887239767510366
-1.0307433665661727
-5.715940487321527
1.3118551938115046
2.4831544740003433
-4.544641207132688
-1.0307433665661727
-1.0307433665661727
91.50189976835208
-3.37334192694385
-1.0307433665661727
2.4831544740003433
112.58528681175117
-6.887239767510366
-2.2020426467550114
-4.544641207132688
-4.544641207132688
35.279534319287826
2.4831544740003433
-10.401137608076882
-4.544641207132688
0.14055591362266598
59.87681920325344
5.99705231456686
-13.915035448643398
3.654453754189182
-8.058539047699204
-44.3688167335532
45.821227840987376
-3.37334192694385
-5.715940487321527
3.654453754189182
4.825753034378021
-19.771531849587593
1.3118551938115046
-1.0307433665661727
119.6130824928842
-3.37334192694385
-5.715940487321527
-2.2020426467550114
-9.229838327888043
-9.229838327888043
-2.2020426467550114
-9.229838327888043
3.654453754189182
-1.0307433665661727
-8.058539047699204
-1.0307433665661727
-1.0307433665661727
31.76563647872131
282.4236824391328
0.14055591362266598
-11.57243688826572
63.390717043819954
-19.771531849587593
75.10370984570834
-2.2020426467550114
-1.0307433665661727
-5.715940487321527
4.825753034378021
3.654453754189182
77.44630840608602
0.14055591362266598
4.825753034378021
3.654453754189182
4.825753034378021
0.14055591362266598
-3.37334192694385
2.4831544740003433
269.53939035705554
-9.229838327888043
-2.2020426467550114
-6.887239767510366
-1.0307433665661727
-5.715940487321527
-1.0307433665661727
2.4831544740003433
2.4831544740003433
0.14055591362266598
-2.2020426467550114
-4.544641207132688
296.47927380139885
-1.0307433665661727
-2.2020426467550114
-3.37334192694385
2.4831544740003433
2.4831544740003433
-2.2020426467550114
-6.887239767510366
-1.0307433665661727
0.14055591362266598
253.14120043441181
-4.544641207132688
-2.2020426467550114
3.654453754189182
2.4831544740003433
-10.401137608076882
3.654453754189182
-5.715940487321527
93.84449832872976
-3.37334192694385
-5.715940487321527
-2.2020426467550114
1.3118551938115046
-1.0307433665661727
0.14055591362266598
-11.57243688826572
-1.0307433665661727
144.21036737684983
7.168351594755698
-1.0307433665661727
-1.0307433665661727
0.14055591362266598
125.4695788938284
2.4831544740003433
-9.229838327888043
-5.715940487321527
-9.229838327888043
0.14055591362266598
-4.544641207132688
0.14055591362266598
-2.2020426467550114
-3.37334192694385
-8.058539047699204
-1.0307433665661727
-2.2020426467550114
322.2478579655533
4.825753034378021
-1.0307433665661727
-3.37334192694385
-6.887239767510366
-3.37334192694385
-1.0307433665661727
-4.544641207132688
-8.058539047699204
3.654453754189182
-6.887239767510366
2.4831544740003433
-2.2020426467550114
1.3118551938115046
-4.544641207132688
-3.37334192694385
0.14055591362266598
2.4831544740003433
35.279534319287826
0.14055591362266598
4.825753034378021
72.76111128533066
-3.37334192694385
-1.0307433665661727
0.14055591362266598
2.4831544740003433
-10.401137608076882
-4.544641207132688
2.4831544740003433
-2.2020426467550114
3.654453754189182
-1.0307433665661727
3.654453754189182
86.81670264759673
-2.2020426467550114
-1.0307433665661727
-13.915035448643398
-4.544641207132688
-1.0307433665661727
-3.37334192694385
4.825753034378021
3.654453754189182
0.14055591362266598
8.339650874944537
4.825753034378021
-4.544641207132688
-4.544641207132688
-4.544641207132688
7.168351594755698
-1.0307433665661727
-4.544641207132688
-8.058539047699204
-3.37334192694385
-4.544641207132688
137.1825716957168
-4.544641207132688
2.4831544740003433
-4.544641207132688
-4.544641207132688
-4.544641207132688
117.27048393250654
-6.887239767510366
1.3118551938115046
-3.37334192694385
-5.715940487321527
-1.0307433665661727
-1.0307433665661727
0.14055591362266598
2.4831544740003433
463.9750708684028
-3.37334192694385
-3.37334192694385
-9.229838327888043
5.99705231456686
-4.544641207132688
-1.0307433665661727
-1.0307433665661727
93.84449832872976
390.18321621650597
4.825753034378021
-5.715940487321527
1.3118551938115046
-3.37334192694385
-4.544641207132688
3.654453754189182
-4.544641207132688
0.14055591362266598
-2.2020426467550114
-3.37334192694385
-1.0307433665661727
3.654453754189182
0.14055591362266598
0.14055591362266598
-3.37334192694385
-4.544641207132688
4.825753034378021
-2.2020426467550114
-5.715940487321527
-1.0307433665661727
-2.2020426467550114
32.936935758910145
0.14055591362266598
-5.715940487321527
-1.0307433665661727
-8.058539047699204
-5.715940487321527
2.4831544740003433
102.04359329005163
1.3118551938115046
-1.0307433665661727
-4.544641207132688
-6.887239767510366
-4.544641207132688
65.73331560419763
2.4831544740003433
-1.0307433665661727
-4.544641207132688
4.825753034378021
57.53422064287576
0.14055591362266598
-9.229838327888043
3.654453754189182
-3.37334192694385
-1.0307433665661727
4.825753034378021
558.8503125636987
37.6221328796655
-2.2020426467550114
-15.086334728832236
62.219417763631114
-1.0307433665661727
3.654453754189182
-1.0307433665661727
-1.0307433665661727
-9.229838327888043
-2.2020426467550114
-2.2020426467550114
-1.0307433665661727
-1.0307433665661727
-3.37334192694385
-3.37334192694385
2.4831544740003433
-2.2020426467550114
0.14055591362266598
-3.37334192694385
583.4475974476643
0.14055591362266598
-4.544641207132688
3.654453754189182
-2.2020426467550114
0.14055591362266598
3.654453754189182
0.14055591362266598
-5.715940487321527
-4.544641207132688
-10.401137608076882
-2.2020426467550114
-4.544641207132688
-3.37334192694385
-30.31322537128714
0.14055591362266598
-5.715940487321527
-1.0307433665661727
-1.0307433665661727
-1.0307433665661727
-19.771531849587593
220.34482058912434
-4.544641207132688
-1.0307433665661727
-4.544641207132688
61.04811848344227
-1.0307433665661727
-2.2020426467550114
-13.915035448643398
-4.544641207132688
2.4831544740003433
0.14055591362266598
-6.887239767510366
-2.2020426467550114
-10.401137608076882
0.14055591362266598
-36.169721772231334
2.4831544740003433
-6.887239767510366
-6.887239767510366
-4.544641207132688
-4.544641207132688
-2.2020426467550114
-5.715940487321527
-1.0307433665661727
2.4831544740003433
-1.0307433665661727
3.654453754189182
2.4831544740003433
-3.37334192694385
-2.2020426467550114
78.61760768627485
7.168351594755698
-13.915035448643398
-4.544641207132688
-3.37334192694385
-2.2020426467550114
0.14055591362266598
0.14055591362266598
405.41010685896083
-1.0307433665661727
1.3118551938115046
-2.2020426467550114
-5.715940487321527
1.3118551938115046
2.4831544740003433
-9.229838327888043
-18.600232569398752
-1.0307433665661727
-9.229838327888043
-8.058539047699204
0.14055591362266598
-2.2020426467550114
-3.37334192694385
-3.37334192694385
-4.544641207132688
-1.0307433665661727
-3.37334192694385
1.3118551938115046
-10.401137608076882
-4.544641207132688
2.4831544740003433
-3.37334192694385
-1.0307433665661727
-1.0307433665661727
83.30280480703021
-6.887239767510366
-2.2020426467550114
1.3118551938115046
0.14055591362266598
-1.0307433665661727
5.99705231456686
2.4831544740003433
-4.544641207132688
-4.544641207132688
0.14055591362266598
-3.37334192694385
-3.37334192694385
-5.715940487321527
-2.2020426467550114
463.9750708684028
3.654453754189182
-5.715940487321527
-1.0307433665661727
0.14055591362266598
-4.544641207132688
0.14055591362266598
405.41010685896083
-4.544641207132688
3.654453754189182
-2.2020426467550114
189.89103930421453
-1.0307433665661727
-3.37334192694385
-4.544641207132688
-2.2020426467550114
-1.0307433665661727
1.3118551938115046
0.14055591362266598
1.3118551938115046
0.14055591362266598
58.7055199230646
-4.544641207132688
-5.715940487321527
-3.37334192694385
3.654453754189182
-3.37334192694385
0.14055591362266598
-3.37334192694385
294.1366752410212
27.080439357965954
-4.544641207132688
-1.0307433665661727
-1.0307433665661727
-11.57243688826572
39.96473144004318
-23.285429690154107
-11.57243688826572
-11.57243688826572
-4.544641207132688
-1.0307433665661727
0.14055591362266598
-10.401137608076882
0.14055591362266598
-2.2020426467550114
-4.544641207132688
-4.544641207132688
-9.229838327888043
-9.229838327888043
-3.37334192694385
-2.2020426467550114
3.654453754189182
-3.37334192694385
3.654453754189182
-6.887239767510366
-4.544641207132688
0.14055591362266598
-2.2020426467550114
-3.37334192694385
2.4831544740003433
-4.544641207132688
-3.37334192694385
-5.715940487321527
-4.544641207132688
-4.544641207132688
474.5167643901023
3.654453754189182
0.14055591362266598
-3.37334192694385
-1.0307433665661727
-2.2020426467550114
444.06298310519253
2.4831544740003433
-6.887239767510366
31.76563647872131
-3.37334192694385
-3.37334192694385
-3.37334192694385
-2.2020426467550114
-3.37334192694385
-4.544641207132688
-5.715940487321527
-5.715940487321527
-1.0307433665661727
-4.544641207132688
-8.058539047699204
-12.743736168454559
-1.0307433665661727
-1.0307433665661727
62.219417763631114
-8.058539047699204
-5.715940487321527
-3.37334192694385
522.5400348778447
-3.37334192694385
0.14055591362266598
-1.0307433665661727
-1.0307433665661727
11.853548715511053
-6.887239767510366
0.14055591362266598
-1.0307433665661727
96.18709688910744
-3.37334192694385
2.4831544740003433
-18.600232569398752
-1.0307433665661727
-1.0307433665661727
2.4831544740003433
-4.544641207132688
-8.058539047699204
2.4831544740003433
-2.2020426467550114
-3.37334192694385
-4.544641207132688
-16.257634009021075
1.3118551938115046
-5.715940487321527
-1.0307433665661727
-1.0307433665661727
-4.544641207132688
-8.058539047699204
-1.0307433665661727
-1.0307433665661727
-3.37334192694385
-1.0307433665661727
-2.2020426467550114
58.7055199230646
-16.257634009021075
34.108235039098986
-2.2020426467550114
346.84514284951894
-10.401137608076882
-1.0307433665661727
0.14055591362266598
118.44178321269537
-13.915035448643398
-3.37334192694385
-1.0307433665661727
7.168351594755698
8.339650874944537
-19.771531849587593
-1.0307433665661727
-2.2020426467550114
0.14055591362266598
-4.544641207132688
-4.544641207132688
92.67319904854092
2.4831544740003433
-3.37334192694385
-15.086334728832236
381.98412125518405
0.14055591362266598
0.14055591362266598
0.14055591362266598
-3.37334192694385
4.825753034378021
-4.544641207132688
-4.544641207132688
-1.0307433665661727
-1.0307433665661727
407.7527054193385
0.14055591362266598
0.14055591362266598
-3.37334192694385
-5.715940487321527
-13.915035448643398
-4.544641207132688
79.7889069664637
-2.2020426467550114
1.3118551938115046
1.3118551938115046
-3.37334192694385
-1.0307433665661727
2.4831544740003433
59.87681920325344
-5.715940487321527
-1.0307433665661727
3.654453754189182
118.44178321269537
1.3118551938115046
0.14055591362266598
-6.887239767510366
112.58528681175117
4.825753034378021
-4.544641207132688
-1.0307433665661727
3.654453754189182
0.14055591362266598
4.825753034378021
-13.915035448643398
-2.2020426467550114
2.4831544740003433
243.77080619290112
-17.428933289209915
-8.058539047699204
-1.0307433665661727
468.6602679891581
-6.887239767510366
-4.544641207132688
1.3118551938115046
-3.37334192694385
3.654453754189182
-15.086334728832236
-17.428933289209915
-1.0307433665661727
-3.37334192694385
-2.2020426467550114
0.14055591362266598
0.14055591362266598
0.14055591362266598
-2.2020426467550114
-27.97062681090946
-4.544641207132688
4.825753034378021
-1.0307433665661727
-12.743736168454559
0.14055591362266598
-9.229838327888043
-1.0307433665661727
-4.544641207132688
77.44630840608602
-11.57243688826572
-3.37334192694385
-3.37334192694385
446.4055816655702
474.5167643901023
0.14055591362266598
-4.544641207132688
0.14055591362266598
-5.715940487321527
2.4831544740003433
-4.544641207132688
69.24721344476414
-1.0307433665661727
-4.544641207132688
-2.2020426467550114
-1.0307433665661727
-12.743736168454559
-3.37334192694385
-4.544641207132688
-5.715940487321527
-3.37334192694385
-1.0307433665661727
-11.57243688826572
0.14055591362266598
-5.715940487321527
-2.2020426467550114
-10.401137608076882
3.654453754189182
-18.600232569398752
-10.401137608076882
-3.37334192694385
-9.229838327888043
-1.0307433665661727
-12.743736168454559
3.654453754189182
2.4831544740003433
-4.544641207132688
-4.544641207132688
-3.37334192694385
-4.544641207132688
70.41851272495299
-2.2020426467550114
117.27048393250654
0.14055591362266598
0.14055591362266598
426.49349390235994
3.654453754189182
222.687419149502
-1.0307433665661727
2.4831544740003433
-4.544641207132688
-5.715940487321527
7.168351594755698
248.45600331365645
3.654453754189182
0.14055591362266598
3.654453754189182
4.825753034378021
3.654453754189182
2.4831544740003433
2.4831544740003433
-4.544641207132688
-4.544641207132688
-4.544641207132688
-2.2020426467550114
4.825753034378021
99.70099472967395
-1.0307433665661727
4.825753034378021
-4.544641207132688
2.4831544740003433
-5.715940487321527
4.825753034378021
3.654453754189182
3.654453754189182
-5.715940487321527
-1.0307433665661727
-1.0307433665661727
342.15994572876355
-3.37334192694385
-5.715940487321527
-1.0307433665661727
-6.887239767510366
-4.544641207132688
-13.915035448643398
-6.887239767510366
3.654453754189182
350.3590406900854
3.654453754189182
78.61760768627485
-2.2020426467550114
-5.715940487321527
2.4831544740003433
2.4831544740003433
