4.98010838070707
-3.7569238661474342
2.795850318993444
-4.849052897004247
-5.94118192786106
-1.5726658044338082
131.66707596009738
-2.6647948352906212
-4.849052897004247
2.795850318993444
-0.48053677357699526
-10.309698051288313
-4.849052897004247
-0.48053677357699526
-5.94118192786106
-5.94118192786106
2.795850318993444
55.21804380012047
-2.6647948352906212
0.6115922572798178
-4.849052897004247
-0.48053677357699526
-13.586085143858751
3.887979349850257
-5.94118192786106
-8.125439989574687
3.887979349850257
-2.6647948352906212
-4.849052897004247
-7.033310958717873
3.887979349850257
-3.7569238661474342
2.795850318993444
-3.7569238661474342
3.887979349850257
-4.849052897004247
-2.6647948352906212
-4.849052897004247
6.072237411563883
-2.6647948352906212
4.98010838070707
-3.7569238661474342
0.6115922572798178
-0.48053677357699526
-23.415246421570068
6.072237411563883
1.7037212881366308
-4.849052897004247
-16.86247223642919
-8.125439989574687
55.21804380012047
2.795850318993444
-0.48053677357699526
174.26010816351308
51.94165670755003
56.31017283097728
-9.2175690204315
1.7037212881366308
1.7037212881366308
99.9953340652498
1.7037212881366308
-14.678214174715565
-0.48053677357699526
-8.125439989574687
-0.48053677357699526
-0.48053677357699526
2.795850318993444
-5.94118192786106
58.49443089269091
-3.7569238661474342
53.03378573840684
58.49443089269091
-12.49395611300194
50.849527676693214
58.49443089269091
0.6115922572798178
-14.678214174715565
-3.7569238661474342
67.23146313954541
-2.6647948352906212
-0.48053677357699526
-0.48053677357699526
-7.033310958717873
-3.7569238661474342
53.03378573840684
1.7037212881366308
4.98010838070707
0.6115922572798178
0.6115922572798178
-5.94118192786106
4.98010838070707
-32.15227866842457
0.6115922572798178
-4.849052897004247
4.98010838070707
-10.309698051288313
7.164366442420696
60.678688954404535
1.7037212881366308
62.862947016118156
-0.48053677357699526
1.7037212881366308
-1.5726658044338082
-5.94118192786106
87.98191472582486
-2.6647948352906212
59.58655992354772
4.98010838070707
-12.49395611300194
2.795850318993444
2.795850318993444
-16.86247223642919
55.21804380012047
67.23146313954541
-0.48053677357699526
-8.125439989574687
-9.2175690204315
63.95507604697497
-3.7569238661474342
-0.48053677357699526
0.6115922572798178
-1.5726658044338082
3.887979349850257
58.49443089269091
-3.7569238661474342
56.31017283097728
0.6115922572798178
-4.849052897004247
-19.046730298142815
58.49443089269091
1.7037212881366308
464.7664303714254
-10.309698051288313
-8.125439989574687
-1.5726658044338082
-0.48053677357699526
2.795850318993444
62.862947016118156
-1.5726658044338082
4.98010838070707
-1.5726658044338082
-7.033310958717873
-4.849052897004247
48.66526961497959
1.7037212881366308
-0.48053677357699526
-8.125439989574687
-3.7569238661474342
-3.7569238661474342
-0.48053677357699526
-5.94118192786106
-12.49395611300194
446.2002368468595
-1.5726658044338082
-0.48053677357699526
-3.7569238661474342
55.21804380012047
72.69210829382948
0.6115922572798178
-1.5726658044338082
62.862947016118156
0.6115922572798178
59.58655992354772
1.7037212881366308
3.887979349850257
-14.678214174715565
-3.7569238661474342
9.348624504134321
92.3504308492521
-4.849052897004247
-1.5726658044338082
62.862947016118156
-2.6647948352906212
54.12591476926365
-1.5726658044338082
-5.94118192786106
-7.033310958717873
99.9953340652498
-1.5726658044338082
0.6115922572798178
61.770817985261345
299.85494671204657
-5.94118192786106
2.795850318993444
68.32359217040222
-0.48053677357699526
265.9989467554854
315.14475314404194
-22.323117390713257
-1.5726658044338082
62.862947016118156
-5.94118192786106
-2.6647948352906212
-0.48053677357699526
-8.125439989574687
31.19120512127058
-3.7569238661474342
0.6115922572798178
1.7037212881366308
189.54991459550845
-5.94118192786106
56.31017283097728
-2.6647948352906212
-1.5726658044338082
60.678688954404535
-11.401827082145125
-1.5726658044338082
-1.5726658044338082
-1.5726658044338082
1.7037212881366308
-7.033310958717873
2.795850318993444
-1.5726658044338082
-5.94118192786106
-0.48053677357699526
0.6115922572798178
1.7037212881366308
478.9641077725639
-3.7569238661474342
-0.48053677357699526
36.651850275554644
-2.6647948352906212
-0.48053677357699526
58.49443089269091
1.7037212881366308
-3.7569238661474342
-3.7569238661474342
-1.5726658044338082
-3.7569238661474342
14.809269658418387
27.914818028700143
352.2771401931736
-9.2175690204315
0.6115922572798178
0.6115922572798178
-0.48053677357699526
142.5883662686655
58.49443089269091
-1.5726658044338082
58.49443089269091
-3.7569238661474342
6.072237411563883
136.03559208352462
-3.7569238661474342
67.23146313954541
50.849527676693214
-1.5726658044338082
-8.125439989574687
63.95507604697497
0.6115922572798178
-11.401827082145125
-0.48053677357699526
54.12591476926365
-11.401827082145125
62.862947016118156
-0.48053677357699526
62.862947016118156
-1.5726658044338082
61.770817985261345
-14.678214174715565
-9.2175690204315
2.795850318993444
87.98191472582486
-1.5726658044338082
-11.401827082145125
-3.7569238661474342
-5.94118192786106
-0.48053677357699526
-3.7569238661474342
-4.849052897004247
-13.586085143858751
-0.48053677357699526
63.95507604697497
-0.48053677357699526
0.6115922572798178
2.795850318993444
-1.5726658044338082
-1.5726658044338082
179.72075331779715
49.7573986458364
-2.6647948352906212
1.7037212881366308
63.95507604697497
-12.49395611300194
0.6115922572798178
-1.5726658044338082
-2.6647948352906212
54.12591476926365
1.7037212881366308
-15.770343205572377
-3.7569238661474342
55.21804380012047
26.82268899784333
-5.94118192786106
2.795850318993444
-3.7569238661474342
-3.7569238661474342
-1.5726658044338082
-2.6647948352906212
7.164366442420696
55.21804380012047
-2.6647948352906212
-5.94118192786106
2.795850318993444
125.1143017749565
-11.401827082145125
-1.5726658044338082
-7.033310958717873
4.98010838070707
-22.323117390713257
0.6115922572798178
7.164366442420696
1.7037212881366308
1.7037212881366308
0.6115922572798178
30.099076090413767
2.795850318993444
6.072237411563883
33.375463182984205
58.49443089269091
-10.309698051288313
0.6115922572798178
164.43094688580177
-1.5726658044338082
-1.5726658044338082
54.12591476926365
-2.6647948352906212
-3.7569238661474342
-5.94118192786106
-5.94118192786106
-2.6647948352906212
-11.401827082145125
-1.5726658044338082
29.006947059556957
-22.323117390713257
-1.5726658044338082
188.45778556465166
-5.94118192786106
-16.86247223642919
47.573140584122775
61.770817985261345
60.678688954404535
285.657269310908
1.7037212881366308
-8.125439989574687
-1.5726658044338082
58.49443089269091
-12.49395611300194
224.49804358292647
-7.033310958717873
36.651850275554644
164.43094688580177
4.98010838070707
-1.5726658044338082
-3.7569238661474342
-1.5726658044338082
-4.849052897004247
-5.94118192786106
-3.7569238661474342
125.1143017749565
9.348624504134321
-2.6647948352906212
61.770817985261345
0.6115922572798178
-5.94118192786106
0.6115922572798178
6.072237411563883
-7.033310958717873
-1.5726658044338082
-3.7569238661474342
-1.5726658044338082
-1.5726658044338082
-8.125439989574687
66.1393341086886
-28.875891575854133
-5.94118192786106
2.795850318993444
-2.6647948352906212
-3.7569238661474342
2.795850318993444
-0.48053677357699526
2.795850318993444
56.31017283097728
2.795850318993444
-2.6647948352906212
-1.5726658044338082
-1.5726658044338082
-0.48053677357699526
-8.125439989574687
317.3290112057556
49.7573986458364
-3.7569238661474342
-7.033310958717873
0.6115922572798178
-0.48053677357699526
-9.2175690204315
-5.94118192786106
55.21804380012047
-0.48053677357699526
533.5705593154046
25.730559966986515
-2.6647948352906212
6.072237411563883
-5.94118192786106
0.6115922572798178
-2.6647948352906212
0.6115922572798178
61.770817985261345
-1.5726658044338082
-2.6647948352906212
-7.033310958717873
0.6115922572798178
4.98010838070707
60.678688954404535
3.887979349850257
-43.0735689769927
48.66526961497959
2.795850318993444
67.23146313954541
-4.849052897004247
-2.6647948352906212
-15.770343205572377
2.795850318993444
55.21804380012047
-2.6647948352906212
2.795850318993444
61.770817985261345
-26.69163351414051
-0.48053677357699526
-0.48053677357699526
61.770817985261345
1.7037212881366308
-3.7569238661474342
4.98010838070707
61.770817985261345
0.6115922572798178
-20.13885932899963
-5.94118192786106
-5.94118192786106
62.862947016118156
65.04720507783179
-5.94118192786106
-3.7569238661474342
-0.48053677357699526
-5.94118192786106
-4.849052897004247
-7.033310958717873
48.66526961497959
2.795850318993444
1.7037212881366308
-11.401827082145125
-0.48053677357699526
62.862947016118156
3.887979349850257
-0.48053677357699526
0.6115922572798178
53.03378573840684
-7.033310958717873
-21.230988359856443
235.4193338914946
-2.6647948352906212
3.887979349850257
-12.49395611300194
-2.6647948352906212
2.795850318993444
-1.5726658044338082
-3.7569238661474342
2.795850318993444
-1.5726658044338082
58.49443089269091
-4.849052897004247
-0.48053677357699526
-13.586085143858751
-3.7569238661474342
-2.6647948352906212
55.21804380012047
-0.48053677357699526
4.98010838070707
-2.6647948352906212
7.164366442420696
-7.033310958717873
47.573140584122775
-2.6647948352906212
1.7037212881366308
58.49443089269091
248.52488226177638
-9.2175690204315
-1.5726658044338082
-2.6647948352906212
69.41572120125903
72.69210829382948
0.6115922572798178
-0.48053677357699526
-4.849052897004247
-0.48053677357699526
-3.7569238661474342
59.58655992354772
-3.7569238661474342
-7.033310958717873
-2.6647948352906212
59.58655992354772
-2.6647948352906212
58.49443089269091
60.678688954404535
-3.7569238661474342
63.95507604697497
-7.033310958717873
-1.5726658044338082
0.6115922572798178
58.49443089269091
-9.2175690204315
-2.6647948352906212
2.795850318993444
3.887979349850257
59.58655992354772
2.795850318993444
59.58655992354772
-5.94118192786106
-2.6647948352906212
1.7037212881366308
58.49443089269091
54.12591476926365
-8.125439989574687
-5.94118192786106
-0.48053677357699526
-2.6647948352906212
-3.7569238661474342
62.862947016118156
3.887979349850257
-3.7569238661474342
2.795850318993444
352.2771401931736
2.795850318993444
0.6115922572798178
54.12591476926365
-0.48053677357699526
-0.48053677357699526
6.072237411563883
-8.125439989574687
-13.586085143858751
41.0203663989819
0.6115922572798178
0.6115922572798178
122.93004371324288
66.1393341086886
-2.6647948352906212
-2.6647948352906212
122.93004371324288
1.7037212881366308
-10.309698051288313
153.50965657723364
-2.6647948352906212
61.770817985261345
475.6877206799935
2.795850318993444
-7.033310958717873
552.1367528399704
-5.94118192786106
62.862947016118156
-1.5726658044338082
-1.5726658044338082
-3.7569238661474342
365.38268856345536
30.099076090413767
1.7037212881366308
-16.86247223642919
-5.94118192786106
106.54810825039068
62.862947016118156
2.795850318993444
3.887979349850257
-2.6647948352906212
3.887979349850257
-7.033310958717873
-1.5726658044338082
0.6115922572798178
2.795850318993444
98.90320503439298
-0.48053677357699526
62.862947016118156
-5.94118192786106
57.4023018618341
-0.48053677357699526
-5.94118192786106
0.6115922572798178
57.4023018618341
-0.48053677357699526
-3.7569238661474342
62.862947016118156
-17.954601267286005
-1.5726658044338082
2.795850318993444
-1.5726658044338082
0.6115922572798178
-3.7569238661474342
-33.24440769928139
-1.5726658044338082
-1.5726658044338082
-4.849052897004247
-8.125439989574687
0.6115922572798178
-1.5726658044338082
-4.849052897004247
-2.6647948352906212
57.4023018618341
-3.7569238661474342
62.862947016118156
-14.678214174715565
-8.125439989574687
-5.94118192786106
-16.86247223642919
252.89339838520362
57.4023018618341
-5.94118192786106
2.795850318993444
-8.125439989574687
-5.94118192786106
1.7037212881366308
341.3558498846055
54.12591476926365
-1.5726658044338082
56.31017283097728
-2.6647948352906212
193.91843071893572
29.006947059556957
75.96849538639991
-3.7569238661474342
102.17959212696343
84.70552763325442
0.6115922572798178
-3.7569238661474342
186.27352750293804
62.862947016118156
-7.033310958717873
60.678688954404535
4.98010838070707
0.6115922572798178
-13.586085143858751
-2.6647948352906212
2.795850318993444
-8.125439989574687
167.70733397837222
-2.6647948352906212
2.795850318993444
-19.046730298142815
57.4023018618341
-5.94118192786106
-3.7569238661474342
-2.6647948352906212
131.66707596009738
67.23146313954541
-3.7569238661474342
2.795850318993444
2.795850318993444
-1.5726658044338082
21.362043843559263
-0.48053677357699526
-2.6647948352906212
1.7037212881366308
-11.401827082145125
62.862947016118156
-0.48053677357699526
0.6115922572798178
-23.415246421570068
54.12591476926365
50.849527676693214
-9.2175690204315
0.6115922572798178
3.887979349850257
59.58655992354772
58.49443089269091
-2.6647948352906212
-4.849052897004247
-1.5726658044338082
-10.309698051288313
-10.309698051288313
4.98010838070707
58.49443089269091
-4.849052897004247
-8.125439989574687
-3.7569238661474342
-2.6647948352906212
-2.6647948352906212
-4.849052897004247
174.26010816351308
-2.6647948352906212
-13.586085143858751
1.7037212881366308
-4.849052897004247
-5.94118192786106
33.375463182984205
-1.5726658044338082
-1.5726658044338082
-0.48053677357699526
0.6115922572798178
59.58655992354772
-1.5726658044338082
-5.94118192786106
34.46759221384102
-3.7569238661474342
-0.48053677357699526
-5.94118192786106
-2.6647948352906212
58.49443089269091
72.69210829382948
72.69210829382948
-4.849052897004247
-7.033310958717873
1.7037212881366308
-3.7569238661474342
2.795850318993444
-8.125439989574687
-1.5726658044338082
-2.6647948352906212
-3.7569238661474342
-9.2175690204315
196.10268878064934
-1.5726658044338082
58.49443089269091
0.6115922572798178
59.58655992354772
-4.849052897004247
75.96849538639991
-2.6647948352906212
-10.309698051288313
-3.7569238661474342
1.7037212881366308
-0.48053677357699526
-3.7569238661474342
-0.48053677357699526
-4.849052897004247
1.7037212881366308
54.12591476926365
-1.5726658044338082
0.6115922572798178
-4.849052897004247
92.3504308492521
0.6115922572798178
62.862947016118156
-3.7569238661474342
-1.5726658044338082
-0.48053677357699526
-0.48053677357699526
0.6115922572798178
63.95507604697497
-5.94118192786106
59.58655992354772
572.8872044262498
-9.2175690204315
1.7037212881366308
72.69210829382948
2.795850318993444
1.7037212881366308
29.006947059556957
-19.046730298142815
-10.309698051288313
-10.309698051288313
-4.849052897004247
-5.94118192786106
62.862947016118156
-14.678214174715565
63.95507604697497
2.795850318993444
90.16617278753849
59.58655992354772
-2.6647948352906212
6.072237411563883
-3.7569238661474342
388.31739821144845
0.6115922572798178
-10.309698051288313
-11.401827082145125
61.770817985261345
-8.125439989574687
1.7037212881366308
1.7037212881366308
59.58655992354772
-4.849052897004247
-2.6647948352906212
50.849527676693214
58.49443089269091
-0.48053677357699526
-2.6647948352906212
0.6115922572798178
59.58655992354772
2.795850318993444
154.60178560809044
-1.5726658044338082
-12.49395611300194
-7.033310958717873
-2.6647948352906212
-0.48053677357699526
-0.48053677357699526
195.01055974979252
-0.48053677357699526
-4.849052897004247
106.54810825039068
2.795850318993444
45.38888252240915
1.7037212881366308
0.6115922572798178
-8.125439989574687
-0.48053677357699526
2.795850318993444
-2.6647948352906212
-0.48053677357699526
-0.48053677357699526
50.849527676693214
-2.6647948352906212
65.04720507783179
477.8719787417071
-3.7569238661474342
-5.94118192786106
-8.125439989574687
-5.94118192786106
-0.48053677357699526
1.7037212881366308
321.69752732918283
63.95507604697497
-3.7569238661474342
-3.7569238661474342
-3.7569238661474342
504.0830754822706
-3.7569238661474342
90.16617278753849
-5.94118192786106
61.770817985261345
1.7037212881366308
1.7037212881366308
62.862947016118156
62.862947016118156
-14.678214174715565
-2.6647948352906212
178.62862428694035
-3.7569238661474342
56.31017283097728
2.795850318993444
0.6115922572798178
492.06965614284564
-2.6647948352906212
60.678688954404535
-2.6647948352906212
-33.24440769928139
-1.5726658044338082
55.21804380012047
-1.5726658044338082
55.21804380012047
6.072237411563883
250.70914032349
75.96849538639991
-2.6647948352906212
72.69210829382948
-1.5726658044338082
-3.7569238661474342
87.98191472582486
0.6115922572798178
1.7037212881366308
-4.849052897004247
-0.48053677357699526
-3.7569238661474342
3.887979349850257
1.7037212881366308
0.6115922572798178
-3.7569238661474342
-4.849052897004247
-7.033310958717873
-5.94118192786106
-3.7569238661474342
1.7037212881366308
53.03378573840684
-1.5726658044338082
-1.5726658044338082
402.515075612587
47.573140584122775
0.6115922572798178
-3.7569238661474342
1.7037212881366308
-5.94118192786106
58.49443089269091
-5.94118192786106
-2.6647948352906212
-4.849052897004247
2.795850318993444
300.9470757429034
36.651850275554644
57.4023018618341
-3.7569238661474342
-8.125439989574687
-5.94118192786106
-5.94118192786106
70.50785023211586
-1.5726658044338082
374.11972081030984
-10.309698051288313
-13.586085143858751
-3.7569238661474342
-11.401827082145125
6.072237411563883
-4.849052897004247
58.49443089269091
578.3478495805339
60.678688954404535
58.49443089269091
3.887979349850257
-1.5726658044338082
1.7037212881366308
-1.5726658044338082
0.6115922572798178
62.862947016118156
0.6115922572798178
-12.49395611300194
62.862947016118156
60.678688954404535
61.770817985261345
-10.309698051288313
-0.48053677357699526
-14.678214174715565
61.770817985261345
-2.6647948352906212
58.49443089269091
-1.5726658044338082
-2.6647948352906212
3.887979349850257
61.770817985261345
-3.7569238661474342
50.849527676693214
1.7037212881366308
66.1393341086886
-7.033310958717873
57.4023018618341
-4.849052897004247
-8.125439989574687
-8.125439989574687
59.58655992354772
2.795850318993444
-2.6647948352906212
-4.849052897004247
-2.6647948352906212
59.58655992354772
-7.033310958717873
-21.230988359856443
-2.6647948352906212
0.6115922572798178
56.31017283097728
-2.6647948352906212
60.678688954404535
1.7037212881366308
-0.48053677357699526
-5.94118192786106
-8.125439989574687
59.58655992354772
-1.5726658044338082
-5.94118192786106
9.348624504134321
-5.94118192786106
-4.849052897004247
58.49443089269091
-8.125439989574687
58.49443089269091
-1.5726658044338082
60.678688954404535
0.6115922572798178
-2.6647948352906212
2.795850318993444
-13.586085143858751
49.7573986458364
65.04720507783179
84.70552763325442
-11.401827082145125
-8.125439989574687
1.7037212881366308
-0.48053677357699526
-2.6647948352906212
43.20462446069553
-1.5726658044338082
-3.7569238661474342
-3.7569238661474342
-9.2175690204315
-5.94118192786106
-10.309698051288313
-8.125439989574687
1.7037212881366308
-8.125439989574687
2.795850318993444
-4.849052897004247
0.6115922572798178
0.6115922572798178
-4.849052897004247
-2.6647948352906212
-0.48053677357699526
104.36385018867705
-14.678214174715565
-3.7569238661474342
-0.48053677357699526
56.31017283097728
6.072237411563883
1.7037212881366308
-2.6647948352906212
-5.94118192786106
-3.7569238661474342
-3.7569238661474342
-4.849052897004247
58.49443089269091
58.49443089269091
6.072237411563883
6.072237411563883
58.49443089269091
-2.6647948352906212
2.795850318993444
-3.7569238661474342
3.887979349850257
2.795850318993444
2.795850318993444
-0.48053677357699526
55.21804380012047
1.7037212881366308
2.795850318993444
-10.309698051288313
33.375463182984205
-0.48053677357699526
-14.678214174715565
53.03378573840684
2.795850318993444
2.795850318993444
0.6115922572798178
-11.401827082145125
2.795850318993444
59.58655992354772
-50.7184721929904
45.38888252240915
-3.7569238661474342
-7.033310958717873
1.7037212881366308
58.49443089269091
-16.86247223642919
-1.5726658044338082
-2.6647948352906212
-0.48053677357699526
1.7037212881366308
2.795850318993444
66.1393341086886
-3.7569238661474342
-3.7569238661474342
56.31017283097728
-5.94118192786106
-3.7569238661474342
-4.849052897004247
520.4650109451228
-3.7569238661474342
62.862947016118156
36.651850275554644
-2.6647948352906212
0.6115922572798178
237.60359195320825
-2.6647948352906212
-13.586085143858751
-3.7569238661474342
57.4023018618341
1.7037212881366308
-0.48053677357699526
-0.48053677357699526
54.12591476926365
3.887979349850257
-5.94118192786106
3.887979349850257
55.21804380012047
-0.48053677357699526
4.98010838070707
0.6115922572798178
-0.48053677357699526
6.072237411563883
-4.849052897004247
2.795850318993444
-4.849052897004247
-3.7569238661474342
0.6115922572798178
-4.849052897004247
1.7037212881366308
1.7037212881366308
61.770817985261345
-1.5726658044338082
56.31017283097728
-2.6647948352906212
-5.94118192786106
63.95507604697497
55.21804380012047
63.95507604697497
-1.5726658044338082
57.4023018618341
-5.94118192786106
-2.6647948352906212
0.6115922572798178
-3.7569238661474342
-2.6647948352906212
-3.7569238661474342
-4.849052897004247
61.770817985261345
-1.5726658044338082
0.6115922572798178
56.31017283097728
-2.6647948352906212
-3.7569238661474342
385.041011118878
-5.94118192786106
1.7037212881366308
71.59997926297267
-2.6647948352906212
-14.678214174715565
62.862947016118156
-1.5726658044338082
3.887979349850257
58.49443089269091
56.31017283097728
63.95507604697497
-1.5726658044338082
63.95507604697497
-7.033310958717873
-5.94118192786106
-8.125439989574687
-3.7569238661474342
-7.033310958717873
55.21804380012047
-3.7569238661474342
-0.48053677357699526
-9.2175690204315
62.862947016118156
-7.033310958717873
185.1813984720812
1.7037212881366308
62.862947016118156
-1.5726658044338082
-2.6647948352906212
58.49443089269091
-4.849052897004247
-8.125439989574687
-4.849052897004247
62.862947016118156
-3.7569238661474342
60.678688954404535
61.770817985261345
1.7037212881366308
-0.48053677357699526
198.28694684236297
-0.48053677357699526
61.770817985261345
32.283334152127395
-5.94118192786106
53.03378573840684
-1.5726658044338082
-1.5726658044338082
61.770817985261345
-0.48053677357699526
1.7037212881366308
-1.5726658044338082
66.1393341086886
2.795850318993444
1.7037212881366308
54.12591476926365
125.1143017749565
59.58655992354772
-3.7569238661474342
60.678688954404535
51.94165670755003
-10.309698051288313
-5.94118192786106
0.6115922572798178
-0.48053677357699526
2.795850318993444
-4.849052897004247
0.6115922572798178
58.49443089269091
1.7037212881366308
-10.309698051288313
-5.94118192786106
-2.6647948352906212
1.7037212881366308
54.12591476926365
66.1393341086886
-2.6647948352906212
-1.5726658044338082
-3.7569238661474342
-7.033310958717873
58.49443089269091
-1.5726658044338082
-2.6647948352906212
58.49443089269091
-1.5726658044338082
53.03378573840684
-8.125439989574687
1.7037212881366308
1.7037212881366308
-2.6647948352906212
2.795850318993444
61.770817985261345
2.795850318993444
56.31017283097728
33.375463182984205
-2.6647948352906212
75.96849538639991
-8.125439989574687
-1.5726658044338082
-3.7569238661474342
57.4023018618341
-1.5726658044338082
-7.033310958717873
-2.6647948352906212
1.7037212881366308
-1.5726658044338082
58.49443089269091
1.7037212881366308
-2.6647948352906212
-3.7569238661474342
-7.033310958717873
-1.5726658044338082
60.678688954404535
-7.033310958717873
63.95507604697497
-2.6647948352906212
67.23146313954541
58.49443089269091
-1.5726658044338082
-2.6647948352906212
6.072237411563883
334.8030756994646
405.79146270515747
-8.125439989574687
67.23146313954541
32.283334152127395
93.44255988010892
-4.849052897004247
50.849527676693214
-3.7569238661474342
2.795850318993444
2.795850318993444
4.98010838070707
58.49443089269091
-2.6647948352906212
136.03559208352462
-2.6647948352906212
-5.94118192786106
-0.48053677357699526
3.887979349850257
3.887979349850257
59.58655992354772
4.98010838070707
4.98010838070707
2.795850318993444
-10.309698051288313
55.21804380012047
0.6115922572798178
-4.849052897004247
2.795850318993444
-40.889310915279076
0.6115922572798178
-0.48053677357699526
-7.033310958717873
-0.48053677357699526
59.58655992354772
79.24488247897035
46.481011553265965
1.7037212881366308
-10.309698051288313
-3.7569238661474342
72.69210829382948
61.770817985261345
-4.849052897004247
279.10449512576713
-8.125439989574687
-1.5726658044338082
-2.6647948352906212
58.49443089269091
0.6115922572798178
-24.50737545242688
2.795850318993444
2.795850318993444
0.6115922572798178
0.6115922572798178
-2.6647948352906212
-0.48053677357699526
1.7037212881366308
55.21804380012047
-2.6647948352906212
-9.2175690204315
49.7573986458364
0.6115922572798178
-3.7569238661474342
-28.875891575854133
63.95507604697497
-7.033310958717873
-1.5726658044338082
93.44255988010892
62.862947016118156
-19.046730298142815
-5.94118192786106
0.6115922572798178
0.6115922572798178
-2.6647948352906212
2.795850318993444
59.58655992354772
-2.6647948352906212
-10.309698051288313
-0.48053677357699526
1.7037212881366308
-1.5726658044338082
-10.309698051288313
-2.6647948352906212
-3.7569238661474342
61.770817985261345
-28.875891575854133
2.795850318993444
-7.033310958717873
56.31017283097728
-3.7569238661474342
-5.94118192786106
-0.48053677357699526
-3.7569238661474342
-4.849052897004247
-0.48053677357699526
-3.7569238661474342
63.95507604697497
-2.6647948352906212
-5.94118192786106
55.21804380012047
-0.48053677357699526
59.58655992354772
529.2020431919773
56.31017283097728
2.795850318993444
127.29855983667012
-2.6647948352906212
55.21804380012047
-7.033310958717873
-0.48053677357699526
3.887979349850257
110.91662437381792
-4.849052897004247
2.795850318993444
58.49443089269091
-8.125439989574687
-21.230988359856443
-1.5726658044338082
57.4023018618341
-1.5726658044338082
-0.48053677357699526
122.93004371324288
-1.5726658044338082
69.41572120125903
-2.6647948352906212
2.795850318993444
-1.5726658044338082
0.6115922572798178
-5.94118192786106
-8.125439989574687
-2.6647948352906212
-5.94118192786106
-0.48053677357699526
1.7037212881366308
2.795850318993444
-2.6647948352906212
-4.849052897004247
-1.5726658044338082
70.50785023211586
-2.6647948352906212
75.96849538639991
-1.5726658044338082
2.795850318993444
-4.849052897004247
67.23146313954541
-1.5726658044338082
0.6115922572798178
-9.2175690204315
-5.94118192786106
-5.94118192786106
0.6115922572798178
-3.7569238661474342
-2.6647948352906212
-0.48053677357699526
-5.94118192786106
-1.5726658044338082
92.3504308492521
61.770817985261345
0.6115922572798178
59.58655992354772
-3.7569238661474342
1.7037212881366308
405.79146270515747
56.31017283097728
-2.6647948352906212
-2.6647948352906212
90.16617278753849
-1.5726658044338082
2.795850318993444
-1.5726658044338082
7.164366442420696
-2.6647948352906212
-3.7569238661474342
-3.7569238661474342
3.887979349850257
-4.849052897004247
1.7037212881366308
334.8030756994646
-8.125439989574687
133.851334021811
55.21804380012047
59.58655992354772
1.7037212881366308
-12.49395611300194
35.55972124469783
-26.69163351414051
378.48823693373714
-13.586085143858751
0.6115922572798178
-0.48053677357699526
-2.6647948352906212
-3.7569238661474342
330.4345595760374
56.31017283097728
-4.849052897004247
-5.94118192786106
-10.309698051288313
-1.5726658044338082
57.4023018618341
0.6115922572798178
-2.6647948352906212
6.072237411563883
-2.6647948352906212
-11.401827082145125
-0.48053677357699526
0.6115922572798178
-1.5726658044338082
61.770817985261345
61.770817985261345
-0.48053677357699526
-3.7569238661474342
2.795850318993444
1.7037212881366308
57.4023018618341
-5.94118192786106
133.851334021811
-0.48053677357699526
-2.6647948352906212
-1.5726658044338082
-1.5726658044338082
-10.309698051288313
-1.5726658044338082
-0.48053677357699526
-0.48053677357699526
-4.849052897004247
-5.94118192786106
0.6115922572798178
58.49443089269091
1.7037212881366308
-5.94118192786106
-2.6647948352906212
-11.401827082145125
2.795850318993444
-3.7569238661474342
3.887979349850257
524.8335270685501
-3.7569238661474342
-0.48053677357699526
-1.5726658044338082
-4.849052897004247
-5.94118192786106
-1.5726658044338082
-11.401827082145125
58.49443089269091
1.7037212881366308
65.04720507783179
-1.5726658044338082
374.11972081030984
-4.849052897004247
-1.5726658044338082
-3.7569238661474342
-2.6647948352906212
-1.5726658044338082
-1.5726658044338082
124.02217274409969
-0.48053677357699526
356.6456563166009
-1.5726658044338082
-3.7569238661474342
1.7037212881366308
2.795850318993444
-8.125439989574687
54.12591476926365
55.21804380012047
-19.046730298142815
0.6115922572798178
1.7037212881366308
6.072237411563883
-0.48053677357699526
-0.48053677357699526
-3.7569238661474342
-5.94118192786106
66.1393341086886
56.31017283097728
66.1393341086886
127.29855983667012
1.7037212881366308
539.0312044696886
29.006947059556957
-1.5726658044338082
-2.6647948352906212
-7.033310958717873
58.49443089269091
-1.5726658044338082
0.6115922572798178
-14.678214174715565
62.862947016118156
-2.6647948352906212
3.887979349850257
60.678688954404535
-14.678214174715565
-2.6647948352906212
0.6115922572798178
1.7037212881366308
-12.49395611300194
65.04720507783179
-3.7569238661474342
-1.5726658044338082
-2.6647948352906212
-9.2175690204315
-11.401827082145125
-1.5726658044338082
1.7037212881366308
-2.6647948352906212
2.795850318993444
1.7037212881366308
324.9739144217533
1.7037212881366308
-1.5726658044338082
-7.033310958717873
-4.849052897004247
2.795850318993444
-2.6647948352906212
-3.7569238661474342
2.795850318993444
-12.49395611300194
-12.49395611300194
-4.849052897004247
-1.5726658044338082
-3.7569238661474342
58.49443089269091
60.678688954404535
3.887979349850257
-5.94118192786106
0.6115922572798178
-8.125439989574687
-5.94118192786106
61.770817985261345
-0.48053677357699526
65.04720507783179
-5.94118192786106
-5.94118192786106
0.6115922572798178
61.770817985261345
62.862947016118156
-3.7569238661474342
-2.6647948352906212
2.795850318993444
-0.48053677357699526
-12.49395611300194
67.23146313954541
56.31017283097728
-3.7569238661474342
-21.230988359856443
-3.7569238661474342
91.2583018183953
-7.033310958717873
-5.94118192786106
-5.94118192786106
-1.5726658044338082
61.770817985261345
2.795850318993444
-14.678214174715565
-17.954601267286005
2.795850318993444
0.6115922572798178
-2.6647948352906212
81.42914054068397
63.95507604697497
0.6115922572798178
0.6115922572798178
615.4802366296655
56.31017283097728
1.7037212881366308
58.49443089269091
-8.125439989574687
58.49443089269091
-5.94118192786106
-1.5726658044338082
-10.309698051288313
-2.6647948352906212
-3.7569238661474342
-2.6647948352906212
57.4023018618341
-11.401827082145125
-12.49395611300194
1.7037212881366308
0.6115922572798178
58.49443089269091
-11.401827082145125
58.49443089269091
208.1161081200743
-0.48053677357699526
85.79765666411123
-2.6647948352906212
-3.7569238661474342
85.79765666411123
-7.033310958717873
-0.48053677357699526
-5.94118192786106
-2.6647948352906212
-3.7569238661474342
1.7037212881366308
-10.309698051288313
-5.94118192786106
0.6115922572798178
-0.48053677357699526
-11.401827082145125
-2.6647948352906212
-15.770343205572377
-8.125439989574687
-4.849052897004247
-8.125439989574687
1.7037212881366308
-7.033310958717873
0.6115922572798178
201.5633339349334
81.42914054068397
58.49443089269091
-5.94118192786106
1.7037212881366308
-4.849052897004247
0.6115922572798178
-3.7569238661474342
6.072237411563883
-2.6647948352906212
-4.849052897004247
-1.5726658044338082
-1.5726658044338082
164.43094688580177
6.072237411563883
-5.94118192786106
-2.6647948352906212
6.072237411563883
-4.849052897004247
0.6115922572798178
0.6115922572798178
-2.6647948352906212
0.6115922572798178
1.7037212881366308
-2.6647948352906212
-2.6647948352906212
58.49443089269091
0.6115922572798178
442.9238497542891
-5.94118192786106
60.678688954404535
2.795850318993444
0.6115922572798178
2.795850318993444
-3.7569238661474342
0.6115922572798178
-3.7569238661474342
-3.7569238661474342
1.7037212881366308
57.4023018618341
-2.6647948352906212
1.7037212881366308
59.58655992354772
-7.033310958717873
-1.5726658044338082
-2.6647948352906212
-5.94118192786106
-11.401827082145125
-2.6647948352906212
-16.86247223642919
-0.48053677357699526
1.7037212881366308
-2.6647948352906212
8.256495473277509
-2.6647948352906212
59.58655992354772
-2.6647948352906212
-0.48053677357699526
-2.6647948352906212
