6.954225376658618
-2.53959766314837
-2.53959766314837
-12.03342070295536
-7.286509183051865
-2.53959766314837
-2.53959766314837
-7.286509183051865
226.49888317219526
-3.726325543124244
-2.53959766314837
-13.220148582931232
-10.846692822979485
-3.726325543124244
257.35380805156797
-2.53959766314837
2.2073138567551243
-7.286509183051865
-3.726325543124244
1.0205859767792507
-10.846692822979485
63.91716361550055
461.4710034074182
2.2073138567551243
123.25355761429422
-4.913053423100117
41.36933389595895
-7.286509183051865
-7.286509183051865
-7.286509183051865
5.767497496682745
1.0205859767792507
-0.16614190319662298
-0.16614190319662298
-6.099781303075991
-0.16614190319662298
-4.913053423100117
-4.913053423100117
-2.53959766314837
-2.53959766314837
-0.16614190319662298
-0.16614190319662298
-3.726325543124244
-3.726325543124244
-21.527243742762348
99.51900001477676
6.954225376658618
-0.16614190319662298
-6.099781303075991
-10.846692822979485
-4.913053423100117
5.767497496682745
2.2073138567551243
-2.53959766314837
2.2073138567551243
-0.16614190319662298
-12.03342070295536
6.954225376658618
139.86774793395645
44.929517535886575
4.580769616706871
-12.03342070295536
63.91716361550055
113.75973457448724
73.41098665530754
-1.3528697831724965
-2.53959766314837
-9.659964943003612
-0.16614190319662298
-12.03342070295536
2.2073138567551243
-13.220148582931232
-16.780332222858853
-0.16614190319662298
1.0205859767792507
-2.53959766314837
-16.780332222858853
-4.913053423100117
2.2073138567551243
-0.16614190319662298
-0.16614190319662298
1.0205859767792507
-9.659964943003612
244.29980137183335
-2.53959766314837
1.0205859767792507
-0.16614190319662298
73.41098665530754
-3.726325543124244
-0.16614190319662298
6.954225376658618
-38.14143406242458
-0.16614190319662298
-4.913053423100117
1.0205859767792507
409.25497668847976
61.5437078555488
2.2073138567551243
-3.726325543124244
4.580769616706871
-3.726325543124244
2.2073138567551243
-6.099781303075991
1.0205859767792507
-8.473237063027739
-1.3528697831724965
-9.659964943003612
6.954225376658618
-12.03342070295536
-2.53959766314837
-2.53959766314837
-17.967060102834726
-3.726325543124244
36.62242237605546
1.0205859767792507
-3.726325543124244
-15.59360434288298
2.2073138567551243
-4.913053423100117
3.3940417367309976
-6.099781303075991
-3.726325543124244
21.194959936369102
-1.3528697831724965
-7.286509183051865
1.0205859767792507
306.0096511305788
-7.286509183051865
-28.64761102261759
-2.53959766314837
8.140953256634493
-7.286509183051865
-0.16614190319662298
1.0205859767792507
-7.286509183051865
2.2073138567551243
114.94646245446312
-0.16614190319662298
-0.16614190319662298
4.580769616706871
114.94646245446312
-3.726325543124244
-4.913053423100117
2.2073138567551243
-0.16614190319662298
-2.53959766314837
-3.726325543124244
-7.286509183051865
-4.913053423100117
-3.726325543124244
-6.099781303075991
-9.659964943003612
-12.03342070295536
1.0205859767792507
-8.473237063027739
-8.473237063027739
-12.03342070295536
-1.3528697831724965
-0.16614190319662298
-3.726325543124244
-4.913053423100117
3.3940417367309976
-7.286509183051865
1.0205859767792507
-1.3528697831724965
-13.220148582931232
-4.913053423100117
27.12859933624847
-2.53959766314837
-0.16614190319662298
-3.726325543124244
-2.53959766314837
120.88010185434248
3.3940417367309976
-7.286509183051865
-10.846692822979485
-2.53959766314837
-2.53959766314837
-1.3528697831724965
-7.286509183051865
1.0205859767792507
-7.286509183051865
-7.286509183051865
-3.726325543124244
5.767497496682745
-0.16614190319662298
-10.846692822979485
-7.286509183051865
-21.527243742762348
-1.3528697831724965
-0.16614190319662298
-2.53959766314837
-0.16614190319662298
1.0205859767792507
-8.473237063027739
33.06223873612784
3.3940417367309976
-2.53959766314837
-2.53959766314837
-12.03342070295536
-0.16614190319662298
-2.53959766314837
264.4741753314232
4.580769616706871
-1.3528697831724965
-12.03342070295536
-0.16614190319662298
74.59771453528342
-3.726325543124244
1.0205859767792507
-10.846692822979485
-3.726325543124244
-4.913053423100117
-7.286509183051865
1.0205859767792507
4.580769616706871
2.2073138567551243
25.941871456272597
-9.659964943003612
63.91716361550055
43.7427896559107
-14.406876462907107
-0.16614190319662298
-7.286509183051865
-8.473237063027739
-1.3528697831724965
165.9757612934257
4.580769616706871
-0.16614190319662298
158.85539401357045
38.99587813600721
-14.406876462907107
409.25497668847976
1.0205859767792507
-6.099781303075991
2.2073138567551243
-4.913053423100117
-2.53959766314837
-2.53959766314837
-0.16614190319662298
-0.16614190319662298
-1.3528697831724965
1.0205859767792507
-1.3528697831724965
1.0205859767792507
-3.726325543124244
-0.16614190319662298
-7.286509183051865
-6.099781303075991
-0.16614190319662298
-16.780332222858853
-2.53959766314837
-4.913053423100117
-12.03342070295536
-7.286509183051865
6.954225376658618
1.0205859767792507
-3.726325543124244
1.0205859767792507
505.3799349665255
-8.473237063027739
3.3940417367309976
-4.913053423100117
-0.16614190319662298
-13.220148582931232
-4.913053423100117
-7.286509183051865
4.580769616706871
-3.726325543124244
-8.473237063027739
-14.406876462907107
-2.53959766314837
2.2073138567551243
-2.53959766314837
4.580769616706871
-0.16614190319662298
-0.16614190319662298
-2.53959766314837
-0.16614190319662298
-0.16614190319662298
-4.913053423100117
-0.16614190319662298
2.2073138567551243
-12.03342070295536
2.2073138567551243
-2.53959766314837
-0.16614190319662298
2.2073138567551243
-2.53959766314837
500.6330234466221
-0.16614190319662298
5.767497496682745
380.77350756905884
-13.220148582931232
-4.913053423100117
-7.286509183051865
-8.473237063027739
-6.099781303075991
5.767497496682745
2.2073138567551243
-2.53959766314837
-1.3528697831724965
379.58677968908296
-2.53959766314837
1.0205859767792507
-4.913053423100117
1.0205859767792507
-4.913053423100117
5.767497496682745
-21.527243742762348
-0.16614190319662298
82.90480969511452
2.2073138567551243
2.2073138567551243
-4.913053423100117
30.68878297617609
174.2828564532568
-1.3528697831724965
34.24896661610371
4.580769616706871
-7.286509183051865
-7.286509183051865
-2.53959766314837
1.0205859767792507
-2.53959766314837
-2.53959766314837
-2.53959766314837
-8.473237063027739
-2.53959766314837
-9.659964943003612
372.4664124092277
-7.286509183051865
-2.53959766314837
35.435694496079584
-14.406876462907107
-9.659964943003612
-0.16614190319662298
-7.286509183051865
-14.406876462907107
2.2073138567551243
-1.3528697831724965
4.580769616706871
-7.286509183051865
-0.16614190319662298
-3.726325543124244
-3.726325543124244
-7.286509183051865
518.4339416462601
-1.3528697831724965
-3.726325543124244
46.116245415862444
376.02659604915533
-2.53959766314837
-6.099781303075991
1.0205859767792507
-2.53959766314837
-2.53959766314837
4.580769616706871
1.0205859767792507
-2.53959766314837
-2.53959766314837
4.580769616706871
8.140953256634493
46.116245415862444
2.2073138567551243
-2.53959766314837
118.50664609439073
-8.473237063027739
-0.16614190319662298
-4.913053423100117
-0.16614190319662298
-2.53959766314837
-12.03342070295536
-2.53959766314837
-32.20779466254521
-3.726325543124244
-4.913053423100117
4.580769616706871
-7.286509183051865
-0.16614190319662298
1.0205859767792507
1.0205859767792507
-2.53959766314837
-0.16614190319662298
-2.53959766314837
65.10389149547642
-0.16614190319662298
-3.726325543124244
-17.967060102834726
119.69337397436661
6.954225376658618
-9.659964943003612
-8.473237063027739
399.7611536486728
5.767497496682745
-8.473237063027739
-8.473237063027739
-8.473237063027739
-4.913053423100117
-14.406876462907107
35.435694496079584
-4.913053423100117
-0.16614190319662298
-4.913053423100117
1.0205859767792507
-8.473237063027739
-1.3528697831724965
-3.726325543124244
-14.406876462907107
1.0205859767792507
-8.473237063027739
6.954225376658618
-2.53959766314837
-2.53959766314837
4.580769616706871
-41.7016177023522
42.55606177593483
6.954225376658618
4.580769616706871
-3.726325543124244
226.49888317219526
-22.71397162273822
-2.53959766314837
-8.473237063027739
-8.473237063027739
4.580769616706871
2.2073138567551243
653.7209199635097
75.78444241525929
-0.16614190319662298
6.954225376658618
-7.286509183051865
-4.913053423100117
-2.53959766314837
4.580769616706871
-2.53959766314837
-27.460883142641716
-8.473237063027739
-2.53959766314837
1.0205859767792507
4.580769616706871
-7.286509183051865
-2.53959766314837
-3.726325543124244
-1.3528697831724965
-6.099781303075991
-10.846692822979485
-2.53959766314837
-1.3528697831724965
-3.726325543124244
500.6330234466221
-4.913053423100117
1.0205859767792507
-0.16614190319662298
1.0205859767792507
4.580769616706871
-4.913053423100117
-1.3528697831724965
-13.220148582931232
-9.659964943003612
1.0205859767792507
-2.53959766314837
-8.473237063027739
-12.03342070295536
2.2073138567551243
-1.3528697831724965
-1.3528697831724965
-2.53959766314837
-4.913053423100117
-1.3528697831724965
287.0220050509648
-7.286509183051865
53.23661269571769
-6.099781303075991
-2.53959766314837
2.2073138567551243
-4.913053423100117
5.767497496682745
1.0205859767792507
-0.16614190319662298
-14.406876462907107
-2.53959766314837
-3.726325543124244
-2.53959766314837
-4.913053423100117
-8.473237063027739
-4.913053423100117
-2.53959766314837
173.09612857328094
6.954225376658618
3.3940417367309976
-2.53959766314837
-2.53959766314837
1.0205859767792507
-2.53959766314837
-2.53959766314837
-0.16614190319662298
-0.16614190319662298
-10.846692822979485
-12.03342070295536
-0.16614190319662298
-1.3528697831724965
2.2073138567551243
1.0205859767792507
-4.913053423100117
-2.53959766314837
-14.406876462907107
-10.846692822979485
2.2073138567551243
-2.53959766314837
-12.03342070295536
-2.53959766314837
-7.286509183051865
1.0205859767792507
-0.16614190319662298
17.63477629644148
-2.53959766314837
-2.53959766314837
-7.286509183051865
-0.16614190319662298
-2.53959766314837
8.140953256634493
-8.473237063027739
-1.3528697831724965
-6.099781303075991
-2.53959766314837
-2.53959766314837
-1.3528697831724965
4.580769616706871
-8.473237063027739
-9.659964943003612
-7.286509183051865
-2.53959766314837
2.2073138567551243
-7.286509183051865
-2.53959766314837
-2.53959766314837
63.91716361550055
37.80915025603133
-13.220148582931232
142.2412036939082
-0.16614190319662298
1.0205859767792507
-3.726325543124244
4.580769616706871
139.86774793395645
-10.846692822979485
2.2073138567551243
5.767497496682745
338.05130388992734
-4.913053423100117
1.0205859767792507
-4.913053423100117
-8.473237063027739
3.3940417367309976
105.45263941465613
-14.406876462907107
-1.3528697831724965
6.954225376658618
-0.16614190319662298
72.22425877533166
-2.53959766314837
-0.16614190319662298
40.182606015983076
-0.16614190319662298
-15.59360434288298
-4.913053423100117
34.24896661610371
2.2073138567551243
60.35697997557293
8.140953256634493
-1.3528697831724965
-7.286509183051865
-3.726325543124244
-0.16614190319662298
-4.913053423100117
5.767497496682745
5.767497496682745
-0.16614190319662298
2.2073138567551243
-1.3528697831724965
-4.913053423100117
-2.53959766314837
-9.659964943003612
-3.726325543124244
-7.286509183051865
4.580769616706871
-2.53959766314837
-9.659964943003612
514.8737580063325
1.0205859767792507
2.2073138567551243
-4.913053423100117
110.19955093455962
-7.286509183051865
673.8952939230996
2.2073138567551243
-2.53959766314837
72.22425877533166
440.1099015678525
-2.53959766314837
2.2073138567551243
-8.473237063027739
-2.53959766314837
-6.099781303075991
-4.913053423100117
1.0205859767792507
-19.153787982810602
-4.913053423100117
-4.913053423100117
-17.967060102834726
-9.659964943003612
-4.913053423100117
-2.53959766314837
1.0205859767792507
-4.913053423100117
-8.473237063027739
5.767497496682745
-8.473237063027739
1.0205859767792507
-12.03342070295536
-0.16614190319662298
3.3940417367309976
-1.3528697831724965
29.502055096200216
-0.16614190319662298
-7.286509183051865
4.580769616706871
1.0205859767792507
-4.913053423100117
1.0205859767792507
176.65631221320857
1.0205859767792507
158.85539401357045
-3.726325543124244
2.2073138567551243
63.91716361550055
-17.967060102834726
2.2073138567551243
6.954225376658618
-2.53959766314837
-0.16614190319662298
-0.16614190319662298
3.3940417367309976
449.6037246076595
-0.16614190319662298
75.78444241525929
273.9679983712302
4.580769616706871
-0.16614190319662298
2.2073138567551243
-3.726325543124244
-2.53959766314837
-1.3528697831724965
2.2073138567551243
29.502055096200216
2.2073138567551243
-2.53959766314837
-2.53959766314837
-10.846692822979485
-0.16614190319662298
-2.53959766314837
-6.099781303075991
-6.099781303075991
-0.16614190319662298
-3.726325543124244
-10.846692822979485
-0.16614190319662298
81.71808181513866
4.580769616706871
-3.726325543124244
1.0205859767792507
290.58218869089245
-7.286509183051865
-15.59360434288298
-12.03342070295536
-2.53959766314837
-2.53959766314837
-4.913053423100117
-8.473237063027739
-2.53959766314837
-7.286509183051865
-8.473237063027739
-0.16614190319662298
-3.726325543124244
-3.726325543124244
-14.406876462907107
-0.16614190319662298
-4.913053423100117
-4.913053423100117
42.55606177593483
-2.53959766314837
-2.53959766314837
1.0205859767792507
-0.16614190319662298
4.580769616706871
-6.099781303075991
1.0205859767792507
-8.473237063027739
-8.473237063027739
3.3940417367309976
-15.59360434288298
1.0205859767792507
1.0205859767792507
-2.53959766314837
-1.3528697831724965
396.2009700087452
-0.16614190319662298
3.3940417367309976
81.71808181513866
-0.16614190319662298
-4.913053423100117
-2.53959766314837
2.2073138567551243
-1.3528697831724965
396.2009700087452
-7.286509183051865
-2.53959766314837
-2.53959766314837
1.0205859767792507
6.954225376658618
1.0205859767792507
-4.913053423100117
-7.286509183051865
1.0205859767792507
-4.913053423100117
2.2073138567551243
-4.913053423100117
-4.913053423100117
-9.659964943003612
-2.53959766314837
6.954225376658618
-0.16614190319662298
-2.53959766314837
173.09612857328094
-4.913053423100117
1.0205859767792507
72.22425877533166
-3.726325543124244
-8.473237063027739
1.0205859767792507
3.3940417367309976
-0.16614190319662298
1.0205859767792507
-2.53959766314837
-0.16614190319662298
3.3940417367309976
-15.59360434288298
-7.286509183051865
2.2073138567551243
11.701136896562113
1.0205859767792507
3.3940417367309976
30.68878297617609
-16.780332222858853
-4.913053423100117
-12.03342070295536
-2.53959766314837
253.79362441164034
-2.53959766314837
-12.03342070295536
8.140953256634493
-2.53959766314837
-2.53959766314837
-4.913053423100117
-4.913053423100117
4.580769616706871
-2.53959766314837
272.7812704912543
-0.16614190319662298
-15.59360434288298
-17.967060102834726
-2.53959766314837
-12.03342070295536
-3.726325543124244
-1.3528697831724965
1.0205859767792507
-6.099781303075991
1.0205859767792507
4.580769616706871
-2.53959766314837
71.03753089535579
-4.913053423100117
3.3940417367309976
-3.726325543124244
-0.16614190319662298
114.94646245446312
2.2073138567551243
-13.220148582931232
-0.16614190319662298
-2.53959766314837
-6.099781303075991
-7.286509183051865
2.2073138567551243
6.954225376658618
-3.726325543124244
6.954225376658618
-1.3528697831724965
-2.53959766314837
5.767497496682745
-2.53959766314837
-7.286509183051865
1.0205859767792507
-4.913053423100117
1.0205859767792507
2.2073138567551243
154.10848249366697
4.580769616706871
1.0205859767792507
6.954225376658618
-10.846692822979485
-4.913053423100117
-0.16614190319662298
-3.726325543124244
-6.099781303075991
-9.659964943003612
2.2073138567551243
-7.286509183051865
8.140953256634493
-10.846692822979485
-3.726325543124244
-8.473237063027739
-10.846692822979485
-3.726325543124244
-6.099781303075991
4.580769616706871
5.767497496682745
-0.16614190319662298
-2.53959766314837
4.580769616706871
5.767497496682745
-7.286509183051865
326.18402509016863
-8.473237063027739
-1.3528697831724965
4.580769616706871
-0.16614190319662298
3.3940417367309976
-19.153787982810602
1.0205859767792507
2.2073138567551243
4.580769616706871
-38.14143406242458
-3.726325543124244
2.2073138567551243
-0.16614190319662298
-12.03342070295536
5.767497496682745
-8.473237063027739
4.580769616706871
-1.3528697831724965
6.954225376658618
1.0205859767792507
1.0205859767792507
-0.16614190319662298
-4.913053423100117
75.78444241525929
-0.16614190319662298
1.0205859767792507
-4.913053423100117
2.2073138567551243
1.0205859767792507
370.09295664927595
-7.286509183051865
-6.099781303075991
-9.659964943003612
-7.286509183051865
1.0205859767792507
2.2073138567551243
6.954225376658618
-2.53959766314837
-2.53959766314837
-3.726325543124244
-2.53959766314837
100.70572789475263
-8.473237063027739
2.2073138567551243
304.8229232506029
-3.726325543124244
-8.473237063027739
107.82609517460787
-3.726325543124244
2.2073138567551243
2.2073138567551243
38.99587813600721
-8.473237063027739
-2.53959766314837
-8.473237063027739
-7.286509183051865
-4.913053423100117
-3.726325543124244
-8.473237063027739
-4.913053423100117
-15.59360434288298
-13.220148582931232
393.8275142487934
-2.53959766314837
1.0205859767792507
-2.53959766314837
-4.913053423100117
-22.71397162273822
-3.726325543124244
-4.913053423100117
6.954225376658618
-7.286509183051865
-0.16614190319662298
4.580769616706871
-7.286509183051865
-3.726325543124244
-4.913053423100117
-12.03342070295536
-2.53959766314837
6.954225376658618
2.2073138567551243
103.07918365470438
-0.16614190319662298
-19.153787982810602
-2.53959766314837
2.2073138567551243
-2.53959766314837
-0.16614190319662298
-2.53959766314837
6.954225376658618
-0.16614190319662298
-2.53959766314837
2.2073138567551243
-2.53959766314837
2.2073138567551243
-7.286509183051865
1.0205859767792507
-9.659964943003612
265.6609032113991
-3.726325543124244
6.954225376658618
4.580769616706871
2.2073138567551243
-0.16614190319662298
8.140953256634493
-0.16614190319662298
-7.286509183051865
-10.846692822979485
-6.099781303075991
8.140953256634493
-0.16614190319662298
-7.286509183051865
-6.099781303075991
-6.099781303075991
3.3940417367309976
474.52501008715285
-7.286509183051865
1.0205859767792507
2.2073138567551243
-8.473237063027739
4.580769616706871
-4.913053423100117
-8.473237063027739
-0.16614190319662298
-4.913053423100117
5.767497496682745
-3.726325543124244
-1.3528697831724965
4.580769616706871
-0.16614190319662298
91.21190485494564
-8.473237063027739
-3.726325543124244
3.3940417367309976
6.954225376658618
-3.726325543124244
-10.846692822979485
-2.53959766314837
-3.726325543124244
-7.286509183051865
-4.913053423100117
1.0205859767792507
-9.659964943003612
-2.53959766314837
-0.16614190319662298
-12.03342070295536
-17.967060102834726
-8.473237063027739
4.580769616706871
-4.913053423100117
3.3940417367309976
-13.220148582931232
436.54971792792486
-2.53959766314837
-6.099781303075991
161.2288497735222
208.69796497255714
10.514409016586239
-12.03342070295536
2.2073138567551243
-4.913053423100117
-6.099781303075991
5.767497496682745
-0.16614190319662298
-0.16614190319662298
-4.913053423100117
-1.3528697831724965
-8.473237063027739
-3.726325543124244
4.580769616706871
-3.726325543124244
69.85080301537992
-1.3528697831724965
-7.286509183051865
5.767497496682745
137.49429217400473
-2.53959766314837
-3.726325543124244
5.767497496682745
9.327681136610366
-0.16614190319662298
-8.473237063027739
1.0205859767792507
-7.286509183051865
-1.3528697831724965
42.55606177593483
5.767497496682745
-10.846692822979485
-7.286509183051865
5.767497496682745
9.327681136610366
-1.3528697831724965
-9.659964943003612
2.2073138567551243
-7.286509183051865
-40.514889822376325
48.4897011758142
-4.913053423100117
-16.780332222858853
1.0205859767792507
2.2073138567551243
-10.846692822979485
1.0205859767792507
-7.286509183051865
-2.53959766314837
1.0205859767792507
-1.3528697831724965
2.2073138567551243
-3.726325543124244
-3.726325543124244
-8.473237063027739
-13.220148582931232
2.2073138567551243
9.327681136610366
-12.03342070295536
-2.53959766314837
-0.16614190319662298
37.80915025603133
-6.099781303075991
-7.286509183051865
451.97718036761125
-2.53959766314837
-13.220148582931232
-2.53959766314837
-3.726325543124244
33.06223873612784
-8.473237063027739
1.0205859767792507
2.2073138567551243
3.3940417367309976
4.580769616706871
63.91716361550055
-3.726325543124244
65.10389149547642
-1.3528697831724965
65.10389149547642
1.0205859767792507
-2.53959766314837
-4.913053423100117
3.3940417367309976
-3.726325543124244
-0.16614190319662298
-2.53959766314837
-2.53959766314837
4.580769616706871
6.954225376658618
-1.3528697831724965
104.26591153468026
-8.473237063027739
-4.913053423100117
467.4046428072976
4.580769616706871
-6.099781303075991
-1.3528697831724965
196.8306861727984
-3.726325543124244
-9.659964943003612
303.63619537062704
-8.473237063027739
-0.16614190319662298
-2.53959766314837
-3.726325543124244
-4.913053423100117
1.0205859767792507
482.83210524698393
6.954225376658618
-0.16614190319662298
-0.16614190319662298
-7.286509183051865
-15.59360434288298
-7.286509183051865
1.0205859767792507
-10.846692822979485
2.2073138567551243
-9.659964943003612
9.327681136610366
4.580769616706871
-0.16614190319662298
-3.726325543124244
-9.659964943003612
1.0205859767792507
-1.3528697831724965
8.140953256634493
428.2426227680938
-6.099781303075991
1.0205859767792507
-6.099781303075991
-2.53959766314837
-2.53959766314837
-8.473237063027739
-3.726325543124244
-8.473237063027739
2.2073138567551243
-7.286509183051865
-0.16614190319662298
5.767497496682745
-3.726325543124244
-3.726325543124244
-0.16614190319662298
-1.3528697831724965
-0.16614190319662298
-7.286509183051865
-1.3528697831724965
6.954225376658618
-3.726325543124244
2.2073138567551243
-1.3528697831724965
-2.53959766314837
-4.913053423100117
-4.913053423100117
-7.286509183051865
-0.16614190319662298
38.99587813600721
-4.913053423100117
-1.3528697831724965
-2.53959766314837
63.91716361550055
8.140953256634493
-0.16614190319662298
4.580769616706871
-8.473237063027739
-3.726325543124244
5.767497496682745
110.19955093455962
-2.53959766314837
1.0205859767792507
-6.099781303075991
-3.726325543124244
-3.726325543124244
-8.473237063027739
524.3675810461395
-3.726325543124244
-6.099781303075991
4.580769616706871
1.0205859767792507
-8.473237063027739
4.580769616706871
9.327681136610366
-1.3528697831724965
227.6856110521711
327.3707529701445
-4.913053423100117
1.0205859767792507
-4.913053423100117
-2.53959766314837
-0.16614190319662298
-0.16614190319662298
-4.913053423100117
-3.726325543124244
-2.53959766314837
-0.16614190319662298
-2.53959766314837
1.0205859767792507
-6.099781303075991
-8.473237063027739
-4.913053423100117
-2.53959766314837
-0.16614190319662298
-0.16614190319662298
148.1748430937876
-4.913053423100117
3.3940417367309976
-0.16614190319662298
-2.53959766314837
1.0205859767792507
-2.53959766314837
-10.846692822979485
2.2073138567551243
2.2073138567551243
-2.53959766314837
63.91716361550055
-12.03342070295536
1.0205859767792507
-2.53959766314837
-4.913053423100117
-2.53959766314837
63.91716361550055
-3.726325543124244
4.580769616706871
-8.473237063027739
62.73043573552468
-3.726325543124244
-8.473237063027739
2.2073138567551243
-4.913053423100117
6.954225376658618
-2.53959766314837
-4.913053423100117
444.856813087756
1.0205859767792507
-10.846692822979485
-12.03342070295536
-8.473237063027739
-2.53959766314837
36.62242237605546
20.00823205639323
-10.846692822979485
-3.726325543124244
-8.473237063027739
238.36616197195397
1.0205859767792507
3.3940417367309976
-4.913053423100117
5.767497496682745
-0.16614190319662298
120.88010185434248
1.0205859767792507
2.2073138567551243
2.2073138567551243
-1.3528697831724965
-0.16614190319662298
63.91716361550055
2.2073138567551243
6.954225376658618
-10.846692822979485
-2.53959766314837
-4.913053423100117
-1.3528697831724965
-15.59360434288298
-36.9547061824487
38.99587813600721
-4.913053423100117
469.77809856724934
4.580769616706871
-0.16614190319662298
-4.913053423100117
3.3940417367309976
-2.53959766314837
-7.286509183051865
-4.913053423100117
59.17025209559706
-1.3528697831724965
235.99270621200225
-7.286509183051865
-1.3528697831724965
110.19955093455962
-6.099781303075991
-3.726325543124244
2.2073138567551243
-21.527243742762348
4.580769616706871
8.140953256634493
2.2073138567551243
3.3940417367309976
-3.726325543124244
-0.16614190319662298
2.2073138567551243
-1.3528697831724965
-7.286509183051865
-3.726325543124244
-0.16614190319662298
63.91716361550055
-2.53959766314837
-31.021066782569335
5.767497496682745
-0.16614190319662298
1.0205859767792507
-1.3528697831724965
2.2073138567551243
573.0234241251503
-8.473237063027739
-2.53959766314837
1.0205859767792507
-6.099781303075991
3.3940417367309976
2.2073138567551243
-4.913053423100117
-9.659964943003612
-7.286509183051865
3.3940417367309976
-0.16614190319662298
-4.913053423100117
-0.16614190319662298
-7.286509183051865
1.0205859767792507
-31.021066782569335
-0.16614190319662298
-7.286509183051865
-2.53959766314837
1.0205859767792507
-3.726325543124244
-8.473237063027739
-9.659964943003612
-7.286509183051865
-0.16614190319662298
-3.726325543124244
4.580769616706871
4.580769616706871
-8.473237063027739
-8.473237063027739
-3.726325543124244
1.0205859767792507
-9.659964943003612
-4.913053423100117
-4.913053423100117
-0.16614190319662298
-3.726325543124244
1.0205859767792507
-1.3528697831724965
-2.53959766314837
2.2073138567551243
2.2073138567551243
-2.53959766314837
285.83527717098895
-4.913053423100117
192.0837746528949
-17.967060102834726
2.2073138567551243
-1.3528697831724965
-0.16614190319662298
61.5437078555488
-2.53959766314837
1.0205859767792507
1.0205859767792507
-3.726325543124244
-1.3528697831724965
-1.3528697831724965
-2.53959766314837
415.18861608835914
-4.913053423100117
-0.16614190319662298
-9.659964943003612
-0.16614190319662298
113.75973457448724
1.0205859767792507
-3.726325543124244
-8.473237063027739
6.954225376658618
1.0205859767792507
1.0205859767792507
5.767497496682745
1.0205859767792507
2.2073138567551243
-4.913053423100117
-1.3528697831724965
-7.286509183051865
-2.53959766314837
-16.780332222858853
-2.53959766314837
-3.726325543124244
-2.53959766314837
323.8105693302169
-2.53959766314837
-2.53959766314837
1.0205859767792507
-4.913053423100117
-8.473237063027739
1.0205859767792507
-2.53959766314837
4.580769616706871
2.2073138567551243
62.73043573552468
-9.659964943003612
-10.846692822979485
-2.53959766314837
-2.53959766314837
-1.3528697831724965
-2.53959766314837
6.954225376658618
-4.913053423100117
3.3940417367309976
283.4618214110372
-12.03342070295536
174.2828564532568
-2.53959766314837
-8.473237063027739
10.514409016586239
-7.286509183051865
-10.846692822979485
1.0205859767792507
-8.473237063027739
-4.913053423100117
-0.16614190319662298
-7.286509183051865
42.55606177593483
-22.71397162273822
92.39863273492152
-15.59360434288298
4.580769616706871
-0.16614190319662298
-0.16614190319662298
-0.16614190319662298
1.0205859767792507
-3.726325543124244
-2.53959766314837
-2.53959766314837
-3.726325543124244
-3.726325543124244
-0.16614190319662298
182.58995161308792
-3.726325543124244
-2.53959766314837
-1.3528697831724965
-12.03342070295536
-8.473237063027739
114.94646245446312
5.767497496682745
-6.099781303075991
5.767497496682745
4.580769616706871
-3.726325543124244
-1.3528697831724965
1.0205859767792507
-4.913053423100117
-10.846692822979485
-0.16614190319662298
-2.53959766314837
-1.3528697831724965
-7.286509183051865
-1.3528697831724965
-13.220148582931232
-1.3528697831724965
434.1762621679731
-1.3528697831724965
160.04212189354632
-1.3528697831724965
133.9341085340771
1.0205859767792507
120.88010185434248
-1.3528697831724965
2.2073138567551243
-10.846692822979485
-2.53959766314837
-6.099781303075991
2.2073138567551243
74.59771453528342
-9.659964943003612
-7.286509183051865
3.3940417367309976
-4.913053423100117
-4.913053423100117
-8.473237063027739
-7.286509183051865
1.0205859767792507
-0.16614190319662298
-2.53959766314837
5.767497496682745
-7.286509183051865
-8.473237063027739
2.2073138567551243
-7.286509183051865
-6.099781303075991
-1.3528697831724965
1.0205859767792507
460.28427552744233
1.0205859767792507
1.0205859767792507
60.35697997557293
-2.53959766314837
-1.3528697831724965
-2.53959766314837
-12.03342070295536
2.2073138567551243
-8.473237063027739
-14.406876462907107
-0.16614190319662298
97.14554425482501
6.954225376658618
99.51900001477676
1.0205859767792507
-2.53959766314837
-3.726325543124244
4.580769616706871
-2.53959766314837
-2.53959766314837
-10.846692822979485
1.0205859767792507
-15.59360434288298
36.62242237605546
-6.099781303075991
2.2073138567551243
466.2179149273217
-0.16614190319662298
-4.913053423100117
-0.16614190319662298
-12.03342070295536
1.0205859767792507
-3.726325543124244
5.767497496682745
2.2073138567551243
-17.967060102834726
-3.726325543124244
-2.53959766314837
-0.16614190319662298
-6.099781303075991
-6.099781303075991
1.0205859767792507
-1.3528697831724965
-3.726325543124244
-13.220148582931232
-9.659964943003612
4.580769616706871
-1.3528697831724965
-1.3528697831724965
-0.16614190319662298
-1.3528697831724965
-4.913053423100117
-3.726325543124244
3.3940417367309976
-8.473237063027739
-4.913053423100117
1.0205859767792507
-3.726325543124244
1.0205859767792507
-0.16614190319662298
-14.406876462907107
526.7410368060913
-4.913053423100117
-2.53959766314837
-6.099781303075991
-1.3528697831724965
-2.53959766314837
1.0205859767792507
-4.913053423100117
1.0205859767792507
-9.659964943003612
5.767497496682745
8.140953256634493
-0.16614190319662298
-0.16614190319662298
-1.3528697831724965
-0.16614190319662298
-2.53959766314837
1.0205859767792507
6.954225376658618
-8.473237063027739
-1.3528697831724965
111.3862788145355
6.954225376658618
-15.59360434288298
5.767497496682745
-6.099781303075991
-3.726325543124244
-23.900699502714094
-3.726325543124244
2.2073138567551243
-3.726325543124244
340.4247596498791
-0.16614190319662298
-0.16614190319662298
-1.3528697831724965
9.327681136610366
-13.220148582931232
-9.659964943003612
5.767497496682745
314.31674629040987
3.3940417367309976
1.0205859767792507
2.2073138567551243
3.3940417367309976
-2.53959766314837
-26.274155262665843
-3.726325543124244
4.580769616706871
-3.726325543124244
-8.473237063027739
-6.099781303075991
-4.913053423100117
5.767497496682745
-8.473237063027739
-0.16614190319662298
-17.967060102834726
-4.913053423100117
-2.53959766314837
-12.03342070295536
-9.659964943003612
156.4819382536187
-6.099781303075991
94.77208849487326
-12.03342070295536
-7.286509183051865
-8.473237063027739
-2.53959766314837
-8.473237063027739
277.5281820111578
1.0205859767792507
-1.3528697831724965
482.83210524698393
-7.286509183051865
1.0205859767792507
-7.286509183051865
253.79362441164034
-0.16614190319662298
-9.659964943003612
-4.913053423100117
-1.3528697831724965
-2.53959766314837
430.61607852804553
-3.726325543124244
-17.967060102834726
-10.846692822979485
304.8229232506029
-17.967060102834726
-1.3528697831724965
-17.967060102834726
5.767497496682745
-1.3528697831724965
5.767497496682745
-4.913053423100117
-3.726325543124244
65.10389149547642
1.0205859767792507
-2.53959766314837
-4.913053423100117
5.767497496682745
-4.913053423100117
-2.53959766314837
5.767497496682745
-2.53959766314837
20.00823205639323
3.3940417367309976
-7.286509183051865
-13.220148582931232
10.514409016586239
-4.913053423100117
1.0205859767792507
-7.286509183051865
-0.16614190319662298
1.0205859767792507
1.0205859767792507
114.94646245446312
-2.53959766314837
-0.16614190319662298
-2.53959766314837
-9.659964943003612
-4.913053423100117
1.0205859767792507
2.2073138567551243
-1.3528697831724965
-1.3528697831724965
1.0205859767792507
-1.3528697831724965
447.23026884770775
138.68102005398057
62.73043573552468
-2.53959766314837
150.5482988537393
65.10389149547642
-0.16614190319662298
-6.099781303075991
1.0205859767792507
-4.913053423100117
-3.726325543124244
-1.3528697831724965
80.53135393516278
529.114492566043
207.51123709258127
-0.16614190319662298
-7.286509183051865
4.580769616706871
-3.726325543124244
5.767497496682745
161.2288497735222
-7.286509183051865
-2.53959766314837
