-0.4252831310464505
-6.02111380271034
62.24802039158911
-4.901947668377562
-1.5444492653792283
-6.02111380271034
-8.259446071375896
13.004710480946883
-1.5444492653792283
1.8130491376191054
61.128854257256336
-9.378612205708674
-8.259446071375896
-7.140279937043118
-8.259446071375896
53.29469131692689
4.051381406284661
-7.140279937043118
-6.02111380271034
46.579694510930224
-6.02111380271034
2.932215271951883
-12.736110608707007
52.17552518259411
-9.378612205708674
-9.378612205708674
84.63134307824467
-1.5444492653792283
-4.901947668377562
-11.616944474374229
8.528045943615773
7.408879809282995
174.1646338248669
0.6938830032863273
-2.6636153997120062
0.6938830032863273
52.17552518259411
47.698860645263
-1.5444492653792283
-7.140279937043118
63.36718652592189
-6.02111380271034
-2.6636153997120062
1.8130491376191054
-25.046938086367565
17.481375018277994
8.528045943615773
-7.140279937043118
522.2253016023608
-9.378612205708674
-2.6636153997120062
4.051381406284661
5.170547540617439
-6.02111380271034
1.8130491376191054
-4.901947668377562
53.29469131692689
1.8130491376191054
-8.259446071375896
-4.901947668377562
-2.6636153997120062
-16.09360901170534
4.051381406284661
-11.616944474374229
-4.901947668377562
-4.901947668377562
-0.4252831310464505
-6.02111380271034
6.2897136749502165
-9.378612205708674
2.932215271951883
-10.497778340041451
534.5361290800214
-2.6636153997120062
-0.4252831310464505
-8.259446071375896
-6.02111380271034
-7.140279937043118
-0.4252831310464505
57.771355854258
52.17552518259411
-2.6636153997120062
-2.6636153997120062
503.1994773187036
-2.6636153997120062
-2.6636153997120062
5.170547540617439
184.2371290338619
-6.02111380271034
222.28877760117635
4.051381406284661
-40.71526396702645
53.29469131692689
-4.901947668377562
4.051381406284661
169.6879692875358
21.95803955560911
-1.5444492653792283
89.10800761557579
-1.5444492653792283
-2.6636153997120062
2.932215271951883
-6.02111380271034
46.579694510930224
-2.6636153997120062
-1.5444492653792283
-8.259446071375896
5.170547540617439
-13.855276743039786
-4.901947668377562
-8.259446071375896
-12.736110608707007
-4.901947668377562
-6.02111380271034
63.36718652592189
-6.02111380271034
-16.09360901170534
1.8130491376191054
70.08218333191856
-2.6636153997120062
-2.6636153997120062
-8.259446071375896
43.222196107931886
2.932215271951883
-2.6636153997120062
-9.378612205708674
1.8130491376191054
-6.02111380271034
-19.451107414703674
-0.4252831310464505
-1.5444492653792283
-10.497778340041451
476.33949009471695
-7.140279937043118
-2.6636153997120062
56.652189719925225
-1.5444492653792283
-4.901947668377562
4.051381406284661
1.8130491376191054
-2.6636153997120062
-7.140279937043118
-6.02111380271034
-2.6636153997120062
2.932215271951883
55.533023585592446
53.29469131692689
-6.02111380271034
-4.901947668377562
-2.6636153997120062
-11.616944474374229
-10.497778340041451
-10.497778340041451
60.009688122923556
-0.4252831310464505
-6.02111380271034
-4.901947668377562
-2.6636153997120062
-2.6636153997120062
-2.6636153997120062
-2.6636153997120062
4.051381406284661
-11.616944474374229
-6.02111380271034
-0.4252831310464505
-10.497778340041451
-6.02111380271034
85.75050921257744
-2.6636153997120062
-6.02111380271034
53.29469131692689
-0.4252831310464505
2.932215271951883
-2.6636153997120062
51.056359048261335
0.6938830032863273
-6.02111380271034
-0.4252831310464505
-0.4252831310464505
62.24802039158911
2.932215271951883
-4.901947668377562
-14.974442877372564
-1.5444492653792283
4.051381406284661
58.89052198859078
-11.616944474374229
2.932215271951883
-19.451107414703674
-8.259446071375896
2.932215271951883
-4.901947668377562
-2.6636153997120062
-2.6636153997120062
-6.02111380271034
38.745531570600775
-4.901947668377562
-6.02111380271034
-2.6636153997120062
-11.616944474374229
54.413857451259666
-4.901947668377562
-2.6636153997120062
74.55884786924967
-2.6636153997120062
-16.09360901170534
436.0495092587369
-0.4252831310464505
-4.901947668377562
4.051381406284661
-13.855276743039786
55.533023585592446
-6.02111380271034
-2.6636153997120062
6.2897136749502165
61.128854257256336
42.10302997359911
-14.974442877372564
140.58964979488357
-0.4252831310464505
38.745531570600775
-9.378612205708674
47.698860645263
-4.901947668377562
138.351317526218
-6.02111380271034
1.8130491376191054
2.932215271951883
1.8130491376191054
-2.6636153997120062
38.745531570600775
-12.736110608707007
-9.378612205708674
-4.901947668377562
-10.497778340041451
60.009688122923556
-4.901947668377562
2.932215271951883
1.8130491376191054
-8.259446071375896
-6.02111380271034
64.48635266025467
8.528045943615773
-1.5444492653792283
2.932215271951883
9.64721207794855
111.49133030223133
46.579694510930224
-2.6636153997120062
6.2897136749502165
-14.974442877372564
109.25299803356579
-6.02111380271034
-10.497778340041451
-1.5444492653792283
64.48635266025467
0.6938830032863273
39.864697704933555
6.2897136749502165
-19.451107414703674
-11.616944474374229
-0.4252831310464505
-0.4252831310464505
-1.5444492653792283
513.2719725276986
107.01466576490023
481.9353207663808
112.61049643656412
-8.259446071375896
-6.02111380271034
-12.736110608707007
51.056359048261335
-1.5444492653792283
77.916346272248
-0.4252831310464505
57.771355854258
-4.901947668377562
-2.6636153997120062
8.528045943615773
1.8130491376191054
307.3454038104675
-4.901947668377562
-1.5444492653792283
362.1845443927736
-2.6636153997120062
5.170547540617439
-2.6636153997120062
5.170547540617439
-2.6636153997120062
252.50626322816134
-3.7827815340447843
1.8130491376191054
48.818026779595776
-12.736110608707007
-6.02111380271034
-4.901947668377562
-3.7827815340447843
-1.5444492653792283
8.528045943615773
4.051381406284661
-9.378612205708674
48.818026779595776
-7.140279937043118
-6.02111380271034
-7.140279937043118
-11.616944474374229
124.92132391422467
-6.02111380271034
-0.4252831310464505
-23.927771952034785
-2.6636153997120062
2.932215271951883
54.413857451259666
4.051381406284661
-1.5444492653792283
38.745531570600775
1.8130491376191054
4.051381406284661
37.626365436267996
4.051381406284661
-7.140279937043118
-2.6636153997120062
-2.6636153997120062
-2.6636153997120062
-0.4252831310464505
-8.259446071375896
206.62045172051745
-6.02111380271034
-9.378612205708674
-11.616944474374229
-7.140279937043118
53.29469131692689
70.08218333191856
37.626365436267996
-16.09360901170534
-4.901947668377562
2.932215271951883
-7.140279937043118
-14.974442877372564
2.932215271951883
-4.901947668377562
4.051381406284661
-2.6636153997120062
60.009688122923556
0.6938830032863273
-2.6636153997120062
-7.140279937043118
-10.497778340041451
2.932215271951883
468.5053271543875
37.626365436267996
-6.02111380271034
-4.901947668377562
-6.02111380271034
152.90047727254412
53.29469131692689
-1.5444492653792283
-1.5444492653792283
-0.4252831310464505
-1.5444492653792283
57.771355854258
-0.4252831310464505
6.2897136749502165
99.18050282457078
4.051381406284661
2.932215271951883
0.6938830032863273
-8.259446071375896
2.932215271951883
-2.6636153997120062
2.932215271951883
-4.901947668377562
58.89052198859078
-1.5444492653792283
648.6910747819647
-2.6636153997120062
-0.4252831310464505
7.408879809282995
56.652189719925225
4.051381406284661
65.60551879458744
2.932215271951883
-4.901947668377562
-0.4252831310464505
1.8130491376191054
9.64721207794855
-1.5444492653792283
-4.901947668377562
-16.09360901170534
-8.259446071375896
6.2897136749502165
39.864697704933555
-6.02111380271034
-2.6636153997120062
1.8130491376191054
-6.02111380271034
-9.378612205708674
-4.901947668377562
53.29469131692689
-14.974442877372564
35.388033167602444
91.34633988424133
4.051381406284661
51.056359048261335
2.932215271951883
-10.497778340041451
-0.4252831310464505
-1.5444492653792283
194.3096242428569
127.15965618289023
-16.09360901170534
4.051381406284661
53.29469131692689
0.6938830032863273
0.6938830032863273
-46.31109463869034
39.864697704933555
-0.4252831310464505
4.051381406284661
297.27290860147247
-7.140279937043118
578.1836083189997
-2.6636153997120062
0.6938830032863273
-0.4252831310464505
-0.4252831310464505
2.932215271951883
-28.4044364893659
-1.5444492653792283
-0.4252831310464505
8.528045943615773
42.10302997359911
-6.02111380271034
137.23215139188522
-2.6636153997120062
-3.7827815340447843
-26.16610422070034
-6.02111380271034
-4.901947668377562
7.408879809282995
-0.4252831310464505
-2.6636153997120062
-6.02111380271034
61.128854257256336
-6.02111380271034
-4.901947668377562
-8.259446071375896
-9.378612205708674
-1.5444492653792283
-4.901947668377562
-19.451107414703674
-4.901947668377562
5.170547540617439
2.932215271951883
1.8130491376191054
-0.4252831310464505
-9.378612205708674
-1.5444492653792283
-16.09360901170534
-11.616944474374229
-0.4252831310464505
-1.5444492653792283
-2.6636153997120062
83.5121769439119
5.170547540617439
-0.4252831310464505
-1.5444492653792283
60.009688122923556
127.15965618289023
-2.6636153997120062
-4.901947668377562
-1.5444492653792283
504.3186434530364
-2.6636153997120062
48.818026779595776
2.932215271951883
45.460528376597445
-1.5444492653792283
-4.901947668377562
60.009688122923556
-9.378612205708674
-2.6636153997120062
54.413857451259666
56.652189719925225
-2.6636153997120062
-7.140279937043118
-0.4252831310464505
-9.378612205708674
2.932215271951883
2.932215271951883
-2.6636153997120062
1.8130491376191054
52.17552518259411
372.2570396017686
-6.02111380271034
-4.901947668377562
-0.4252831310464505
-2.6636153997120062
391.2828638854258
-7.140279937043118
-1.5444492653792283
-2.6636153997120062
2.932215271951883
-7.140279937043118
-2.6636153997120062
8.528045943615773
-9.378612205708674
47.698860645263
2.932215271951883
1.8130491376191054
-6.02111380271034
1.8130491376191054
-6.02111380271034
-0.4252831310464505
-1.5444492653792283
36.50719930193522
-4.901947668377562
-4.901947668377562
-0.4252831310464505
142.82798206354911
-6.02111380271034
6.2897136749502165
-10.497778340041451
54.413857451259666
81.27384467524634
-1.5444492653792283
233.48043894450413
-1.5444492653792283
1.8130491376191054
-1.5444492653792283
-0.4252831310464505
-8.259446071375896
-2.6636153997120062
2.932215271951883
-1.5444492653792283
-8.259446071375896
-3.7827815340447843
4.051381406284661
396.8786945570897
-12.736110608707007
-0.4252831310464505
2.932215271951883
-0.4252831310464505
-0.4252831310464505
4.051381406284661
-1.5444492653792283
-9.378612205708674
-1.5444492653792283
4.051381406284661
-12.736110608707007
-6.02111380271034
7.408879809282995
-2.6636153997120062
-4.901947668377562
-4.901947668377562
-8.259446071375896
-19.451107414703674
468.5053271543875
8.528045943615773
-0.4252831310464505
-2.6636153997120062
124.92132391422467
1.8130491376191054
40.983863839266334
4.051381406284661
-14.974442877372564
292.7962440641414
-6.02111380271034
1.8130491376191054
-0.4252831310464505
9.64721207794855
52.17552518259411
-2.6636153997120062
-4.901947668377562
120.44465937689357
-0.4252831310464505
1.8130491376191054
8.528045943615773
6.2897136749502165
-0.4252831310464505
334.2053910344541
-7.140279937043118
2.932215271951883
-6.02111380271034
-8.259446071375896
-2.6636153997120062
-1.5444492653792283
-9.378612205708674
-1.5444492653792283
-23.927771952034785
2.932215271951883
85.75050921257744
-8.259446071375896
-9.378612205708674
-6.02111380271034
-36.23859942969534
-0.4252831310464505
1.8130491376191054
74.55884786924967
-9.378612205708674
-2.6636153997120062
-6.02111380271034
-11.616944474374229
258.10209389982526
-4.901947668377562
-2.6636153997120062
4.051381406284661
-20.570273549036454
-4.901947668377562
-6.02111380271034
-13.855276743039786
-11.616944474374229
-2.6636153997120062
-6.02111380271034
-0.4252831310464505
-0.4252831310464505
-6.02111380271034
2.932215271951883
-6.02111380271034
-8.259446071375896
-8.259446071375896
-0.4252831310464505
47.698860645263
-4.901947668377562
38.745531570600775
1.8130491376191054
124.92132391422467
8.528045943615773
-1.5444492653792283
37.626365436267996
-6.02111380271034
-10.497778340041451
-1.5444492653792283
10.766378212281328
-7.140279937043118
-0.4252831310464505
13.004710480946883
-16.09360901170534
-0.4252831310464505
42.10302997359911
-4.901947668377562
-0.4252831310464505
-1.5444492653792283
4.051381406284661
-22.80860581770201
-2.6636153997120062
-2.6636153997120062
-6.02111380271034
0.6938830032863273
2.932215271951883
-2.6636153997120062
-7.140279937043118
43.222196107931886
-6.02111380271034
-1.5444492653792283
38.745531570600775
74.55884786924967
53.29469131692689
52.17552518259411
-7.140279937043118
-2.6636153997120062
56.652189719925225
5.170547540617439
-7.140279937043118
9.64721207794855
-4.901947668377562
-11.616944474374229
-0.4252831310464505
2.932215271951883
-0.4252831310464505
-9.378612205708674
4.051381406284661
-1.5444492653792283
53.29469131692689
-7.140279937043118
-11.616944474374229
1.8130491376191054
-6.02111380271034
55.533023585592446
-6.02111380271034
-4.901947668377562
-6.02111380271034
-9.378612205708674
-4.901947668377562
-2.6636153997120062
-6.02111380271034
474.10115782605135
0.6938830032863273
-6.02111380271034
-4.901947668377562
35.388033167602444
-1.5444492653792283
-2.6636153997120062
-2.6636153997120062
49.937192913928556
10.766378212281328
-1.5444492653792283
-0.4252831310464505
-6.02111380271034
-9.378612205708674
6.2897136749502165
-11.616944474374229
212.21628239218134
2.932215271951883
-0.4252831310464505
-0.4252831310464505
-6.02111380271034
-2.6636153997120062
4.051381406284661
-1.5444492653792283
54.413857451259666
-11.616944474374229
1.8130491376191054
323.01372969112634
-2.6636153997120062
-10.497778340041451
-6.02111380271034
56.652189719925225
-2.6636153997120062
-2.6636153997120062
2.932215271951883
258.10209389982526
-2.6636153997120062
-6.02111380271034
-8.259446071375896
-6.02111380271034
-0.4252831310464505
60.009688122923556
-8.259446071375896
61.128854257256336
-8.259446071375896
8.528045943615773
-2.6636153997120062
-0.4252831310464505
-4.901947668377562
-1.5444492653792283
0.6938830032863273
2.932215271951883
-2.6636153997120062
-6.02111380271034
271.5320875118186
67.843851063253
0.6938830032863273
6.2897136749502165
-4.901947668377562
123.8021577798919
7.408879809282995
-14.974442877372564
-6.02111380271034
45.460528376597445
-0.4252831310464505
-0.4252831310464505
1.8130491376191054
37.626365436267996
-19.451107414703674
-7.140279937043118
-11.616944474374229
-8.259446071375896
-0.4252831310464505
-3.7827815340447843
-11.616944474374229
0.6938830032863273
-8.259446071375896
-2.6636153997120062
-0.4252831310464505
-1.5444492653792283
2.932215271951883
-4.901947668377562
358.82704598977523
-8.259446071375896
-18.3319412803709
450.598669005063
1.8130491376191054
-6.02111380271034
-6.02111380271034
4.051381406284661
1.8130491376191054
44.341362242264665
44.341362242264665
2.932215271951883
6.2897136749502165
-4.901947668377562
-6.02111380271034
55.533023585592446
-0.4252831310464505
60.009688122923556
-6.02111380271034
2.932215271951883
-13.855276743039786
-2.6636153997120062
92.46550601857412
-2.6636153997120062
-1.5444492653792283
-0.4252831310464505
48.818026779595776
-2.6636153997120062
-0.4252831310464505
-4.901947668377562
-11.616944474374229
40.983863839266334
-1.5444492653792283
-11.616944474374229
-3.7827815340447843
73.43968173491689
-3.7827815340447843
122.68299164555911
-0.4252831310464505
-0.4252831310464505
53.29469131692689
7.408879809282995
-14.974442877372564
111.49133030223133
1.8130491376191054
-4.901947668377562
-4.901947668377562
46.579694510930224
7.408879809282995
-9.378612205708674
-0.4252831310464505
235.71877121316967
-4.901947668377562
-2.6636153997120062
-8.259446071375896
-2.6636153997120062
-4.901947668377562
61.128854257256336
-0.4252831310464505
73.43968173491689
68.96301719758578
2.932215271951883
2.932215271951883
-10.497778340041451
-2.6636153997120062
-4.901947668377562
-4.901947668377562
6.2897136749502165
56.652189719925225
-1.5444492653792283
-10.497778340041451
-0.4252831310464505
0.6938830032863273
2.932215271951883
641.9760779759681
-1.5444492653792283
-0.4252831310464505
-2.6636153997120062
-9.378612205708674
6.2897136749502165
-6.02111380271034
-0.4252831310464505
39.864697704933555
-0.4252831310464505
-4.901947668377562
60.009688122923556
-1.5444492653792283
1.8130491376191054
-0.4252831310464505
57.771355854258
-0.4252831310464505
428.21534631840746
133.8746529888869
1.8130491376191054
-7.140279937043118
-14.974442877372564
42.10302997359911
52.17552518259411
-8.259446071375896
91.34633988424133
-2.6636153997120062
-3.7827815340447843
-1.5444492653792283
54.413857451259666
-9.378612205708674
-2.6636153997120062
-0.4252831310464505
113.72966257089689
-0.4252831310464505
-4.901947668377562
-6.02111380271034
-9.378612205708674
-9.378612205708674
63.36718652592189
-0.4252831310464505
-6.02111380271034
37.626365436267996
-2.6636153997120062
1.8130491376191054
2.932215271951883
52.17552518259411
-9.378612205708674
-1.5444492653792283
2.932215271951883
-3.7827815340447843
-11.616944474374229
-11.616944474374229
-2.6636153997120062
-9.378612205708674
61.128854257256336
442.7645060647336
-1.5444492653792283
-20.570273549036454
-2.6636153997120062
-2.6636153997120062
4.051381406284661
-6.02111380271034
-2.6636153997120062
48.818026779595776
52.17552518259411
-0.4252831310464505
100.29966895890357
-14.974442877372564
-2.6636153997120062
-1.5444492653792283
-1.5444492653792283
-4.901947668377562
73.43968173491689
-18.3319412803709
-2.6636153997120062
2.932215271951883
-0.4252831310464505
58.89052198859078
330.8478926314558
8.528045943615773
-4.901947668377562
-1.5444492653792283
-2.6636153997120062
-2.6636153997120062
0.6938830032863273
-7.140279937043118
-2.6636153997120062
-9.378612205708674
-7.140279937043118
161.85380634720636
-0.4252831310464505
-0.4252831310464505
55.533023585592446
-6.02111380271034
1.8130491376191054
-6.02111380271034
-1.5444492653792283
-19.451107414703674
-6.02111380271034
8.528045943615773
-8.259446071375896
-0.4252831310464505
-7.140279937043118
-2.6636153997120062
-0.4252831310464505
-18.3319412803709
-9.378612205708674
1.8130491376191054
-9.378612205708674
-7.140279937043118
70.08218333191856
394.64036228842417
-10.497778340041451
-6.02111380271034
-1.5444492653792283
0.6938830032863273
-4.901947668377562
-6.02111380271034
46.579694510930224
55.533023585592446
2.932215271951883
521.106135468028
1.8130491376191054
0.6938830032863273
-1.5444492653792283
-6.02111380271034
492.0078159753758
-0.4252831310464505
58.89052198859078
-7.140279937043118
-0.4252831310464505
-1.5444492653792283
155.13880954120967
-3.7827815340447843
-2.6636153997120062
-6.02111380271034
-16.09360901170534
-6.02111380271034
9.64721207794855
56.652189719925225
62.24802039158911
-13.855276743039786
0.6938830032863273
2.932215271951883
-2.6636153997120062
-7.140279937043118
-2.6636153997120062
6.2897136749502165
-11.616944474374229
251.38709709382857
51.056359048261335
-2.6636153997120062
10.766378212281328
-0.4252831310464505
-6.02111380271034
-4.901947668377562
0.6938830032863273
-0.4252831310464505
-4.901947668377562
4.051381406284661
-4.901947668377562
-8.259446071375896
1.8130491376191054
-4.901947668377562
-2.6636153997120062
-2.6636153997120062
-2.6636153997120062
-1.5444492653792283
-0.4252831310464505
6.2897136749502165
-1.5444492653792283
-6.02111380271034
-1.5444492653792283
53.29469131692689
-11.616944474374229
39.864697704933555
1.8130491376191054
-9.378612205708674
-1.5444492653792283
-1.5444492653792283
6.2897136749502165
60.009688122923556
-7.140279937043118
-1.5444492653792283
-8.259446071375896
-46.31109463869034
46.579694510930224
60.009688122923556
382.32953481076356
-1.5444492653792283
-1.5444492653792283
549.0852888263476
6.2897136749502165
-8.259446071375896
2.932215271951883
1.8130491376191054
57.771355854258
-1.5444492653792283
-7.140279937043118
-4.901947668377562
-8.259446071375896
-4.901947668377562
65.60551879458744
93.58467215290689
-10.497778340041451
45.460528376597445
-2.6636153997120062
37.626365436267996
-0.4252831310464505
2.932215271951883
-13.855276743039786
-4.901947668377562
-18.3319412803709
-0.4252831310464505
-0.4252831310464505
65.60551879458744
234.5996050788369
0.6938830032863273
-1.5444492653792283
-0.4252831310464505
45.460528376597445
8.528045943615773
-1.5444492653792283
0.6938830032863273
55.533023585592446
0.6938830032863273
39.864697704933555
-4.901947668377562
102.53800122756911
-1.5444492653792283
44.341362242264665
-0.4252831310464505
-9.378612205708674
-4.901947668377562
56.652189719925225
46.579694510930224
-2.6636153997120062
-6.02111380271034
-9.378612205708674
1.8130491376191054
-4.901947668377562
1.8130491376191054
-8.259446071375896
1.8130491376191054
-2.6636153997120062
-4.901947668377562
-9.378612205708674
2.932215271951883
-4.901947668377562
2.932215271951883
-8.259446071375896
61.128854257256336
-8.259446071375896
2.932215271951883
-10.497778340041451
7.408879809282995
1.8130491376191054
-3.7827815340447843
-10.497778340041451
-9.378612205708674
-4.901947668377562
6.2897136749502165
-6.02111380271034
-0.4252831310464505
-12.736110608707007
2.932215271951883
2.932215271951883
38.745531570600775
-4.901947668377562
-4.901947668377562
-2.6636153997120062
-0.4252831310464505
9.64721207794855
-11.616944474374229
328.60956036279026
-1.5444492653792283
47.698860645263
-8.259446071375896
-2.6636153997120062
-0.4252831310464505
-2.6636153997120062
-1.5444492653792283
-2.6636153997120062
-6.02111380271034
2.932215271951883
2.932215271951883
2.932215271951883
1.8130491376191054
101.41883509323634
-0.4252831310464505
-1.5444492653792283
-13.855276743039786
-2.6636153997120062
1.8130491376191054
-2.6636153997120062
-4.901947668377562
6.2897136749502165
4.051381406284661
42.10302997359911
-1.5444492653792283
-2.6636153997120062
1.8130491376191054
37.626365436267996
57.771355854258
-1.5444492653792283
-4.901947668377562
-9.378612205708674
1.8130491376191054
1.8130491376191054
38.745531570600775
320.7753974224608
-2.6636153997120062
-0.4252831310464505
-0.4252831310464505
-6.02111380271034
1.8130491376191054
-0.4252831310464505
-1.5444492653792283
-2.6636153997120062
-10.497778340041451
-14.974442877372564
53.29469131692689
-1.5444492653792283
6.2897136749502165
-1.5444492653792283
-8.259446071375896
2.932215271951883
4.051381406284661
-1.5444492653792283
-1.5444492653792283
-2.6636153997120062
-2.6636153997120062
-3.7827815340447843
-6.02111380271034
-6.02111380271034
252.50626322816134
0.6938830032863273
184.2371290338619
-2.6636153997120062
-1.5444492653792283
-0.4252831310464505
-2.6636153997120062
-7.140279937043118
-2.6636153997120062
-1.5444492653792283
-9.378612205708674
55.533023585592446
38.745531570600775
-2.6636153997120062
2.932215271951883
-4.901947668377562
-4.901947668377562
-1.5444492653792283
-7.140279937043118
5.170547540617439
-1.5444492653792283
-8.259446071375896
6.2897136749502165
4.051381406284661
-1.5444492653792283
1.8130491376191054
-6.02111380271034
-1.5444492653792283
0.6938830032863273
141.70881592921634
-2.6636153997120062
1.8130491376191054
55.533023585592446
-9.378612205708674
134.99381912321968
-0.4252831310464505
-2.6636153997120062
52.17552518259411
2.932215271951883
-1.5444492653792283
2.932215271951883
2.932215271951883
405.83202363175195
-8.259446071375896
56.652189719925225
-6.02111380271034
-9.378612205708674
-9.378612205708674
-1.5444492653792283
37.626365436267996
1.8130491376191054
-6.02111380271034
-6.02111380271034
-3.7827815340447843
2.932215271951883
2.932215271951883
-1.5444492653792283
-4.901947668377562
0.6938830032863273
-4.901947668377562
2.932215271951883
-0.4252831310464505
2.932215271951883
2.932215271951883
4.051381406284661
-6.02111380271034
1.8130491376191054
-0.4252831310464505
5.170547540617439
-9.378612205708674
-6.02111380271034
-0.4252831310464505
-4.901947668377562
43.222196107931886
-37.35776556402812
40.983863839266334
-1.5444492653792283
-9.378612205708674
9.64721207794855
-1.5444492653792283
-6.02111380271034
-9.378612205708674
-2.6636153997120062
396.8786945570897
-4.901947668377562
-4.901947668377562
-0.4252831310464505
2.932215271951883
-9.378612205708674
-6.02111380271034
5.170547540617439
117.08716097389522
-2.6636153997120062
-6.02111380271034
-20.570273549036454
4.051381406284661
-4.901947668377562
58.89052198859078
344.27788624344913
-2.6636153997120062
-1.5444492653792283
1.8130491376191054
-6.02111380271034
55.533023585592446
-9.378612205708674
-6.02111380271034
-0.4252831310464505
57.771355854258
-32.88110102669701
1.8130491376191054
395.75952842275694
-0.4252831310464505
5.170547540617439
2.932215271951883
-14.974442877372564
-8.259446071375896
-2.6636153997120062
130.51715458588856
-9.378612205708674
6.2897136749502165
-2.6636153997120062
92.46550601857412
-12.736110608707007
-0.4252831310464505
-1.5444492653792283
82.39301080957911
-2.6636153997120062
-1.5444492653792283
441.64533993040084
2.932215271951883
664.3594006626237
6.2897136749502165
-8.259446071375896
1.8130491376191054
4.051381406284661
-1.5444492653792283
154.0196434068769
-7.140279937043118
-1.5444492653792283
-0.4252831310464505
-8.259446071375896
4.051381406284661
-1.5444492653792283
-6.02111380271034
1.8130491376191054
-2.6636153997120062
-2.6636153997120062
-20.570273549036454
-9.378612205708674
58.89052198859078
-1.5444492653792283
216.69294692951246
-6.02111380271034
-1.5444492653792283
1.8130491376191054
56.652189719925225
-2.6636153997120062
-4.901947668377562
4.051381406284661
-8.259446071375896
-2.6636153997120062
581.5411067219981
-6.02111380271034
-0.4252831310464505
188.713793571193
6.2897136749502165
-6.02111380271034
-2.6636153997120062
1.8130491376191054
-9.378612205708674
-2.6636153997120062
-6.02111380271034
-2.6636153997120062
-7.140279937043118
-6.02111380271034
4.051381406284661
319.656231288128
0.6938830032863273
6.2897136749502165
1.8130491376191054
-4.901947668377562
-4.901947668377562
61.128854257256336
-0.4252831310464505
2.932215271951883
-0.4252831310464505
-0.4252831310464505
61.128854257256336
-4.901947668377562
2.932215271951883
-7.140279937043118
-1.5444492653792283
413.66618657208136
-1.5444492653792283
-6.02111380271034
82.39301080957911
-0.4252831310464505
-7.140279937043118
-2.6636153997120062
-9.378612205708674
6.2897136749502165
-8.259446071375896
1.8130491376191054
-0.4252831310464505
5.170547540617439
0.6938830032863273
-6.02111380271034
-8.259446071375896
-9.378612205708674
-6.02111380271034
-0.4252831310464505
1.8130491376191054
-4.901947668377562
0.6938830032863273
-2.6636153997120062
7.408879809282995
-6.02111380271034
-8.259446071375896
-2.6636153997120062
1.8130491376191054
-8.259446071375896
56.652189719925225
-6.02111380271034
-4.901947668377562
4.051381406284661
-9.378612205708674
1.8130491376191054
63.36718652592189
-9.378612205708674
36.50719930193522
-23.927771952034785
-2.6636153997120062
418.1428511094125
-1.5444492653792283
-0.4252831310464505
5.170547540617439
-4.901947668377562
-2.6636153997120062
-2.6636153997120062
-2.6636153997120062
-2.6636153997120062
507.6761418560347
-1.5444492653792283
-1.5444492653792283
2.932215271951883
-2.6636153997120062
48.818026779595776
1.8130491376191054
-6.02111380271034
-9.378612205708674
-4.901947668377562
56.652189719925225
-4.901947668377562
7.408879809282995
149.54297886954578
-1.5444492653792283
-2.6636153997120062
-0.4252831310464505
-2.6636153997120062
-10.497778340041451
-2.6636153997120062
48.818026779595776
0.6938830032863273
-2.6636153997120062
-1.5444492653792283
-11.616944474374229
-0.4252831310464505
-1.5444492653792283
6.2897136749502165
-3.7827815340447843
-0.4252831310464505
4.051381406284661
-0.4252831310464505
-0.4252831310464505
54.413857451259666
4.051381406284661
429.3345124527403
2.932215271951883
56.652189719925225
-2.6636153997120062
-11.616944474374229
-2.6636153997120062
-4.901947668377562
6.2897136749502165
-7.140279937043118
-2.6636153997120062
55.533023585592446
-6.02111380271034
-1.5444492653792283
-2.6636153997120062
-1.5444492653792283
57.771355854258
-4.901947668377562
-4.901947668377562
62.24802039158911
1.8130491376191054
-6.02111380271034
-2.6636153997120062
7.408879809282995
-18.3319412803709
-0.4252831310464505
-0.4252831310464505
-2.6636153997120062
-2.6636153997120062
-6.02111380271034
-4.901947668377562
2.932215271951883
0.6938830032863273
-7.140279937043118
540.1319597516853
-1.5444492653792283
-6.02111380271034
6.2897136749502165
-1.5444492653792283
58.89052198859078
-2.6636153997120062
2.932215271951883
1.8130491376191054
-2.6636153997120062
2.932215271951883
-1.5444492653792283
1.8130491376191054
-18.3319412803709
35.388033167602444
-2.6636153997120062
0.6938830032863273
-9.378612205708674
-7.140279937043118
-1.5444492653792283
4.051381406284661
-13.855276743039786
-2.6636153997120062
1.8130491376191054
53.29469131692689
-0.4252831310464505
457.3136658110597
-9.378612205708674
-0.4252831310464505
-2.6636153997120062
-13.855276743039786
-0.4252831310464505
-4.901947668377562
-0.4252831310464505
-6.02111380271034
-12.736110608707007
-9.378612205708674
2.932215271951883
70.08218333191856
259.22126003415804
-1.5444492653792283
-0.4252831310464505
1.8130491376191054
-1.5444492653792283
-0.4252831310464505
55.533023585592446
-7.140279937043118
14.123876615279663
6.2897136749502165
-0.4252831310464505
-10.497778340041451
-9.378612205708674
-27.28527035503312
-7.140279937043118
-7.140279937043118
-6.02111380271034
-7.140279937043118
-2.6636153997120062
-1.5444492653792283
-2.6636153997120062
2.932215271951883
-14.974442877372564
38.745531570600775
2.932215271951883
-0.4252831310464505
-0.4252831310464505
5.170547540617439
-3.7827815340447843
-1.5444492653792283
-3.7827815340447843
1.8130491376191054
-8.259446071375896
2.932215271951883
-2.6636153997120062
4.051381406284661
-17.21277514603812
-7.140279937043118
5.170547540617439
-8.259446071375896
-22.80860581770201
-4.901947668377562
-1.5444492653792283
-12.736110608707007
-3.7827815340447843
-7.140279937043118
-2.6636153997120062
-7.140279937043118
61.128854257256336
-18.3319412803709
541.251125886018
2.932215271951883
-72.05191572834424
-6.02111380271034
-7.140279937043118
-4.901947668377562
62.24802039158911
0.6938830032863273
-31.76193489236423
-9.378612205708674
4.051381406284661
-12.736110608707007
-9.378612205708674
-6.02111380271034
-2.6636153997120062
37.626365436267996
-9.378612205708674
1.8130491376191054
187.59462743686024
55.533023585592446
-2.6636153997120062
-6.02111380271034
-10.497778340041451
8.528045943615773
-2.6636153997120062
-2.6636153997120062
-8.259446071375896
-9.378612205708674
-2.6636153997120062
1.8130491376191054
-6.02111380271034
-9.378612205708674
104.77633349623467
2.932215271951883
-9.378612205708674
-9.378612205708674
-0.4252831310464505
61.128854257256336
-1.5444492653792283
2.932215271951883
-8.259446071375896
-4.901947668377562
297.27290860147247
-6.02111380271034
-19.451107414703674
-0.4252831310464505
518.8678031993625
-2.6636153997120062
-1.5444492653792283
423.73868178107637
-4.901947668377562
-16.09360901170534
101.41883509323634
-1.5444492653792283
-4.901947668377562
-1.5444492653792283
-6.02111380271034
6.2897136749502165
2.932215271951883
-1.5444492653792283
-6.02111380271034
46.579694510930224
-2.6636153997120062
-10.497778340041451
-4.901947668377562
-7.140279937043118
-0.4252831310464505
-0.4252831310464505
46.579694510930224
-10.497778340041451
62.24802039158911
-2.6636153997120062
56.652189719925225
57.771355854258
-2.6636153997120062
63.36718652592189
1.8130491376191054
-7.140279937043118
1.8130491376191054
-1.5444492653792283
1.8130491376191054
-7.140279937043118
-4.901947668377562
-0.4252831310464505
2.932215271951883
1.8130491376191054
67.843851063253
-2.6636153997120062
4.051381406284661
-4.901947668377562
-0.4252831310464505
0.6938830032863273
-0.4252831310464505
-1.5444492653792283
2.932215271951883
-1.5444492653792283
-2.6636153997120062
55.533023585592446
56.652189719925225
-4.901947668377562
-2.6636153997120062
-1.5444492653792283
-21.68943968336923
-0.4252831310464505
45.460528376597445
-7.140279937043118
2.932215271951883
-2.6636153997120062
2.932215271951883
-0.4252831310464505
-9.378612205708674
1.8130491376191054
