0.32846800657110126
-4.202125187512957
-1.9368285904709277
-6.467421784554985
1.4611163050921157
-4.202125187512957
-1.9368285904709277
-4.202125187512957
-4.202125187512957
211.00105153147982
-0.8041802919499131
-7.600070083076
-3.069476888991942
1.4611163050921157
-6.467421784554985
0.32846800657110126
0.32846800657110126
-4.202125187512957
-1.9368285904709277
-4.202125187512957
-0.8041802919499131
-4.202125187512957
-10.998014978639043
0.32846800657110126
0.32846800657110126
427.3368765489936
4.859061200655159
77.34855230600009
-3.069476888991942
2.5937646036131303
-1.9368285904709277
-0.8041802919499131
-3.069476888991942
-1.9368285904709277
-4.202125187512957
-3.069476888991942
-6.467421784554985
-1.9368285904709277
83.01179379860515
102.26681487346241
-1.9368285904709277
353.71473714512763
-4.202125187512957
0.32846800657110126
-20.05920136680716
3.7264129021341446
1.4611163050921157
-1.9368285904709277
-10.998014978639043
-8.732718381597014
-3.069476888991942
-4.202125187512957
0.32846800657110126
-3.069476888991942
-1.9368285904709277
-1.9368285904709277
-10.998014978639043
2.5937646036131303
0.32846800657110126
-1.9368285904709277
81.87914550008414
-12.130663277160057
-1.9368285904709277
-1.9368285904709277
-4.202125187512957
-3.069476888991942
104.53211147050443
-6.467421784554985
0.32846800657110126
-6.467421784554985
-3.069476888991942
-1.9368285904709277
-12.130663277160057
-0.8041802919499131
-4.202125187512957
93.20562848529428
-16.661256471244116
-1.9368285904709277
4.859061200655159
-4.202125187512957
-4.202125187512957
88.67503529121022
-7.600070083076
-13.263311575681072
-3.069476888991942
0.32846800657110126
80.74649720156313
0.32846800657110126
-3.069476888991942
-1.9368285904709277
5.9917094991761735
-30.253036053496288
10.522302693260231
250.64374197971532
1.4611163050921157
-9.86536668011803
0.32846800657110126
-1.9368285904709277
0.32846800657110126
-0.8041802919499131
-0.8041802919499131
4.859061200655159
-7.600070083076
2.5937646036131303
0.32846800657110126
-1.9368285904709277
1.4611163050921157
1.4611163050921157
-9.86536668011803
-4.202125187512957
101.13416657494139
-15.528608172723102
1.4611163050921157
0.32846800657110126
-0.8041802919499131
-3.069476888991942
-7.600070083076
0.32846800657110126
-7.600070083076
5.9917094991761735
1.4611163050921157
-4.202125187512957
-3.069476888991942
-3.069476888991942
-5.334773486033971
-1.9368285904709277
-3.069476888991942
-7.600070083076
-20.05920136680716
0.32846800657110126
7.124357797697188
-9.86536668011803
-9.86536668011803
-1.9368285904709277
0.32846800657110126
-0.8041802919499131
2.5937646036131303
0.32846800657110126
-1.9368285904709277
4.859061200655159
4.859061200655159
-7.600070083076
-1.9368285904709277
0.32846800657110126
0.32846800657110126
-3.069476888991942
0.32846800657110126
1.4611163050921157
-0.8041802919499131
-7.600070083076
-12.130663277160057
-12.130663277160057
-12.130663277160057
-0.8041802919499131
0.32846800657110126
-6.467421784554985
-1.9368285904709277
2.5937646036131303
-1.9368285904709277
2.5937646036131303
-1.9368285904709277
2.5937646036131303
-3.069476888991942
0.32846800657110126
89.80768358973124
-6.467421784554985
-4.202125187512957
1.4611163050921157
-1.9368285904709277
-3.069476888991942
-5.334773486033971
-7.600070083076
-3.069476888991942
-1.9368285904709277
-3.069476888991942
-4.202125187512957
-7.600070083076
2.5937646036131303
-1.9368285904709277
-0.8041802919499131
3.7264129021341446
-1.9368285904709277
-7.600070083076
-7.600070083076
-3.069476888991942
-3.069476888991942
-10.998014978639043
0.32846800657110126
-23.457146262370202
-0.8041802919499131
0.32846800657110126
-4.202125187512957
-6.467421784554985
-0.8041802919499131
179.2868991728914
37.70586185776458
-1.9368285904709277
-4.202125187512957
-6.467421784554985
-7.600070083076
0.32846800657110126
-1.9368285904709277
-1.9368285904709277
2.5937646036131303
-4.202125187512957
-12.130663277160057
-6.467421784554985
-4.202125187512957
-4.202125187512957
2.5937646036131303
-6.467421784554985
0.32846800657110126
-1.9368285904709277
333.32706777174934
2.5937646036131303
-3.069476888991942
1.4611163050921157
-10.998014978639043
-1.9368285904709277
3.7264129021341446
36.57321355924356
-12.130663277160057
-1.9368285904709277
-1.9368285904709277
-0.8041802919499131
-6.467421784554985
0.32846800657110126
1.4611163050921157
-4.202125187512957
-3.069476888991942
36.57321355924356
-3.069476888991942
-3.069476888991942
92.07298018677328
-7.600070083076
-1.9368285904709277
1.4611163050921157
-3.069476888991942
243.84785218858923
0.32846800657110126
-0.8041802919499131
-1.9368285904709277
-0.8041802919499131
-3.069476888991942
1.4611163050921157
-1.9368285904709277
-1.9368285904709277
-1.9368285904709277
0.32846800657110126
-1.9368285904709277
-12.130663277160057
3.7264129021341446
0.32846800657110126
-15.528608172723102
-1.9368285904709277
-4.202125187512957
-4.202125187512957
-0.8041802919499131
-1.9368285904709277
-14.395959874202086
-9.86536668011803
0.32846800657110126
-1.9368285904709277
-4.202125187512957
-18.926553068286143
-4.202125187512957
-14.395959874202086
-1.9368285904709277
-4.202125187512957
-1.9368285904709277
-13.263311575681072
1.4611163050921157
-0.8041802919499131
1.4611163050921157
95.47092508233632
0.32846800657110126
-3.069476888991942
177.02160257584939
-1.9368285904709277
2.5937646036131303
-3.069476888991942
5.9917094991761735
-1.9368285904709277
409.21450377265734
111.32800126163052
2.5937646036131303
111.32800126163052
2.5937646036131303
-3.069476888991942
-15.528608172723102
-4.202125187512957
-0.8041802919499131
-7.600070083076
-4.202125187512957
-0.8041802919499131
-3.069476888991942
-1.9368285904709277
0.32846800657110126
-1.9368285904709277
-0.8041802919499131
-3.069476888991942
0.32846800657110126
-7.600070083076
79.61384890304211
-5.334773486033971
-12.130663277160057
0.32846800657110126
80.74649720156313
274.42935624865663
-17.79390476976513
1.4611163050921157
1.4611163050921157
1.4611163050921157
-1.9368285904709277
-5.334773486033971
34.30791696220153
3.7264129021341446
2.5937646036131303
32.04262036515951
-1.9368285904709277
463.581622101666
-0.8041802919499131
-1.9368285904709277
-3.069476888991942
-1.9368285904709277
-4.202125187512957
-6.467421784554985
-1.9368285904709277
-4.202125187512957
290.28643242795084
-3.069476888991942
-1.9368285904709277
-4.202125187512957
33.17526866368052
-14.395959874202086
-4.202125187512957
1.4611163050921157
-8.732718381597014
-9.86536668011803
-1.9368285904709277
1.4611163050921157
4.859061200655159
-1.9368285904709277
-4.202125187512957
440.92865613124576
203.0725134418327
-1.9368285904709277
-15.528608172723102
1.4611163050921157
-7.600070083076
34.30791696220153
-3.069476888991942
-4.202125187512957
-3.069476888991942
-4.202125187512957
0.32846800657110126
-1.9368285904709277
-0.8041802919499131
-0.8041802919499131
0.32846800657110126
3.7264129021341446
84.14444209712617
0.32846800657110126
-4.202125187512957
0.32846800657110126
1.4611163050921157
1.4611163050921157
1.4611163050921157
-0.8041802919499131
-1.9368285904709277
0.32846800657110126
-4.202125187512957
-4.202125187512957
-3.069476888991942
-33.65098094905933
-7.600070083076
0.32846800657110126
3.7264129021341446
-7.600070083076
-1.9368285904709277
-1.9368285904709277
-1.9368285904709277
-4.202125187512957
101.13416657494139
-1.9368285904709277
1.4611163050921157
4.859061200655159
-1.9368285904709277
-14.395959874202086
-1.9368285904709277
1.4611163050921157
-4.202125187512957
-4.202125187512957
-1.9368285904709277
1.4611163050921157
433.0001180415986
-6.467421784554985
-1.9368285904709277
-0.8041802919499131
-14.395959874202086
25.246730574033418
-4.202125187512957
-4.202125187512957
-1.9368285904709277
2.5937646036131303
-3.069476888991942
1.4611163050921157
-5.334773486033971
-6.467421784554985
0.32846800657110126
-12.130663277160057
-3.069476888991942
0.32846800657110126
1.4611163050921157
130.58302233648777
-42.71216733722745
50.164993141495735
3.7264129021341446
0.32846800657110126
-4.202125187512957
1.4611163050921157
-23.457146262370202
-1.9368285904709277
2.5937646036131303
-5.334773486033971
0.32846800657110126
2.5937646036131303
-24.589794560891217
0.32846800657110126
4.859061200655159
1.4611163050921157
-0.8041802919499131
-6.467421784554985
2.5937646036131303
-3.069476888991942
0.32846800657110126
-21.191849665328174
-7.600070083076
1.4611163050921157
-1.9368285904709277
2.5937646036131303
-1.9368285904709277
-3.069476888991942
-1.9368285904709277
1.4611163050921157
-5.334773486033971
-6.467421784554985
-4.202125187512957
0.32846800657110126
-4.202125187512957
-7.600070083076
-3.069476888991942
-3.069476888991942
-1.9368285904709277
2.5937646036131303
-3.069476888991942
-7.600070083076
-8.732718381597014
-20.05920136680716
-4.202125187512957
-3.069476888991942
-1.9368285904709277
382.030944608153
-3.069476888991942
1.4611163050921157
-0.8041802919499131
-7.600070083076
-3.069476888991942
0.32846800657110126
-1.9368285904709277
-4.202125187512957
-3.069476888991942
-12.130663277160057
2.5937646036131303
-1.9368285904709277
4.859061200655159
-0.8041802919499131
-3.069476888991942
-1.9368285904709277
1.4611163050921157
-4.202125187512957
-4.202125187512957
1.4611163050921157
0.32846800657110126
0.32846800657110126
-1.9368285904709277
-3.069476888991942
79.61384890304211
-0.8041802919499131
0.32846800657110126
1.4611163050921157
213.26634812852183
0.32846800657110126
-6.467421784554985
-1.9368285904709277
-4.202125187512957
3.7264129021341446
-1.9368285904709277
-6.467421784554985
131.7156706350088
-0.8041802919499131
-3.069476888991942
-4.202125187512957
-3.069476888991942
0.32846800657110126
1.4611163050921157
-10.998014978639043
-6.467421784554985
-7.600070083076
-1.9368285904709277
-7.600070083076
-1.9368285904709277
-6.467421784554985
0.32846800657110126
1.4611163050921157
2.5937646036131303
-7.600070083076
-1.9368285904709277
-3.069476888991942
-3.069476888991942
0.32846800657110126
2.5937646036131303
-6.467421784554985
-1.9368285904709277
1.4611163050921157
1.4611163050921157
0.32846800657110126
0.32846800657110126
1.4611163050921157
-5.334773486033971
-1.9368285904709277
-1.9368285904709277
-0.8041802919499131
2.5937646036131303
-4.202125187512957
-1.9368285904709277
0.32846800657110126
-1.9368285904709277
-7.600070083076
-10.998014978639043
0.32846800657110126
0.32846800657110126
-4.202125187512957
-3.069476888991942
0.32846800657110126
-3.069476888991942
-9.86536668011803
-1.9368285904709277
3.7264129021341446
-4.202125187512957
-3.069476888991942
0.32846800657110126
2.5937646036131303
-7.600070083076
-0.8041802919499131
-8.732718381597014
-17.79390476976513
-5.334773486033971
-0.8041802919499131
-1.9368285904709277
-1.9368285904709277
-4.202125187512957
0.32846800657110126
34.30791696220153
3.7264129021341446
-15.528608172723102
-10.998014978639043
-7.600070083076
3.7264129021341446
-3.069476888991942
7.124357797697188
2.5937646036131303
-0.8041802919499131
-6.467421784554985
-7.600070083076
98.86886997789937
1.4611163050921157
1.4611163050921157
152.10334000838705
0.32846800657110126
0.32846800657110126
-3.069476888991942
0.32846800657110126
-7.600070083076
5.9917094991761735
-1.9368285904709277
-1.9368285904709277
0.32846800657110126
-3.069476888991942
-16.661256471244116
2.5937646036131303
0.32846800657110126
146.44009851578198
-0.8041802919499131
-1.9368285904709277
-33.65098094905933
-1.9368285904709277
1.4611163050921157
-1.9368285904709277
-9.86536668011803
124.91978084388269
2.5937646036131303
-13.263311575681072
-8.732718381597014
-1.9368285904709277
4.859061200655159
-1.9368285904709277
-14.395959874202086
-1.9368285904709277
70.552662514874
-22.324497963849186
-5.334773486033971
-3.069476888991942
1.4611163050921157
-1.9368285904709277
135.11361553057182
-10.998014978639043
0.32846800657110126
-8.732718381597014
-6.467421784554985
-6.467421784554985
-4.202125187512957
-0.8041802919499131
-4.202125187512957
32.04262036515951
-1.9368285904709277
-4.202125187512957
0.32846800657110126
0.32846800657110126
-1.9368285904709277
-0.8041802919499131
-6.467421784554985
1.4611163050921157
-5.334773486033971
-1.9368285904709277
-0.8041802919499131
-4.202125187512957
-10.998014978639043
0.32846800657110126
1.4611163050921157
-9.86536668011803
0.32846800657110126
-3.069476888991942
-0.8041802919499131
-24.589794560891217
0.32846800657110126
-3.069476888991942
-3.069476888991942
0.32846800657110126
-1.9368285904709277
-1.9368285904709277
-1.9368285904709277
4.859061200655159
-1.9368285904709277
77.34855230600009
29.777323768117476
-1.9368285904709277
1.4611163050921157
-3.069476888991942
-10.998014978639043
0.32846800657110126
3.7264129021341446
-3.069476888991942
-7.600070083076
1.4611163050921157
-4.202125187512957
-1.9368285904709277
-1.9368285904709277
1.4611163050921157
-0.8041802919499131
1.4611163050921157
1.4611163050921157
-7.600070083076
1.4611163050921157
-1.9368285904709277
-8.732718381597014
1.4611163050921157
1.4611163050921157
-6.467421784554985
-10.998014978639043
-1.9368285904709277
209.8684032329588
-3.069476888991942
-4.202125187512957
-9.86536668011803
-7.600070083076
-15.528608172723102
-7.600070083076
0.32846800657110126
-6.467421784554985
35.44056526072255
1.4611163050921157
-6.467421784554985
1.4611163050921157
2.5937646036131303
3.7264129021341446
-6.467421784554985
0.32846800657110126
-3.069476888991942
-3.069476888991942
0.32846800657110126
-6.467421784554985
1.4611163050921157
1.4611163050921157
1.4611163050921157
2.5937646036131303
-3.069476888991942
-3.069476888991942
-6.467421784554985
-1.9368285904709277
-3.069476888991942
-7.600070083076
-0.8041802919499131
-0.8041802919499131
355.98003374216967
-1.9368285904709277
-6.467421784554985
-0.8041802919499131
-3.069476888991942
-3.069476888991942
0.32846800657110126
0.32846800657110126
0.32846800657110126
-4.202125187512957
-9.86536668011803
1.4611163050921157
0.32846800657110126
1.4611163050921157
73.95060741043704
-5.334773486033971
-3.069476888991942
2.5937646036131303
-1.9368285904709277
-1.9368285904709277
0.32846800657110126
1.4611163050921157
2.5937646036131303
0.32846800657110126
-3.069476888991942
-3.069476888991942
0.32846800657110126
0.32846800657110126
-6.467421784554985
188.34808556105952
1.4611163050921157
-1.9368285904709277
0.32846800657110126
-14.395959874202086
-1.9368285904709277
4.859061200655159
1.4611163050921157
1.4611163050921157
1.4611163050921157
28.644675469596464
120.38918764979863
-5.334773486033971
-5.334773486033971
-1.9368285904709277
-6.467421784554985
-0.8041802919499131
-15.528608172723102
3.7264129021341446
0.32846800657110126
-3.069476888991942
-1.9368285904709277
0.32846800657110126
1.4611163050921157
292.5517290249928
-12.130663277160057
-3.069476888991942
-10.998014978639043
-14.395959874202086
-4.202125187512957
481.7039948780023
101.13416657494139
234.7866658004211
-0.8041802919499131
-5.334773486033971
1.4611163050921157
-3.069476888991942
-0.8041802919499131
2.5937646036131303
173.62365768028633
-0.8041802919499131
0.32846800657110126
2.5937646036131303
-4.202125187512957
-0.8041802919499131
-10.998014978639043
-13.263311575681072
-1.9368285904709277
-1.9368285904709277
-1.9368285904709277
-1.9368285904709277
-1.9368285904709277
-6.467421784554985
-0.8041802919499131
-3.069476888991942
-1.9368285904709277
0.32846800657110126
0.32846800657110126
-20.05920136680716
-1.9368285904709277
-3.069476888991942
218.9295896211269
-1.9368285904709277
-4.202125187512957
-3.069476888991942
0.32846800657110126
-1.9368285904709277
-9.86536668011803
-1.9368285904709277
73.95060741043704
-9.86536668011803
-4.202125187512957
-1.9368285904709277
-1.9368285904709277
-1.9368285904709277
-4.202125187512957
-3.069476888991942
0.32846800657110126
0.32846800657110126
-6.467421784554985
-1.9368285904709277
-3.069476888991942
0.32846800657110126
3.7264129021341446
-4.202125187512957
5.9917094991761735
7.124357797697188
0.32846800657110126
-8.732718381597014
-8.732718381597014
-6.467421784554985
-5.334773486033971
-1.9368285904709277
1.4611163050921157
0.32846800657110126
-8.732718381597014
1.4611163050921157
1.4611163050921157
116.99124275423559
-25.72244285941223
5.9917094991761735
-3.069476888991942
-3.069476888991942
-5.334773486033971
-0.8041802919499131
-4.202125187512957
-4.202125187512957
-1.9368285904709277
2.5937646036131303
0.32846800657110126
-5.334773486033971
1.4611163050921157
0.32846800657110126
2.5937646036131303
-4.202125187512957
-0.8041802919499131
192.87867875514357
0.32846800657110126
-6.467421784554985
-1.9368285904709277
-4.202125187512957
-4.202125187512957
-9.86536668011803
362.7759235332957
-5.334773486033971
-5.334773486033971
3.7264129021341446
-1.9368285904709277
-6.467421784554985
-6.467421784554985
0.32846800657110126
0.32846800657110126
1.4611163050921157
-4.202125187512957
-4.202125187512957
-6.467421784554985
0.32846800657110126
0.32846800657110126
-3.069476888991942
-1.9368285904709277
-6.467421784554985
34.30791696220153
0.32846800657110126
2.5937646036131303
-1.9368285904709277
0.32846800657110126
-6.467421784554985
1.4611163050921157
1.4611163050921157
-10.998014978639043
-6.467421784554985
-10.998014978639043
-1.9368285904709277
-7.600070083076
-3.069476888991942
-9.86536668011803
-4.202125187512957
-21.191849665328174
-1.9368285904709277
-1.9368285904709277
-1.9368285904709277
1.4611163050921157
2.5937646036131303
0.32846800657110126
0.32846800657110126
-4.202125187512957
-3.069476888991942
436.3980629371617
2.5937646036131303
-1.9368285904709277
-1.9368285904709277
-8.732718381597014
-6.467421784554985
-12.130663277160057
0.32846800657110126
-3.069476888991942
0.32846800657110126
-1.9368285904709277
-4.202125187512957
4.859061200655159
1.4611163050921157
-3.069476888991942
0.32846800657110126
-3.069476888991942
1.4611163050921157
-8.732718381597014
0.32846800657110126
-0.8041802919499131
-3.069476888991942
-1.9368285904709277
1.4611163050921157
102.26681487346241
-1.9368285904709277
-3.069476888991942
-1.9368285904709277
-0.8041802919499131
-3.069476888991942
-17.79390476976513
0.32846800657110126
90.94033188825226
0.32846800657110126
-7.600070083076
-3.069476888991942
-1.9368285904709277
157.76658150099212
-14.395959874202086
-6.467421784554985
0.32846800657110126
1.4611163050921157
-7.600070083076
4.859061200655159
-6.467421784554985
-8.732718381597014
0.32846800657110126
1.4611163050921157
-1.9368285904709277
-3.069476888991942
0.32846800657110126
-3.069476888991942
0.32846800657110126
-3.069476888991942
-12.130663277160057
-1.9368285904709277
1.4611163050921157
1.4611163050921157
-10.998014978639043
-8.732718381597014
1.4611163050921157
0.32846800657110126
-4.202125187512957
-1.9368285904709277
-1.9368285904709277
-4.202125187512957
-4.202125187512957
-8.732718381597014
-4.202125187512957
-8.732718381597014
-5.334773486033971
2.5937646036131303
-4.202125187512957
4.859061200655159
-9.86536668011803
-3.069476888991942
-1.9368285904709277
120.38918764979863
4.859061200655159
-3.069476888991942
-3.069476888991942
-12.130663277160057
-0.8041802919499131
-4.202125187512957
-0.8041802919499131
128.31772573944573
2.5937646036131303
-3.069476888991942
-1.9368285904709277
3.7264129021341446
121.52183594831965
-4.202125187512957
2.5937646036131303
-1.9368285904709277
0.32846800657110126
106.79740806754646
-7.600070083076
292.5517290249928
-0.8041802919499131
-9.86536668011803
1.4611163050921157
113.59329785867254
1.4611163050921157
-1.9368285904709277
-6.467421784554985
-1.9368285904709277
-1.9368285904709277
-8.732718381597014
36.57321355924356
-0.8041802919499131
-10.998014978639043
-7.600070083076
-6.467421784554985
5.9917094991761735
-1.9368285904709277
459.05102890758195
-4.202125187512957
-3.069476888991942
-39.314222441664405
43.36910335036965
-3.069476888991942
-5.334773486033971
-4.202125187512957
1.4611163050921157
-16.661256471244116
-1.9368285904709277
-3.069476888991942
-0.8041802919499131
3.7264129021341446
0.32846800657110126
-4.202125187512957
-3.069476888991942
-7.600070083076
-4.202125187512957
-7.600070083076
-1.9368285904709277
-1.9368285904709277
-10.998014978639043
0.32846800657110126
-0.8041802919499131
35.44056526072255
-8.732718381597014
-5.334773486033971
-10.998014978639043
2.5937646036131303
-16.661256471244116
2.5937646036131303
-3.069476888991942
4.859061200655159
-1.9368285904709277
-3.069476888991942
5.9917094991761735
-3.069476888991942
0.32846800657110126
-3.069476888991942
1.4611163050921157
3.7264129021341446
1.4611163050921157
0.32846800657110126
-1.9368285904709277
-1.9368285904709277
312.9393983983711
0.32846800657110126
-3.069476888991942
2.5937646036131303
-1.9368285904709277
1.4611163050921157
3.7264129021341446
1.4611163050921157
-0.8041802919499131
-1.9368285904709277
-9.86536668011803
2.5937646036131303
-13.263311575681072
-1.9368285904709277
-1.9368285904709277
-1.9368285904709277
-4.202125187512957
0.32846800657110126
-5.334773486033971
-1.9368285904709277
-6.467421784554985
-4.202125187512957
-6.467421784554985
0.32846800657110126
-3.069476888991942
2.5937646036131303
-12.130663277160057
4.859061200655159
-1.9368285904709277
-1.9368285904709277
-7.600070083076
-6.467421784554985
-4.202125187512957
2.5937646036131303
-4.202125187512957
86.4097386941682
465.84691869870807
-1.9368285904709277
-3.069476888991942
3.7264129021341446
1.4611163050921157
2.5937646036131303
0.32846800657110126
-0.8041802919499131
2.5937646036131303
-3.069476888991942
-6.467421784554985
-3.069476888991942
0.32846800657110126
367.3065167273798
-3.069476888991942
0.32846800657110126
103.39946317198341
-3.069476888991942
-1.9368285904709277
0.32846800657110126
-4.202125187512957
3.7264129021341446
-0.8041802919499131
1.4611163050921157
-5.334773486033971
0.32846800657110126
0.32846800657110126
-3.069476888991942
-5.334773486033971
2.5937646036131303
-3.069476888991942
-1.9368285904709277
1.4611163050921157
-0.8041802919499131
1.4611163050921157
-7.600070083076
-3.069476888991942
0.32846800657110126
37.70586185776458
-1.9368285904709277
-1.9368285904709277
-1.9368285904709277
-4.202125187512957
-1.9368285904709277
-4.202125187512957
-5.334773486033971
-8.732718381597014
-0.8041802919499131
106.79740806754646
-1.9368285904709277
-3.069476888991942
-3.069476888991942
0.32846800657110126
0.32846800657110126
-1.9368285904709277
-1.9368285904709277
-10.998014978639043
-0.8041802919499131
0.32846800657110126
-4.202125187512957
0.32846800657110126
-6.467421784554985
-3.069476888991942
5.9917094991761735
226.858127710774
-1.9368285904709277
-1.9368285904709277
-1.9368285904709277
3.7264129021341446
0.32846800657110126
0.32846800657110126
-1.9368285904709277
132.84831893352978
-1.9368285904709277
-3.069476888991942
-1.9368285904709277
-1.9368285904709277
1.4611163050921157
2.5937646036131303
195.1439753521856
1.4611163050921157
340.12295756287546
-0.8041802919499131
-1.9368285904709277
-0.8041802919499131
5.9917094991761735
-4.202125187512957
0.32846800657110126
-1.9368285904709277
-7.600070083076
81.87914550008414
-3.069476888991942
-8.732718381597014
5.9917094991761735
-0.8041802919499131
-1.9368285904709277
2.5937646036131303
-1.9368285904709277
-3.069476888991942
-1.9368285904709277
-3.069476888991942
-1.9368285904709277
-1.9368285904709277
1.4611163050921157
92.07298018677328
-5.334773486033971
-3.069476888991942
1.4611163050921157
-5.334773486033971
-1.9368285904709277
-1.9368285904709277
3.7264129021341446
-1.9368285904709277
-5.334773486033971
-9.86536668011803
-0.8041802919499131
-9.86536668011803
-7.600070083076
0.32846800657110126
1.4611163050921157
33.17526866368052
7.124357797697188
-5.334773486033971
-3.069476888991942
-4.202125187512957
-0.8041802919499131
0.32846800657110126
1.4611163050921157
-6.467421784554985
0.32846800657110126
2.5937646036131303
1.4611163050921157
-1.9368285904709277
-0.8041802919499131
96.60357338085733
4.859061200655159
4.859061200655159
4.859061200655159
0.32846800657110126
-1.9368285904709277
-4.202125187512957
-1.9368285904709277
-6.467421784554985
-1.9368285904709277
0.32846800657110126
-37.048925844622374
44.50175164889067
-3.069476888991942
-6.467421784554985
-3.069476888991942
0.32846800657110126
-0.8041802919499131
-1.9368285904709277
-4.202125187512957
-6.467421784554985
254.04168687527834
-3.069476888991942
2.5937646036131303
-1.9368285904709277
-6.467421784554985
274.42935624865663
-1.9368285904709277
-4.202125187512957
-3.069476888991942
1.4611163050921157
-23.457146262370202
0.32846800657110126
1.4611163050921157
-0.8041802919499131
-6.467421784554985
162.2971746950762
-4.202125187512957
79.61384890304211
-0.8041802919499131
-4.202125187512957
-8.732718381597014
0.32846800657110126
-0.8041802919499131
-1.9368285904709277
-30.253036053496288
-0.8041802919499131
-7.600070083076
0.32846800657110126
1.4611163050921157
-3.069476888991942
-16.661256471244116
0.32846800657110126
-4.202125187512957
2.5937646036131303
-6.467421784554985
-0.8041802919499131
-1.9368285904709277
-1.9368285904709277
-10.998014978639043
-4.202125187512957
1.4611163050921157
-4.202125187512957
443.19395272828774
0.32846800657110126
-7.600070083076
2.5937646036131303
-34.78362924758034
0.32846800657110126
-8.732718381597014
1.4611163050921157
0.32846800657110126
-4.202125187512957
-3.069476888991942
434.13276634011964
-3.069476888991942
2.5937646036131303
-1.9368285904709277
-1.9368285904709277
-4.202125187512957
-1.9368285904709277
-1.9368285904709277
1.4611163050921157
0.32846800657110126
-10.998014978639043
-1.9368285904709277
0.32846800657110126
-1.9368285904709277
0.32846800657110126
1.4611163050921157
-4.202125187512957
-1.9368285904709277
1.4611163050921157
0.32846800657110126
-3.069476888991942
1.4611163050921157
-4.202125187512957
-1.9368285904709277
-20.05920136680716
-3.069476888991942
-1.9368285904709277
-3.069476888991942
-0.8041802919499131
-6.467421784554985
3.7264129021341446
3.7264129021341446
-0.8041802919499131
149.838043411345
-4.202125187512957
88.67503529121022
-12.130663277160057
-1.9368285904709277
120.38918764979863
-8.732718381597014
4.859061200655159
0.32846800657110126
2.5937646036131303
-5.334773486033971
92.07298018677328
0.32846800657110126
0.32846800657110126
1.4611163050921157
2.5937646036131303
1.4611163050921157
-3.069476888991942
-0.8041802919499131
1.4611163050921157
1.4611163050921157
153.23598830690807
348.05149565252253
-7.600070083076
-8.732718381597014
1.4611163050921157
-6.467421784554985
-0.8041802919499131
71.685310813395
-0.8041802919499131
3.7264129021341446
-4.202125187512957
0.32846800657110126
-1.9368285904709277
-1.9368285904709277
3.7264129021341446
3.7264129021341446
-4.202125187512957
-3.069476888991942
1.4611163050921157
152.10334000838705
0.32846800657110126
-0.8041802919499131
2.5937646036131303
-1.9368285904709277
1.4611163050921157
0.32846800657110126
359.3779786377327
0.32846800657110126
141.9095053216979
-3.069476888991942
-4.202125187512957
-6.467421784554985
-9.86536668011803
3.7264129021341446
-4.202125187512957
0.32846800657110126
-4.202125187512957
-1.9368285904709277
38.838510156285594
-27.98773945645426
-7.600070083076
-7.600070083076
145.30745021726096
-3.069476888991942
-1.9368285904709277
-1.9368285904709277
-3.069476888991942
-1.9368285904709277
102.26681487346241
0.32846800657110126
-10.998014978639043
-1.9368285904709277
-4.202125187512957
4.859061200655159
-6.467421784554985
-0.8041802919499131
-1.9368285904709277
-7.600070083076
-3.069476888991942
-1.9368285904709277
0.32846800657110126
-1.9368285904709277
-0.8041802919499131
-3.069476888991942
-3.069476888991942
-3.069476888991942
-4.202125187512957
-3.069476888991942
-9.86536668011803
-1.9368285904709277
3.7264129021341446
-1.9368285904709277
-5.334773486033971
-3.069476888991942
-13.263311575681072
88.67503529121022
-13.263311575681072
-1.9368285904709277
-1.9368285904709277
73.95060741043704
-1.9368285904709277
0.32846800657110126
4.859061200655159
-3.069476888991942
-7.600070083076
-14.395959874202086
0.32846800657110126
-1.9368285904709277
183.81749236697547
-16.661256471244116
-5.334773486033971
0.32846800657110126
1.4611163050921157
149.838043411345
-6.467421784554985
-4.202125187512957
-14.395959874202086
-4.202125187512957
1.4611163050921157
2.5937646036131303
-4.202125187512957
-6.467421784554985
504.35696084842255
4.859061200655159
138.51156042613488
0.32846800657110126
201.9398651433117
88.67503529121022
-9.86536668011803
116.99124275423559
-4.202125187512957
2.5937646036131303
183.81749236697547
-1.9368285904709277
4.859061200655159
147.572746814303
-4.202125187512957
-5.334773486033971
-16.661256471244116
1.4611163050921157
1.4611163050921157
-1.9368285904709277
-5.334773486033971
1.4611163050921157
137.37891212761386
0.32846800657110126
-1.9368285904709277
-3.069476888991942
-3.069476888991942
-1.9368285904709277
0.32846800657110126
-15.528608172723102
34.30791696220153
-3.069476888991942
-1.9368285904709277
-15.528608172723102
-7.600070083076
73.95060741043704
-3.069476888991942
-14.395959874202086
0.32846800657110126
2.5937646036131303
1.4611163050921157
0.32846800657110126
-20.05920136680716
-7.600070083076
1.4611163050921157
-4.202125187512957
-7.600070083076
0.32846800657110126
-4.202125187512957
1.4611163050921157
0.32846800657110126
-16.661256471244116
-12.130663277160057
-1.9368285904709277
4.859061200655159
0.32846800657110126
1.4611163050921157
-7.600070083076
-1.9368285904709277
84.14444209712617
-1.9368285904709277
0.32846800657110126
-7.600070083076
77.34855230600009
1.4611163050921157
-4.202125187512957
-3.069476888991942
423.93893165343053
-13.263311575681072
-4.202125187512957
-0.8041802919499131
-3.069476888991942
0.32846800657110126
-4.202125187512957
-1.9368285904709277
-3.069476888991942
2.5937646036131303
-10.998014978639043
-4.202125187512957
3.7264129021341446
-1.9368285904709277
0.32846800657110126
-0.8041802919499131
0.32846800657110126
-3.069476888991942
-6.467421784554985
-1.9368285904709277
120.38918764979863
0.32846800657110126
-3.069476888991942
0.32846800657110126
-9.86536668011803
0.32846800657110126
0.32846800657110126
-1.9368285904709277
-15.528608172723102
-1.9368285904709277
0.32846800657110126
-7.600070083076
-1.9368285904709277
-3.069476888991942
73.95060741043704
-3.069476888991942
2.5937646036131303
-13.263311575681072
83.01179379860515
75.08325570895805
-6.467421784554985
133.9809672320508
-4.202125187512957
-3.069476888991942
4.859061200655159
96.60357338085733
-20.05920136680716
-4.202125187512957
2.5937646036131303
-4.202125187512957
-4.202125187512957
-1.9368285904709277
-4.202125187512957
-7.600070083076
-3.069476888991942
-3.069476888991942
-10.998014978639043
1.4611163050921157
3.7264129021341446
-10.998014978639043
-10.998014978639043
0.32846800657110126
-3.069476888991942
1.4611163050921157
112.46064956015154
-4.202125187512957
-0.8041802919499131
1.4611163050921157
-0.8041802919499131
-3.069476888991942
-0.8041802919499131
-4.202125187512957
-10.998014978639043
173.62365768028633
101.13416657494139
1.4611163050921157
-5.334773486033971
172.4910093817653
476.0407533853972
72.81795911191602
0.32846800657110126
1.4611163050921157
-14.395959874202086
-4.202125187512957
-13.263311575681072
93.20562848529428
-6.467421784554985
-10.998014978639043
0.32846800657110126
-12.130663277160057
-1.9368285904709277
-6.467421784554985
-1.9368285904709277
1.4611163050921157
-1.9368285904709277
1.4611163050921157
-0.8041802919499131
149.838043411345
-3.069476888991942
1.4611163050921157
1.4611163050921157
-5.334773486033971
0.32846800657110126
1.4611163050921157
-4.202125187512957
-5.334773486033971
-3.069476888991942
359.3779786377327
2.5937646036131303
-4.202125187512957
0.32846800657110126
-4.202125187512957
97.73622167937835
0.32846800657110126
291.4190807264718
-0.8041802919499131
-3.069476888991942
-3.069476888991942
-4.202125187512957
-9.86536668011803
-7.600070083076
-1.9368285904709277
3.7264129021341446
-1.9368285904709277
3.7264129021341446
283.4905426368247
93.20562848529428
-3.069476888991942
-3.069476888991942
0.32846800657110126
1.4611163050921157
-0.8041802919499131
-1.9368285904709277
-1.9368285904709277
-8.732718381597014
-1.9368285904709277
-3.069476888991942
-3.069476888991942
-7.600070083076
-1.9368285904709277
-15.528608172723102
-5.334773486033971
-1.9368285904709277
-8.732718381597014
1.4611163050921157
-1.9368285904709277
-3.069476888991942
-4.202125187512957
-1.9368285904709277
-4.202125187512957
