-3.289328883605325
251.57088614382974
-2.0338598440613103
-4.54479792314934
70.78334444949157
0.47707823502672003
-5.800266962693356
-4.54479792314934
-8.311205041781387
-3.289328883605325
2.98801631411475
-7.055736002237371
0.47707823502672003
-5.800266962693356
-3.289328883605325
0.47707823502672003
2.98801631411475
-7.055736002237371
-3.289328883605325
1.732547274570735
26.841928065451036
1.732547274570735
-13.333081199957446
-0.778390804517295
-2.0338598440613103
-15.844019279045476
6.754423432746796
-0.778390804517295
-0.778390804517295
157.4107081780286
1.732547274570735
-7.055736002237371
5.498954393202781
19.30911382818695
231.48338151112551
23.075520946818994
-0.778390804517295
8.009892472290812
6.754423432746796
-2.0338598440613103
-2.0338598440613103
-2.0338598440613103
-3.289328883605325
0.47707823502672003
569.2045531484656
-2.0338598440613103
68.27240637040353
-4.54479792314934
-10.822143120869416
-13.333081199957446
-2.0338598440613103
5.498954393202781
-0.778390804517295
-2.0338598440613103
-4.54479792314934
-2.0338598440613103
-3.289328883605325
5.498954393202781
-3.289328883605325
1.732547274570735
0.47707823502672003
570.4600221880096
1.732547274570735
-7.055736002237371
-3.289328883605325
-4.54479792314934
-3.289328883605325
368.32950682142314
1.732547274570735
-8.311205041781387
5.498954393202781
1.732547274570735
-17.09948831858949
-0.778390804517295
-3.289328883605325
-4.54479792314934
-14.588550239501462
1.732547274570735
0.47707823502672003
1.732547274570735
-0.778390804517295
-2.0338598440613103
-5.800266962693356
-12.07761216041343
-2.0338598440613103
5.498954393202781
-0.778390804517295
-0.778390804517295
452.44593247087215
-7.055736002237371
1.732547274570735
-37.18699295129373
1.732547274570735
-0.778390804517295
8.009892472290812
-9.5666740813254
5.498954393202781
-2.0338598440613103
-2.0338598440613103
1.732547274570735
6.754423432746796
2.98801631411475
476.29984422220843
1.732547274570735
1.732547274570735
1.732547274570735
-5.800266962693356
5.498954393202781
-20.865895437221536
-5.800266962693356
1.732547274570735
-14.588550239501462
-3.289328883605325
-5.800266962693356
5.498954393202781
-5.800266962693356
393.43888761230346
1.732547274570735
-3.289328883605325
59.48412309359543
-0.778390804517295
0.47707823502672003
2.98801631411475
1.732547274570735
0.47707823502672003
1.732547274570735
-7.055736002237371
-3.289328883605325
585.5256506625377
-0.778390804517295
45.673963658611264
-10.822143120869416
-10.822143120869416
-3.289328883605325
68.27240637040353
-4.54479792314934
1.732547274570735
5.498954393202781
0.47707823502672003
1.732547274570735
2.98801631411475
112.21382275444407
-0.778390804517295
0.47707823502672003
0.47707823502672003
1.732547274570735
-8.311205041781387
2.98801631411475
5.498954393202781
-0.778390804517295
482.5771894199285
492.62094173628066
-5.800266962693356
-0.778390804517295
2.98801631411475
137.32320354532436
-5.800266962693356
-2.0338598440613103
-3.289328883605325
114.7247608335321
-2.0338598440613103
-3.289328883605325
-4.54479792314934
-3.289328883605325
1.732547274570735
242.78260286702164
64.50599925177148
-3.289328883605325
-0.778390804517295
-4.54479792314934
-2.0338598440613103
-2.0338598440613103
-2.0338598440613103
-0.778390804517295
-2.0338598440613103
-7.055736002237371
272.913859816078
0.47707823502672003
265.3810455788139
-4.54479792314934
1.732547274570735
-4.54479792314934
-9.5666740813254
-2.0338598440613103
1.732547274570735
-3.289328883605325
-8.311205041781387
-4.54479792314934
669.6420763119868
-3.289328883605325
5.498954393202781
-2.0338598440613103
-7.055736002237371
-4.54479792314934
-3.289328883605325
24.330989986363008
128.53492026851626
1.732547274570735
-2.0338598440613103
-8.311205041781387
-4.54479792314934
-8.311205041781387
-0.778390804517295
-2.0338598440613103
4.243485353658765
593.0584648998018
-8.311205041781387
-0.778390804517295
102.17007043809194
2.98801631411475
-5.800266962693356
-2.0338598440613103
-5.800266962693356
-2.0338598440613103
1.732547274570735
1.732547274570735
-0.778390804517295
-12.07761216041343
-0.778390804517295
1.732547274570735
25.586459025907022
-8.311205041781387
-3.289328883605325
-5.800266962693356
-3.289328883605325
-2.0338598440613103
1.732547274570735
0.47707823502672003
-3.289328883605325
-8.311205041781387
28.097397104995053
-3.289328883605325
-4.54479792314934
1.732547274570735
108.44741563581202
1.732547274570735
-4.54479792314934
-2.0338598440613103
-5.800266962693356
-2.0338598440613103
58.22865405405142
1.732547274570735
-2.0338598440613103
88.35991100310778
5.498954393202781
1.732547274570735
-2.0338598440613103
-3.289328883605325
-4.54479792314934
-0.778390804517295
500.1537559735447
1.732547274570735
-9.5666740813254
648.2991026397385
5.498954393202781
-3.289328883605325
1.732547274570735
5.498954393202781
-3.289328883605325
-14.588550239501462
-7.055736002237371
-0.778390804517295
1.732547274570735
1.732547274570735
-12.07761216041343
-5.800266962693356
-5.800266962693356
-2.0338598440613103
-5.800266962693356
-3.289328883605325
-13.333081199957446
-2.0338598440613103
1.732547274570735
-3.289328883605325
2.98801631411475
5.498954393202781
97.14819427991588
-2.0338598440613103
-2.0338598440613103
5.498954393202781
-0.778390804517295
-5.800266962693356
-3.289328883605325
-12.07761216041343
-2.0338598440613103
5.498954393202781
-0.778390804517295
-0.778390804517295
92.12631812173983
-8.311205041781387
249.05994806474172
0.47707823502672003
-2.0338598440613103
-8.311205041781387
-2.0338598440613103
-2.0338598440613103
-3.289328883605325
6.754423432746796
-13.333081199957446
1.732547274570735
-0.778390804517295
-4.54479792314934
-9.5666740813254
0.47707823502672003
-2.0338598440613103
-9.5666740813254
1.732547274570735
-4.54479792314934
-8.311205041781387
-20.865895437221536
-0.778390804517295
-4.54479792314934
5.498954393202781
1.732547274570735
34.37474230271513
25.586459025907022
0.47707823502672003
4.243485353658765
25.586459025907022
1.732547274570735
-8.311205041781387
0.47707823502672003
-2.0338598440613103
1.732547274570735
75.80522060766762
-2.0338598440613103
-3.289328883605325
-4.54479792314934
35.630211342259145
-3.289328883605325
-8.311205041781387
-0.778390804517295
-5.800266962693356
21.820051907274976
625.7006599279463
-4.54479792314934
-2.0338598440613103
481.32172038038453
608.1240933743301
-5.800266962693356
1.732547274570735
0.47707823502672003
0.47707823502672003
2.98801631411475
-8.311205041781387
5.498954393202781
-10.822143120869416
-12.07761216041343
5.498954393202781
-13.333081199957446
24.330989986363008
-8.311205041781387
20.564582867730962
-0.778390804517295
-3.289328883605325
1.732547274570735
320.62168331875057
-5.800266962693356
63.250530212227474
2.98801631411475
0.47707823502672003
-2.0338598440613103
5.498954393202781
-2.0338598440613103
-0.778390804517295
-0.778390804517295
1.732547274570735
73.2942825285796
-3.289328883605325
-3.289328883605325
103.42553947763597
203.86306264115717
-2.0338598440613103
-2.0338598440613103
-28.398709674485627
-5.800266962693356
-5.800266962693356
65.76146829131551
-2.0338598440613103
68.27240637040353
-0.778390804517295
1.732547274570735
-4.54479792314934
2.98801631411475
-3.289328883605325
0.47707823502672003
0.47707823502672003
0.47707823502672003
635.7444122442984
-7.055736002237371
0.47707823502672003
-2.0338598440613103
428.59202071953587
-9.5666740813254
114.7247608335321
-4.54479792314934
542.8397033180413
-3.289328883605325
-0.778390804517295
-14.588550239501462
19.30911382818695
-5.800266962693356
0.47707823502672003
-2.0338598440613103
1.732547274570735
61.995061172683464
147.3669558616765
-5.800266962693356
-5.800266962693356
5.498954393202781
-10.822143120869416
215.1622839970533
-2.0338598440613103
-3.289328883605325
1.732547274570735
796.4444493059323
2.98801631411475
-4.54479792314934
1.732547274570735
-5.800266962693356
0.47707823502672003
-23.376833516309567
-0.778390804517295
-3.289328883605325
181.2646199293649
6.754423432746796
1.732547274570735
-29.654178714029644
-2.0338598440613103
-0.778390804517295
-0.778390804517295
-0.778390804517295
19.30911382818695
1.732547274570735
0.47707823502672003
-0.778390804517295
660.8537930351787
483.83265845947255
72.03881348903558
-2.0338598440613103
2.98801631411475
-0.778390804517295
423.5701445613598
-3.289328883605325
5.498954393202781
-3.289328883605325
-4.54479792314934
-5.800266962693356
90.8708490821958
-3.289328883605325
-14.588550239501462
-4.54479792314934
-3.289328883605325
1.732547274570735
-2.0338598440613103
-7.055736002237371
1.732547274570735
-12.07761216041343
-20.865895437221536
-7.055736002237371
1.732547274570735
2.98801631411475
-9.5666740813254
-8.311205041781387
59.48412309359543
0.47707823502672003
-7.055736002237371
-2.0338598440613103
-9.5666740813254
-0.778390804517295
-8.311205041781387
45.673963658611264
-9.5666740813254
112.21382275444407
-0.778390804517295
-2.0338598440613103
1.732547274570735
5.498954393202781
-0.778390804517295
-0.778390804517295
-7.055736002237371
-4.54479792314934
-5.800266962693356
-2.0338598440613103
-2.0338598440613103
-0.778390804517295
-7.055736002237371
-8.311205041781387
-2.0338598440613103
4.243485353658765
-0.778390804517295
1.732547274570735
-3.289328883605325
-8.311205041781387
2.98801631411475
-3.289328883605325
-0.778390804517295
-2.0338598440613103
-4.54479792314934
-3.289328883605325
1.732547274570735
1.732547274570735
-0.778390804517295
5.498954393202781
2.98801631411475
0.47707823502672003
-9.5666740813254
-2.0338598440613103
1.732547274570735
-2.0338598440613103
-7.055736002237371
1.732547274570735
82.0825658053877
1.732547274570735
6.754423432746796
-2.0338598440613103
5.498954393202781
0.47707823502672003
-7.055736002237371
-5.800266962693356
0.47707823502672003
0.47707823502672003
-5.800266962693356
-4.54479792314934
1.732547274570735
1.732547274570735
1.732547274570735
-2.0338598440613103
1.732547274570735
-4.54479792314934
-0.778390804517295
-4.54479792314934
-0.778390804517295
0.47707823502672003
-3.289328883605325
-4.54479792314934
1.732547274570735
-3.289328883605325
-8.311205041781387
549.1170485157613
-2.0338598440613103
5.498954393202781
-4.54479792314934
-2.0338598440613103
-2.0338598440613103
-7.055736002237371
340.7091879514548
-0.778390804517295
5.498954393202781
-7.055736002237371
-2.0338598440613103
85.84897292401975
-3.289328883605325
-4.54479792314934
1.732547274570735
-3.289328883605325
-14.588550239501462
-9.5666740813254
-3.289328883605325
-2.0338598440613103
1.732547274570735
-5.800266962693356
-4.54479792314934
26.841928065451036
-0.778390804517295
-18.354957358133507
-3.289328883605325
-4.54479792314934
5.498954393202781
2.98801631411475
6.754423432746796
1.732547274570735
-0.778390804517295
-3.289328883605325
1.732547274570735
1.732547274570735
2.98801631411475
0.47707823502672003
2.98801631411475
1.732547274570735
1.732547274570735
-3.289328883605325
1.732547274570735
472.53343710357643
73.2942825285796
-0.778390804517295
-2.0338598440613103
-0.778390804517295
-4.54479792314934
-14.588550239501462
56.9731850145074
1.732547274570735
-4.54479792314934
-2.0338598440613103
108.44741563581202
-43.46433814901381
2.98801631411475
-0.778390804517295
-2.0338598440613103
-9.5666740813254
1.732547274570735
-0.778390804517295
314.3443381210305
-4.54479792314934
-2.0338598440613103
69.52787540994755
-3.289328883605325
-12.07761216041343
1.732547274570735
-4.54479792314934
-14.588550239501462
-5.800266962693356
-7.055736002237371
67.01693733085952
133.55679642669233
1.732547274570735
-2.0338598440613103
-7.055736002237371
-7.055736002237371
-3.289328883605325
1.732547274570735
-0.778390804517295
-5.800266962693356
-5.800266962693356
23.075520946818994
2.98801631411475
-3.289328883605325
1.732547274570735
-0.778390804517295
-2.0338598440613103
-5.800266962693356
2.98801631411475
1.732547274570735
2.98801631411475
2.98801631411475
5.498954393202781
-2.0338598440613103
550.3725175553053
2.98801631411475
0.47707823502672003
-5.800266962693356
-2.0338598440613103
159.92164625711663
1.732547274570735
-19.61042639767752
-7.055736002237371
-0.778390804517295
-4.54479792314934
-3.289328883605325
-2.0338598440613103
-3.289328883605325
-4.54479792314934
1.732547274570735
8.009892472290812
-4.54479792314934
19.30911382818695
-0.778390804517295
-0.778390804517295
-2.0338598440613103
470.02249902448835
1.732547274570735
6.754423432746796
-4.54479792314934
-7.055736002237371
6.754423432746796
-7.055736002237371
379.62872817731926
-0.778390804517295
1.732547274570735
-0.778390804517295
0.47707823502672003
44.418494619067246
-3.289328883605325
0.47707823502672003
-4.54479792314934
488.8545346176486
8.009892472290812
-3.289328883605325
-4.54479792314934
-13.333081199957446
-5.800266962693356
-4.54479792314934
-10.822143120869416
-2.0338598440613103
-0.778390804517295
-5.800266962693356
-12.07761216041343
2.98801631411475
-3.289328883605325
-9.5666740813254
26.841928065451036
-0.778390804517295
-2.0338598440613103
-2.0338598440613103
1.732547274570735
-0.778390804517295
70.78334444949157
10.520830551378841
0.47707823502672003
-3.289328883605325
5.498954393202781
230.22791247158148
-0.778390804517295
-3.289328883605325
-2.0338598440613103
-3.289328883605325
-9.5666740813254
-7.055736002237371
0.47707823502672003
-4.54479792314934
-0.778390804517295
-8.311205041781387
1.732547274570735
-4.54479792314934
-3.289328883605325
-2.0338598440613103
-9.5666740813254
-3.289328883605325
-0.778390804517295
-2.0338598440613103
1.732547274570735
-5.800266962693356
-2.0338598440613103
67.01693733085952
-7.055736002237371
-0.778390804517295
2.98801631411475
5.498954393202781
5.498954393202781
-2.0338598440613103
162.43258433620468
70.78334444949157
-5.800266962693356
26.841928065451036
1.732547274570735
-0.778390804517295
-0.778390804517295
0.47707823502672003
-2.0338598440613103
-3.289328883605325
-2.0338598440613103
5.498954393202781
178.75368185027688
-0.778390804517295
-2.0338598440613103
-4.54479792314934
2.98801631411475
-12.07761216041343
192.56384128526102
-5.800266962693356
2.98801631411475
-5.800266962693356
-2.0338598440613103
18.05364478864293
647.0436336001945
-4.54479792314934
-12.07761216041343
133.55679642669233
-9.5666740813254
-3.289328883605325
581.7592435439058
5.498954393202781
68.27240637040353
2.98801631411475
0.47707823502672003
-2.0338598440613103
77.06068964721165
-7.055736002237371
-14.588550239501462
0.47707823502672003
569.2045531484656
-14.588550239501462
-2.0338598440613103
-13.333081199957446
0.47707823502672003
2.98801631411475
-2.0338598440613103
-7.055736002237371
2.98801631411475
2.98801631411475
-0.778390804517295
0.47707823502672003
-7.055736002237371
-3.289328883605325
0.47707823502672003
-0.778390804517295
-3.289328883605325
0.47707823502672003
-10.822143120869416
-9.5666740813254
-5.800266962693356
75.80522060766762
-2.0338598440613103
-3.289328883605325
6.754423432746796
233.99431959021354
0.47707823502672003
-0.778390804517295
-4.54479792314934
-5.800266962693356
5.498954393202781
535.3068890807772
1.732547274570735
6.754423432746796
-0.778390804517295
-0.778390804517295
-3.289328883605325
-4.54479792314934
1.732547274570735
2.98801631411475
-14.588550239501462
-0.778390804517295
-0.778390804517295
-3.289328883605325
326.89902851647065
-0.778390804517295
8.009892472290812
-4.54479792314934
1.732547274570735
-4.54479792314934
87.10444196356376
-8.311205041781387
-10.822143120869416
-2.0338598440613103
-4.54479792314934
-5.800266962693356
8.009892472290812
-0.778390804517295
6.754423432746796
2.98801631411475
0.47707823502672003
-2.0338598440613103
-3.289328883605325
-4.54479792314934
-3.289328883605325
-5.800266962693356
0.47707823502672003
-0.778390804517295
-10.822143120869416
152.38883201985254
-0.778390804517295
2.98801631411475
-28.398709674485627
2.98801631411475
-9.5666740813254
-2.0338598440613103
-4.54479792314934
1.732547274570735
-2.0338598440613103
2.98801631411475
-5.800266962693356
-2.0338598440613103
-0.778390804517295
0.47707823502672003
-2.0338598440613103
0.47707823502672003
0.47707823502672003
-9.5666740813254
0.47707823502672003
-12.07761216041343
1.732547274570735
280.44667405334206
-2.0338598440613103
-10.822143120869416
6.754423432746796
-4.54479792314934
-3.289328883605325
-2.0338598440613103
-2.0338598440613103
1.732547274570735
-0.778390804517295
2.98801631411475
-4.54479792314934
-8.311205041781387
-0.778390804517295
2.98801631411475
137.32320354532436
-4.54479792314934
1.732547274570735
0.47707823502672003
-2.0338598440613103
-4.54479792314934
8.009892472290812
-5.800266962693356
28.097397104995053
-3.289328883605325
10.520830551378841
8.009892472290812
2.98801631411475
-2.0338598440613103
1.732547274570735
0.47707823502672003
-8.311205041781387
-7.055736002237371
50.69583981678733
-5.800266962693356
-9.5666740813254
1.732547274570735
-3.289328883605325
-2.0338598440613103
-20.865895437221536
-3.289328883605325
-3.289328883605325
77.06068964721165
377.11779009823124
2.98801631411475
1.732547274570735
-4.54479792314934
1.732547274570735
2.98801631411475
-9.5666740813254
-3.289328883605325
-2.0338598440613103
0.47707823502672003
-5.800266962693356
-0.778390804517295
-13.333081199957446
1.732547274570735
107.19194659626801
0.47707823502672003
-0.778390804517295
-7.055736002237371
2.98801631411475
-2.0338598440613103
-3.289328883605325
1.732547274570735
0.47707823502672003
-4.54479792314934
-0.778390804517295
2.98801631411475
39.39661846089119
-2.0338598440613103
-2.0338598440613103
5.498954393202781
-3.289328883605325
1.732547274570735
95.89272524037187
1.732547274570735
-4.54479792314934
-0.778390804517295
-23.376833516309567
-2.0338598440613103
-2.0338598440613103
-5.800266962693356
0.47707823502672003
-2.0338598440613103
-0.778390804517295
-3.289328883605325
-12.07761216041343
-4.54479792314934
-2.0338598440613103
-3.289328883605325
172.4763366525568
-0.778390804517295
-3.289328883605325
-5.800266962693356
4.243485353658765
-7.055736002237371
-4.54479792314934
-4.54479792314934
-2.0338598440613103
-2.0338598440613103
-3.289328883605325
5.498954393202781
-8.311205041781387
-3.289328883605325
-0.778390804517295
1.732547274570735
520.2412606062489
-8.311205041781387
-2.0338598440613103
1.732547274570735
-8.311205041781387
1.732547274570735
92.12631812173983
-8.311205041781387
107.19194659626801
-2.0338598440613103
-3.289328883605325
459.97874670813627
-9.5666740813254
-0.778390804517295
-2.0338598440613103
5.498954393202781
-4.54479792314934
-3.289328883605325
-3.289328883605325
-2.0338598440613103
-3.289328883605325
-0.778390804517295
-7.055736002237371
-18.354957358133507
-0.778390804517295
-3.289328883605325
-2.0338598440613103
5.498954393202781
1.732547274570735
10.520830551378841
-4.54479792314934
-3.289328883605325
1.732547274570735
228.97244343203747
-2.0338598440613103
-3.289328883605325
1.732547274570735
5.498954393202781
-3.289328883605325
0.47707823502672003
1.732547274570735
-7.055736002237371
1.732547274570735
-0.778390804517295
5.498954393202781
-0.778390804517295
-7.055736002237371
-4.54479792314934
-5.800266962693356
501.40922501308876
28.097397104995053
0.47707823502672003
363.3076306632471
-2.0338598440613103
1.732547274570735
2.98801631411475
-0.778390804517295
-3.289328883605325
-2.0338598440613103
-4.54479792314934
814.0210158595485
-39.69793103038177
-2.0338598440613103
-10.822143120869416
-2.0338598440613103
1.732547274570735
-17.09948831858949
223.95056727386142
-0.778390804517295
-0.778390804517295
-2.0338598440613103
-2.0338598440613103
-4.54479792314934
-0.778390804517295
-5.800266962693356
-9.5666740813254
487.5990655781046
-2.0338598440613103
-5.800266962693356
-2.0338598440613103
1.732547274570735
1.732547274570735
26.841928065451036
-4.54479792314934
109.70288467535603
-17.09948831858949
5.498954393202781
593.0584648998018
2.98801631411475
1.732547274570735
0.47707823502672003
-0.778390804517295
-0.778390804517295
-3.289328883605325
-2.0338598440613103
-0.778390804517295
-3.289328883605325
-0.778390804517295
-2.0338598440613103
5.498954393202781
-4.54479792314934
0.47707823502672003
8.009892472290812
-8.311205041781387
51.95130885633134
-3.289328883605325
-0.778390804517295
-2.0338598440613103
352.008409307351
5.498954393202781
6.754423432746796
-0.778390804517295
-4.54479792314934
-10.822143120869416
-0.778390804517295
-10.822143120869416
-0.778390804517295
0.47707823502672003
5.498954393202781
0.47707823502672003
-8.311205041781387
137.32320354532436
-0.778390804517295
13.031768630466871
-5.800266962693356
-3.289328883605325
-2.0338598440613103
-5.800266962693356
-0.778390804517295
-8.311205041781387
-0.778390804517295
-4.54479792314934
-0.778390804517295
6.754423432746796
-3.289328883605325
270.40292173699
-0.778390804517295
-0.778390804517295
-2.0338598440613103
-9.5666740813254
1.732547274570735
-0.778390804517295
5.498954393202781
-2.0338598440613103
-0.778390804517295
-0.778390804517295
-2.0338598440613103
1.732547274570735
-8.311205041781387
-3.289328883605325
463.7451538267683
-8.311205041781387
-5.800266962693356
-2.0338598440613103
-8.311205041781387
-3.289328883605325
399.71623281002354
0.47707823502672003
-8.311205041781387
-0.778390804517295
1.732547274570735
-5.800266962693356
-0.778390804517295
-2.0338598440613103
-3.289328883605325
178.75368185027688
-7.055736002237371
126.02398218942824
2.98801631411475
131.04585834760428
-4.54479792314934
-0.778390804517295
1.732547274570735
0.47707823502672003
-10.822143120869416
-3.289328883605325
4.243485353658765
30.60833518408308
-3.289328883605325
2.98801631411475
-0.778390804517295
-4.54479792314934
-0.778390804517295
-2.0338598440613103
1.732547274570735
-0.778390804517295
1.732547274570735
4.243485353658765
-0.778390804517295
-3.289328883605325
1.732547274570735
-2.0338598440613103
-3.289328883605325
0.47707823502672003
-3.289328883605325
-18.354957358133507
-5.800266962693356
61.995061172683464
61.995061172683464
5.498954393202781
-9.5666740813254
1.732547274570735
6.754423432746796
-3.289328883605325
-0.778390804517295
-5.800266962693356
-2.0338598440613103
5.498954393202781
-4.54479792314934
5.498954393202781
-3.289328883605325
1.732547274570735
-3.289328883605325
-2.0338598440613103
-7.055736002237371
-0.778390804517295
35.630211342259145
-0.778390804517295
-2.0338598440613103
-3.289328883605325
-8.311205041781387
6.754423432746796
-2.0338598440613103
-5.800266962693356
1.732547274570735
-2.0338598440613103
1.732547274570735
-2.0338598440613103
-7.055736002237371
-3.289328883605325
-7.055736002237371
-12.07761216041343
0.47707823502672003
0.47707823502672003
6.754423432746796
-0.778390804517295
-2.0338598440613103
-3.289328883605325
5.498954393202781
-5.800266962693356
1.732547274570735
2.98801631411475
2.98801631411475
0.47707823502672003
-7.055736002237371
-2.0338598440613103
-2.0338598440613103
-5.800266962693356
1.732547274570735
78.31615868675566
-2.0338598440613103
-0.778390804517295
-0.778390804517295
-13.333081199957446
6.754423432746796
0.47707823502672003
-8.311205041781387
70.78334444949157
-0.778390804517295
25.586459025907022
2.98801631411475
134.81226546623634
1.732547274570735
74.54975156812361
-2.0338598440613103
0.47707823502672003
-0.778390804517295
-3.289328883605325
1.732547274570735
-2.0338598440613103
1.732547274570735
279.1912050137981
1.732547274570735
1.732547274570735
38.14114942134717
5.498954393202781
5.498954393202781
-2.0338598440613103
68.27240637040353
-4.54479792314934
0.47707823502672003
74.54975156812361
1.732547274570735
1.732547274570735
660.8537930351787
33.11927326317112
65.76146829131551
-10.822143120869416
-2.0338598440613103
-2.0338598440613103
-3.289328883605325
-3.289328883605325
1.732547274570735
-5.800266962693356
-7.055736002237371
1.732547274570735
-2.0338598440613103
-3.289328883605325
-10.822143120869416
-2.0338598440613103
5.498954393202781
-3.289328883605325
-5.800266962693356
2.98801631411475
-22.121364476765553
24.330989986363008
-0.778390804517295
0.47707823502672003
-7.055736002237371
-5.800266962693356
18.05364478864293
5.498954393202781
1.732547274570735
0.47707823502672003
-12.07761216041343
1.732547274570735
0.47707823502672003
-0.778390804517295
-29.654178714029644
1.732547274570735
-5.800266962693356
117.23569891262012
5.498954393202781
2.98801631411475
-24.63230255585358
5.498954393202781
78.31615868675566
0.47707823502672003
2.98801631411475
0.47707823502672003
-7.055736002237371
-4.54479792314934
-12.07761216041343
1.732547274570735
65.76146829131551
-3.289328883605325
-9.5666740813254
2.98801631411475
-8.311205041781387
5.498954393202781
-42.208869109469795
-4.54479792314934
403.4826399286556
-2.0338598440613103
-0.778390804517295
0.47707823502672003
-2.0338598440613103
-12.07761216041343
-7.055736002237371
1.732547274570735
5.498954393202781
-3.289328883605325
-0.778390804517295
216.41775303659733
1.732547274570735
2.98801631411475
-2.0338598440613103
-12.07761216041343
-0.778390804517295
-2.0338598440613103
-3.289328883605325
-0.778390804517295
-0.778390804517295
-9.5666740813254
5.498954393202781
-2.0338598440613103
-2.0338598440613103
387.1615424145834
-0.778390804517295
0.47707823502672003
-5.800266962693356
-22.121364476765553
-2.0338598440613103
2.98801631411475
2.98801631411475
-0.778390804517295
-5.800266962693356
1.732547274570735
5.498954393202781
60.739592133139446
-0.778390804517295
-0.778390804517295
-3.289328883605325
-7.055736002237371
-0.778390804517295
-2.0338598440613103
-7.055736002237371
-0.778390804517295
-2.0338598440613103
-2.0338598440613103
-2.0338598440613103
-2.0338598440613103
-2.0338598440613103
0.47707823502672003
-3.289328883605325
2.98801631411475
-3.289328883605325
0.47707823502672003
-2.0338598440613103
8.009892472290812
1.732547274570735
2.98801631411475
-12.07761216041343
-7.055736002237371
-7.055736002237371
-3.289328883605325
-2.0338598440613103
72.03881348903558
-3.289328883605325
-5.800266962693356
-0.778390804517295
-7.055736002237371
2.98801631411475
1.732547274570735
-3.289328883605325
1.732547274570735
6.754423432746796
-8.311205041781387
-4.54479792314934
-0.778390804517295
-2.0338598440613103
-3.289328883605325
0.47707823502672003
2.98801631411475
0.47707823502672003
-2.0338598440613103
-3.289328883605325
-5.800266962693356
1.732547274570735
-2.0338598440613103
-10.822143120869416
-4.54479792314934
-12.07761216041343
-2.0338598440613103
2.98801631411475
-3.289328883605325
-3.289328883605325
-2.0338598440613103
228.97244343203747
29.352866144539068
-29.654178714029644
-7.055736002237371
-8.311205041781387
0.47707823502672003
-4.54479792314934
-0.778390804517295
226.46150535294944
2.98801631411475
-0.778390804517295
-2.0338598440613103
-5.800266962693356
-14.588550239501462
-2.0338598440613103
5.498954393202781
-2.0338598440613103
-2.0338598440613103
0.47707823502672003
1.732547274570735
471.2779680640324
251.57088614382974
-4.54479792314934
5.498954393202781
-0.778390804517295
-3.289328883605325
1.732547274570735
-2.0338598440613103
2.98801631411475
-3.289328883605325
-0.778390804517295
-7.055736002237371
-2.0338598440613103
-2.0338598440613103
69.52787540994755
0.47707823502672003
53.206777895875355
372.0959139400552
-0.778390804517295
-8.311205041781387
-3.289328883605325
-2.0338598440613103
1.732547274570735
-4.54479792314934
-3.289328883605325
1.732547274570735
1.732547274570735
227.71697439249346
-13.333081199957446
2.98801631411475
-5.800266962693356
-2.0338598440613103
-12.07761216041343
-7.055736002237371
61.995061172683464
1.732547274570735
-3.289328883605325
85.84897292401975
-3.289328883605325
-12.07761216041343
-5.800266962693356
69.52787540994755
-5.800266962693356
2.98801631411475
-4.54479792314934
-10.822143120869416
0.47707823502672003
-4.54479792314934
1.732547274570735
6.754423432746796
5.498954393202781
-8.311205041781387
-2.0338598440613103
-5.800266962693356
1.732547274570735
-4.54479792314934
1.732547274570735
97.14819427991588
-7.055736002237371
1.732547274570735
-0.778390804517295
-18.354957358133507
8.009892472290812
0.47707823502672003
-2.0338598440613103
2.98801631411475
0.47707823502672003
1.732547274570735
-0.778390804517295
-0.778390804517295
-3.289328883605325
6.754423432746796
-8.311205041781387
5.498954393202781
-17.09948831858949
26.841928065451036
-4.54479792314934
-2.0338598440613103
-12.07761216041343
-7.055736002237371
5.498954393202781
-5.800266962693356
-14.588550239501462
-0.778390804517295
-2.0338598440613103
0.47707823502672003
1.732547274570735
-24.63230255585358
191.308372245717
70.78334444949157
5.498954393202781
476.29984422220843
2.98801631411475
-4.54479792314934
77.06068964721165
2.98801631411475
-18.354957358133507
-3.289328883605325
190.052903206173
0.47707823502672003
-2.0338598440613103
0.47707823502672003
0.47707823502672003
-0.778390804517295
-2.0338598440613103
88.35991100310778
-8.311205041781387
-7.055736002237371
-2.0338598440613103
5.498954393202781
-3.289328883605325
-0.778390804517295
-10.822143120869416
-14.588550239501462
-5.800266962693356
1.732547274570735
0.47707823502672003
-3.289328883605325
1.732547274570735
251.57088614382974
114.7247608335321
-2.0338598440613103
408.50451608683164
2.98801631411475
1.732547274570735
2.98801631411475
1.732547274570735
100.91460139854793
-2.0338598440613103
1.732547274570735
0.47707823502672003
-3.289328883605325
-2.0338598440613103
-3.289328883605325
-3.289328883605325
5.498954393202781
-14.588550239501462
-3.289328883605325
0.47707823502672003
-2.0338598440613103
645.7881645606504
31.8638042236271
-0.778390804517295
-4.54479792314934
-2.0338598440613103
-7.055736002237371
1.732547274570735
-2.0338598440613103
1.732547274570735
-13.333081199957446
-17.09948831858949
2.98801631411475
-3.289328883605325
-2.0338598440613103
-2.0338598440613103
-2.0338598440613103
-2.0338598440613103
2.98801631411475
-29.654178714029644
-2.0338598440613103
5.498954393202781
0.47707823502672003
-2.0338598440613103
-2.0338598440613103
-2.0338598440613103
-0.778390804517295
171.22086761301279
1.732547274570735
-5.800266962693356
-4.54479792314934
-0.778390804517295
-8.311205041781387
-9.5666740813254
2.98801631411475
-2.0338598440613103
10.520830551378841
-2.0338598440613103
-5.800266962693356
-5.800266962693356
0.47707823502672003
-7.055736002237371
-3.289328883605325
-2.0338598440613103
-0.778390804517295
-18.354957358133507
-2.0338598440613103
-0.778390804517295
-2.0338598440613103
-2.0338598440613103
-5.800266962693356
-9.5666740813254
2.98801631411475
-4.54479792314934
-0.778390804517295
-17.09948831858949
-9.5666740813254
-13.333081199957446
-5.800266962693356
-4.54479792314934
-14.588550239501462
68.27240637040353
-9.5666740813254
-4.54479792314934
-2.0338598440613103
1.732547274570735
-2.0338598440613103
1.732547274570735
-2.0338598440613103
-2.0338598440613103
1.732547274570735
4.243485353658765
6.754423432746796
-0.778390804517295
-3.289328883605325
58.22865405405142
-2.0338598440613103
-2.0338598440613103
61.995061172683464
-5.800266962693356
-8.311205041781387
2.98801631411475
-8.311205041781387
1.732547274570735
-0.778390804517295
-3.289328883605325
5.498954393202781
-3.289328883605325
-7.055736002237371
108.44741563581202
-2.0338598440613103
177.49821281073284
-9.5666740813254
6.754423432746796
-7.055736002237371
-3.289328883605325
2.98801631411475
6.754423432746796
1.732547274570735
1.732547274570735
-9.5666740813254
-5.800266962693356
5.498954393202781
-4.54479792314934
-4.54479792314934
1.732547274570735
-4.54479792314934
-10.822143120869416
-0.778390804517295
-3.289328883605325
-0.778390804517295
-13.333081199957446
-2.0338598440613103
-20.865895437221536
2.98801631411475
-2.0338598440613103
-5.800266962693356
5.498954393202781
5.498954393202781
-0.778390804517295
-3.289328883605325
-4.54479792314934
0.47707823502672003
