4.663231936337916
-7.583639815660679
1.8370307627997786
176.11943646431826
-1.9312374685844047
-1.9312374685844047
-0.047103352892313
63.07138952279276
-2.8733045264304504
-0.047103352892313
0.8949637049537328
-5.699505699968588
-4.757438642122542
1.8370307627997786
-7.583639815660679
-0.9891704107383589
48.94038365510207
-2.8733045264304504
96.98580360525041
4.663231936337916
31.041109556027198
1.8370307627997786
-9.467773931352772
0.8949637049537328
-8.525706873506726
-5.699505699968588
-0.9891704107383589
-5.699505699968588
-6.641572757814634
-4.757438642122542
78.14446244832949
-2.8733045264304504
-1.9312374685844047
0.8949637049537328
-0.9891704107383589
1.8370307627997786
-6.641572757814634
2.7790978206458243
-2.8733045264304504
0.8949637049537328
2.7790978206458243
-0.9891704107383589
52.70865188648625
50.82451777079416
-16.062243336275092
0.8949637049537328
1.8370307627997786
48.94038365510207
-8.525706873506726
-0.9891704107383589
-0.9891704107383589
1.8370307627997786
51.766584828640205
-1.9312374685844047
2.7790978206458243
-0.9891704107383589
-1.9312374685844047
49.88245071294811
-1.9312374685844047
-0.9891704107383589
0.8949637049537328
217.57038700954428
1.8370307627997786
-6.641572757814634
-0.9891704107383589
213.8021187781601
0.8949637049537328
-12.293975104890908
1.8370307627997786
370.1852503806037
-0.9891704107383589
-3.8153715842764964
-9.467773931352772
-1.9312374685844047
1.8370307627997786
-0.9891704107383589
446.4926820661334
-1.9312374685844047
2.7790978206458243
1.8370307627997786
2.7790978206458243
1.8370307627997786
365.4749150913735
-5.699505699968588
0.8949637049537328
47.99831659725602
3.7211648784918703
2.7790978206458243
-4.757438642122542
-0.047103352892313
-1.9312374685844047
564.2510642968892
0.8949637049537328
-0.047103352892313
2.7790978206458243
-4.757438642122542
-0.9891704107383589
-2.8733045264304504
-4.757438642122542
1.8370307627997786
48.94038365510207
5.605298994183962
-6.641572757814634
2.7790978206458243
-0.9891704107383589
1.8370307627997786
-1.9312374685844047
1.8370307627997786
-10.409840989198818
0.8949637049537328
-0.9891704107383589
-12.293975104890908
0.8949637049537328
1.8370307627997786
0.8949637049537328
-8.525706873506726
-12.293975104890908
2.7790978206458243
-4.757438642122542
-0.9891704107383589
50.82451777079416
74.37619421694531
-1.9312374685844047
0.8949637049537328
4.663231936337916
-0.9891704107383589
-0.9891704107383589
369.24318332275766
-17.004310394121138
1.8370307627997786
2.7790978206458243
-4.757438642122542
-1.9312374685844047
81.91273067971368
1.8370307627997786
3.7211648784918703
-0.9891704107383589
6.547366052030008
55.53485306002439
-0.047103352892313
1.8370307627997786
0.8949637049537328
155.39396119170524
-0.9891704107383589
96.04373654740436
-1.9312374685844047
-1.9312374685844047
50.82451777079416
52.70865188648625
1.8370307627997786
-8.525706873506726
-5.699505699968588
-9.467773931352772
-0.9891704107383589
53.6507189443323
-2.8733045264304504
-1.9312374685844047
-0.9891704107383589
48.94038365510207
-2.8733045264304504
-0.9891704107383589
-0.047103352892313
-0.9891704107383589
62.12932246494671
1.8370307627997786
113.00094358863319
-4.757438642122542
2.7790978206458243
-2.8733045264304504
-0.9891704107383589
-2.8733045264304504
0.8949637049537328
-1.9312374685844047
-0.9891704107383589
-0.047103352892313
1.8370307627997786
138.43675415047642
4.663231936337916
-1.9312374685844047
-5.699505699968588
1.8370307627997786
-1.9312374685844047
-6.641572757814634
109.23267535724901
-0.047103352892313
-2.8733045264304504
-6.641572757814634
-3.8153715842764964
-20.77257862550532
0.8949637049537328
-0.9891704107383589
-4.757438642122542
-3.8153715842764964
55.53485306002439
-2.8733045264304504
24.44664015110488
-2.8733045264304504
307.06675750491866
104.52234006801878
-3.8153715842764964
1.8370307627997786
-1.9312374685844047
1.8370307627997786
-0.047103352892313
-1.9312374685844047
-15.120176278429046
-4.757438642122542
-0.047103352892313
-2.8733045264304504
-0.9891704107383589
166.6987658858578
-2.8733045264304504
-4.757438642122542
-2.8733045264304504
50.82451777079416
-0.047103352892313
1.8370307627997786
-7.583639815660679
-1.9312374685844047
-0.9891704107383589
20.678371919720696
427.6513409092125
-0.047103352892313
-0.047103352892313
-2.8733045264304504
-4.757438642122542
2.7790978206458243
-3.8153715842764964
240.17999639784938
-0.047103352892313
22.562506035412788
-1.9312374685844047
-2.8733045264304504
0.8949637049537328
-3.8153715842764964
0.8949637049537328
-0.9891704107383589
-0.047103352892313
-1.9312374685844047
0.8949637049537328
-0.047103352892313
0.8949637049537328
1.8370307627997786
-1.9312374685844047
1.8370307627997786
-0.047103352892313
-2.8733045264304504
-2.8733045264304504
0.8949637049537328
2.7790978206458243
-6.641572757814634
0.8949637049537328
0.8949637049537328
-14.178109220583
-0.9891704107383589
1.8370307627997786
1.8370307627997786
-1.9312374685844047
-0.9891704107383589
-16.062243336275092
398.4472621159851
64.0134565806388
3.7211648784918703
-0.9891704107383589
-10.409840989198818
-2.8733045264304504
-8.525706873506726
0.8949637049537328
-0.047103352892313
221.33865524092846
-8.525706873506726
0.8949637049537328
1.8370307627997786
-1.9312374685844047
4.663231936337916
0.8949637049537328
-0.9891704107383589
2.7790978206458243
-0.9891704107383589
4.663231936337916
1.8370307627997786
52.70865188648625
-0.047103352892313
-9.467773931352772
1.8370307627997786
49.88245071294811
1.8370307627997786
-4.757438642122542
-0.047103352892313
-9.467773931352772
-2.8733045264304504
2.7790978206458243
-4.757438642122542
-2.8733045264304504
-2.8733045264304504
48.94038365510207
405.98379857875346
48.94038365510207
1.8370307627997786
80.02859656402158
-0.9891704107383589
-0.9891704107383589
-5.699505699968588
1.8370307627997786
-0.9891704107383589
-5.699505699968588
-0.9891704107383589
-1.9312374685844047
0.8949637049537328
-16.062243336275092
1.8370307627997786
-0.9891704107383589
-0.9891704107383589
50.82451777079416
0.8949637049537328
24.44664015110488
1.8370307627997786
50.82451777079416
23.504573093258834
1.8370307627997786
-5.699505699968588
-4.757438642122542
-0.9891704107383589
47.99831659725602
-0.047103352892313
-1.9312374685844047
-1.9312374685844047
130.90021768770805
-0.9891704107383589
-4.757438642122542
-5.699505699968588
-0.047103352892313
2.7790978206458243
19.73630486187465
-16.062243336275092
249.60066697630984
-1.9312374685844047
-9.467773931352772
-16.062243336275092
1.8370307627997786
-0.9891704107383589
-0.047103352892313
-2.8733045264304504
-0.047103352892313
-8.525706873506726
1.8370307627997786
-1.9312374685844047
-13.236042162736954
-0.9891704107383589
-5.699505699968588
25.388707208950926
-5.699505699968588
-0.9891704107383589
247.71653286061775
-3.8153715842764964
-0.047103352892313
-1.9312374685844047
-0.9891704107383589
-0.047103352892313
1.8370307627997786
0.8949637049537328
5.605298994183962
0.8949637049537328
-1.9312374685844047
-1.9312374685844047
0.8949637049537328
1.8370307627997786
-2.8733045264304504
-0.9891704107383589
245.83239874492565
-0.047103352892313
0.8949637049537328
-2.8733045264304504
-0.047103352892313
-24.540846856889505
1.8370307627997786
97.92787066309646
-0.047103352892313
1.8370307627997786
-1.9312374685844047
-0.047103352892313
74.37619421694531
-0.9891704107383589
0.8949637049537328
62.12932246494671
2.7790978206458243
64.95552363848485
-0.9891704107383589
-13.236042162736954
-4.757438642122542
1.8370307627997786
0.8949637049537328
-9.467773931352772
-1.9312374685844047
-0.9891704107383589
-8.525706873506726
-8.525706873506726
-4.757438642122542
-0.047103352892313
-10.409840989198818
17.85217074618256
2.7790978206458243
52.70865188648625
-2.8733045264304504
96.98580360525041
-1.9312374685844047
-0.9891704107383589
-0.9891704107383589
1.8370307627997786
1.8370307627997786
-6.641572757814634
-0.9891704107383589
0.8949637049537328
0.8949637049537328
0.8949637049537328
-37.729785666734145
31.983176613873244
68.72379186986903
2.7790978206458243
-2.8733045264304504
4.663231936337916
-18.88844450981323
51.766584828640205
-0.047103352892313
-5.699505699968588
1.8370307627997786
-0.9891704107383589
-21.714645683351367
1.8370307627997786
182.7139058692406
2.7790978206458243
-0.9891704107383589
-4.757438642122542
-0.9891704107383589
1.8370307627997786
1.8370307627997786
-20.77257862550532
8.431500167722099
0.8949637049537328
-0.047103352892313
6.547366052030008
2.7790978206458243
-2.8733045264304504
-1.9312374685844047
84.73893185325181
-4.757438642122542
-9.467773931352772
-0.9891704107383589
-1.9312374685844047
-3.8153715842764964
-8.525706873506726
255.25306932338611
-2.8733045264304504
187.4242411584708
134.66848591909223
324.9660316039935
-5.699505699968588
-1.9312374685844047
494.5381020162818
-8.525706873506726
47.99831659725602
53.6507189443323
-1.9312374685844047
-0.047103352892313
4.663231936337916
-0.9891704107383589
-2.8733045264304504
-0.047103352892313
-1.9312374685844047
-1.9312374685844047
-0.9891704107383589
-3.8153715842764964
-10.409840989198818
-3.8153715842764964
2.7790978206458243
4.663231936337916
1.8370307627997786
-0.047103352892313
1.8370307627997786
0.8949637049537328
-2.8733045264304504
-0.047103352892313
1.8370307627997786
-0.047103352892313
-0.047103352892313
-7.583639815660679
-2.8733045264304504
-2.8733045264304504
-5.699505699968588
0.8949637049537328
1.8370307627997786
0.8949637049537328
0.8949637049537328
-0.047103352892313
84.73893185325181
-0.047103352892313
-0.9891704107383589
57.41898717571648
-8.525706873506726
-2.8733045264304504
-0.047103352892313
15.02596957264442
-1.9312374685844047
-0.9891704107383589
13.141835456952329
4.663231936337916
-5.699505699968588
-0.9891704107383589
-0.9891704107383589
-1.9312374685844047
-6.641572757814634
113.94301064647924
-2.8733045264304504
0.8949637049537328
-1.9312374685844047
-0.9891704107383589
-5.699505699968588
-0.9891704107383589
-1.9312374685844047
-0.047103352892313
0.8949637049537328
0.8949637049537328
-1.9312374685844047
-1.9312374685844047
-0.9891704107383589
68.72379186986903
1.8370307627997786
1.8370307627997786
104.52234006801878
264.67373990184655
51.766584828640205
-3.8153715842764964
50.82451777079416
0.8949637049537328
-1.9312374685844047
92.27546831602018
93.21753537386623
1.8370307627997786
-5.699505699968588
-9.467773931352772
2.7790978206458243
225.10692347231264
0.8949637049537328
-1.9312374685844047
2.7790978206458243
-2.8733045264304504
-4.757438642122542
1.8370307627997786
51.766584828640205
-4.757438642122542
3.7211648784918703
0.8949637049537328
-4.757438642122542
-6.641572757814634
0.8949637049537328
-7.583639815660679
-15.120176278429046
-8.525706873506726
0.8949637049537328
54.59278600217834
-0.047103352892313
-0.047103352892313
-3.8153715842764964
23.504573093258834
69.66585892771508
464.3919561652083
-0.9891704107383589
-2.8733045264304504
-0.9891704107383589
1.8370307627997786
116.76921182001738
2.7790978206458243
1.8370307627997786
1.8370307627997786
-4.757438642122542
0.8949637049537328
1.8370307627997786
-0.047103352892313
2.7790978206458243
-1.9312374685844047
-0.047103352892313
-2.8733045264304504
139.37882120832248
92.27546831602018
-0.9891704107383589
-0.9891704107383589
1.8370307627997786
-2.8733045264304504
-3.8153715842764964
-8.525706873506726
-0.047103352892313
0.8949637049537328
-4.757438642122542
-3.8153715842764964
-0.9891704107383589
-27.367048030427643
0.8949637049537328
79.08652950617554
-0.9891704107383589
-5.699505699968588
-1.9312374685844047
48.94038365510207
-6.641572757814634
1.8370307627997786
-0.9891704107383589
-2.8733045264304504
1.8370307627997786
451.2030173553636
137.4946870926304
-2.8733045264304504
457.79748676028595
-5.699505699968588
-1.9312374685844047
-1.9312374685844047
1.8370307627997786
-2.8733045264304504
360.76457980214326
4.663231936337916
-0.9891704107383589
-2.8733045264304504
48.94038365510207
-0.047103352892313
2.7790978206458243
-0.047103352892313
25.388707208950926
-0.9891704107383589
-0.047103352892313
0.8949637049537328
-1.9312374685844047
-0.9891704107383589
48.94038365510207
-0.9891704107383589
1.8370307627997786
-0.9891704107383589
-0.047103352892313
77.20239539048345
2.7790978206458243
-8.525706873506726
98.8699377209425
-1.9312374685844047
363.59078097568135
-1.9312374685844047
-2.8733045264304504
1.8370307627997786
445.55061500828737
-1.9312374685844047
0.8949637049537328
-1.9312374685844047
-1.9312374685844047
-0.9891704107383589
-0.9891704107383589
48.94038365510207
2.7790978206458243
0.8949637049537328
5.605298994183962
21.620438977566742
-1.9312374685844047
1.8370307627997786
-0.9891704107383589
-3.8153715842764964
-1.9312374685844047
-0.9891704107383589
-0.9891704107383589
-5.699505699968588
1.8370307627997786
0.8949637049537328
-4.757438642122542
148.79949178678294
-0.047103352892313
0.8949637049537328
1.8370307627997786
-2.8733045264304504
-3.8153715842764964
0.8949637049537328
135.6105529769383
-7.583639815660679
63.07138952279276
-0.9891704107383589
-2.8733045264304504
-6.641572757814634
166.6987658858578
-3.8153715842764964
1.8370307627997786
-1.9312374685844047
-4.757438642122542
-1.9312374685844047
-10.409840989198818
-1.9312374685844047
108.29060829940296
-2.8733045264304504
21.620438977566742
-0.047103352892313
51.766584828640205
49.88245071294811
2.7790978206458243
-0.047103352892313
-0.047103352892313
6.547366052030008
-2.8733045264304504
-1.9312374685844047
51.766584828640205
-2.8733045264304504
-3.8153715842764964
4.663231936337916
-0.9891704107383589
-2.8733045264304504
-2.8733045264304504
135.6105529769383
51.766584828640205
-0.047103352892313
-0.9891704107383589
-5.699505699968588
71.54999304340717
-0.9891704107383589
1.8370307627997786
-6.641572757814634
-3.8153715842764964
-1.9312374685844047
-2.8733045264304504
2.7790978206458243
1.8370307627997786
-0.047103352892313
1.8370307627997786
2.7790978206458243
-2.8733045264304504
64.95552363848485
51.766584828640205
-0.047103352892313
-0.047103352892313
-0.047103352892313
-8.525706873506726
-0.047103352892313
-0.9891704107383589
-2.8733045264304504
-1.9312374685844047
4.663231936337916
-1.9312374685844047
0.8949637049537328
1.8370307627997786
-0.9891704107383589
-0.9891704107383589
-0.9891704107383589
-0.9891704107383589
-0.9891704107383589
-0.9891704107383589
0.8949637049537328
0.8949637049537328
-15.120176278429046
-1.9312374685844047
2.7790978206458243
1.8370307627997786
69.66585892771508
1.8370307627997786
24.44664015110488
-17.004310394121138
-8.525706873506726
50.82451777079416
-3.8153715842764964
-5.699505699968588
0.8949637049537328
-12.293975104890908
2.7790978206458243
-0.047103352892313
-0.9891704107383589
0.8949637049537328
239.23792934000332
-0.9891704107383589
-1.9312374685844047
-10.409840989198818
89.44926714248204
-13.236042162736954
-13.236042162736954
1.8370307627997786
-5.699505699968588
-0.047103352892313
-0.9891704107383589
-0.047103352892313
-0.047103352892313
-0.047103352892313
-2.8733045264304504
-0.047103352892313
-0.9891704107383589
-0.047103352892313
-0.9891704107383589
-0.047103352892313
0.8949637049537328
-2.8733045264304504
48.94038365510207
-8.525706873506726
417.288603272906
-1.9312374685844047
-0.047103352892313
0.8949637049537328
-2.8733045264304504
0.8949637049537328
-0.9891704107383589
1.8370307627997786
51.766584828640205
-0.9891704107383589
1.8370307627997786
84.73893185325181
-5.699505699968588
-1.9312374685844047
-3.8153715842764964
-0.9891704107383589
-0.047103352892313
-1.9312374685844047
-0.047103352892313
-0.9891704107383589
1.8370307627997786
-10.409840989198818
-0.9891704107383589
-0.9891704107383589
363.59078097568135
-2.8733045264304504
-3.8153715842764964
91.33340125817413
-0.047103352892313
-0.9891704107383589
-4.757438642122542
-2.8733045264304504
-4.757438642122542
-7.583639815660679
15.968036630490467
2.7790978206458243
-0.9891704107383589
4.663231936337916
-2.8733045264304504
-0.9891704107383589
0.8949637049537328
1.8370307627997786
382.4321221326023
-4.757438642122542
0.8949637049537328
-0.9891704107383589
1.8370307627997786
-0.9891704107383589
-1.9312374685844047
-9.467773931352772
-1.9312374685844047
-0.9891704107383589
3.7211648784918703
-28.30911508827369
50.82451777079416
5.605298994183962
68.72379186986903
-1.9312374685844047
5.605298994183962
1.8370307627997786
0.8949637049537328
1.8370307627997786
2.7790978206458243
48.94038365510207
-0.047103352892313
0.8949637049537328
62.12932246494671
-0.047103352892313
-6.641572757814634
1.8370307627997786
-9.467773931352772
4.663231936337916
-5.699505699968588
-1.9312374685844047
192.13457644770105
-5.699505699968588
-1.9312374685844047
-7.583639815660679
-0.047103352892313
0.8949637049537328
-1.9312374685844047
149.74155884462897
-0.9891704107383589
-5.699505699968588
-0.047103352892313
0.8949637049537328
-0.047103352892313
-2.8733045264304504
-4.757438642122542
-2.8733045264304504
186.48217410062477
1.8370307627997786
2.7790978206458243
51.766584828640205
-0.047103352892313
26.330774266796972
2.7790978206458243
-0.9891704107383589
125.24781534063179
0.8949637049537328
209.09178348892985
-2.8733045264304504
50.82451777079416
-7.583639815660679
333.4446351246079
413.52033504152183
-4.757438642122542
-4.757438642122542
-2.8733045264304504
-2.8733045264304504
-0.9891704107383589
-17.004310394121138
-0.047103352892313
-0.047103352892313
0.8949637049537328
-4.757438642122542
70.60792598556112
-0.9891704107383589
-2.8733045264304504
-1.9312374685844047
-0.9891704107383589
-8.525706873506726
0.8949637049537328
5.605298994183962
-2.8733045264304504
-2.8733045264304504
-2.8733045264304504
-5.699505699968588
0.8949637049537328
-7.583639815660679
-2.8733045264304504
0.8949637049537328
-4.757438642122542
52.70865188648625
3.7211648784918703
48.94038365510207
-1.9312374685844047
81.91273067971368
0.8949637049537328
315.54536102553305
2.7790978206458243
13.141835456952329
-3.8153715842764964
-3.8153715842764964
2.7790978206458243
1.8370307627997786
3.7211648784918703
-0.9891704107383589
-0.9891704107383589
0.8949637049537328
301.41435515784235
-17.946377451967184
-0.9891704107383589
4.663231936337916
-1.9312374685844047
49.88245071294811
-2.8733045264304504
50.82451777079416
-0.9891704107383589
-8.525706873506726
-4.757438642122542
-0.047103352892313
1.8370307627997786
-2.8733045264304504
5.605298994183962
-4.757438642122542
-0.047103352892313
2.7790978206458243
313.66122690984093
-0.9891704107383589
73.43412715909926
-0.047103352892313
4.663231936337916
-0.047103352892313
-0.047103352892313
-9.467773931352772
0.8949637049537328
-0.047103352892313
0.8949637049537328
-9.467773931352772
-6.641572757814634
85.68099891109786
-1.9312374685844047
-2.8733045264304504
-0.9891704107383589
0.8949637049537328
-4.757438642122542
-5.699505699968588
339.0970374716842
-0.9891704107383589
-9.467773931352772
-3.8153715842764964
47.99831659725602
-5.699505699968588
-0.9891704107383589
331.5605010089158
-5.699505699968588
48.94038365510207
-1.9312374685844047
-2.8733045264304504
-0.9891704107383589
-0.047103352892313
-5.699505699968588
1.8370307627997786
-0.047103352892313
-0.9891704107383589
4.663231936337916
-0.047103352892313
-5.699505699968588
-4.757438642122542
0.8949637049537328
0.8949637049537328
-1.9312374685844047
-0.9891704107383589
0.8949637049537328
0.8949637049537328
2.7790978206458243
-2.8733045264304504
2.7790978206458243
-2.8733045264304504
-1.9312374685844047
-0.047103352892313
-0.9891704107383589
48.94038365510207
-0.9891704107383589
-2.8733045264304504
63.07138952279276
-0.9891704107383589
-4.757438642122542
28.21490838248906
1.8370307627997786
-7.583639815660679
0.8949637049537328
107.34854124155692
1.8370307627997786
-1.9312374685844047
-8.525706873506726
50.82451777079416
-1.9312374685844047
-38.67185272458019
32.925243671719294
-2.8733045264304504
-6.641572757814634
3.7211648784918703
-0.047103352892313
-15.120176278429046
-4.757438642122542
49.88245071294811
-1.9312374685844047
0.8949637049537328
1.8370307627997786
1.8370307627997786
126.18988239847783
-2.8733045264304504
-1.9312374685844047
-9.467773931352772
1.8370307627997786
-0.047103352892313
-10.409840989198818
-0.047103352892313
1.8370307627997786
21.620438977566742
-2.8733045264304504
-0.047103352892313
-8.525706873506726
0.8949637049537328
-17.004310394121138
1.8370307627997786
-0.047103352892313
-0.9891704107383589
0.8949637049537328
51.766584828640205
1.8370307627997786
0.8949637049537328
-0.9891704107383589
1.8370307627997786
1.8370307627997786
2.7790978206458243
2.7790978206458243
0.8949637049537328
-1.9312374685844047
0.8949637049537328
-4.757438642122542
-2.8733045264304504
-4.757438642122542
-1.9312374685844047
115.82714476217133
0.8949637049537328
3.7211648784918703
0.8949637049537328
2.7790978206458243
-0.9891704107383589
-2.8733045264304504
0.8949637049537328
-2.8733045264304504
-0.047103352892313
-0.9891704107383589
1.8370307627997786
1.8370307627997786
-0.047103352892313
-10.409840989198818
1.8370307627997786
-0.9891704107383589
1.8370307627997786
-5.699505699968588
-4.757438642122542
134.66848591909223
-1.9312374685844047
-6.641572757814634
6.547366052030008
-0.047103352892313
-0.9891704107383589
122.42161416709365
-3.8153715842764964
-6.641572757814634
47.99831659725602
-0.9891704107383589
-0.9891704107383589
-5.699505699968588
-1.9312374685844047
-0.047103352892313
1.8370307627997786
-1.9312374685844047
-1.9312374685844047
0.8949637049537328
-0.9891704107383589
1.8370307627997786
-8.525706873506726
0.8949637049537328
-6.641572757814634
-0.9891704107383589
-4.757438642122542
-4.757438642122542
104.52234006801878
-2.8733045264304504
-1.9312374685844047
-0.9891704107383589
141.26295532401457
-1.9312374685844047
-0.047103352892313
-0.9891704107383589
47.99831659725602
-1.9312374685844047
-0.9891704107383589
-3.8153715842764964
-5.699505699968588
-5.699505699968588
-0.9891704107383589
89.44926714248204
-0.047103352892313
2.7790978206458243
-1.9312374685844047
0.8949637049537328
-0.9891704107383589
-4.757438642122542
-0.047103352892313
25.388707208950926
-0.047103352892313
-2.8733045264304504
-0.047103352892313
3.7211648784918703
4.663231936337916
-2.8733045264304504
1.8370307627997786
-5.699505699968588
-2.8733045264304504
5.605298994183962
-0.047103352892313
1.8370307627997786
2.7790978206458243
-0.9891704107383589
-0.047103352892313
-0.9891704107383589
-1.9312374685844047
-11.351908047044862
-3.8153715842764964
-1.9312374685844047
-2.8733045264304504
1.8370307627997786
-4.757438642122542
1.8370307627997786
4.663231936337916
0.8949637049537328
-0.047103352892313
-5.699505699968588
89.44926714248204
-0.9891704107383589
-4.757438642122542
-2.8733045264304504
-1.9312374685844047
2.7790978206458243
-0.9891704107383589
-5.699505699968588
-0.047103352892313
0.8949637049537328
-3.8153715842764964
-1.9312374685844047
0.8949637049537328
0.8949637049537328
-3.8153715842764964
3.7211648784918703
-0.9891704107383589
319.31362925691724
-0.9891704107383589
1.8370307627997786
47.99831659725602
-2.8733045264304504
-3.8153715842764964
4.663231936337916
-5.699505699968588
454.02921852890177
4.663231936337916
77.20239539048345
-1.9312374685844047
-2.8733045264304504
-0.9891704107383589
2.7790978206458243
6.547366052030008
-2.8733045264304504
-1.9312374685844047
1.8370307627997786
-4.757438642122542
4.663231936337916
-0.9891704107383589
-0.9891704107383589
-1.9312374685844047
-2.8733045264304504
0.8949637049537328
-0.9891704107383589
-0.9891704107383589
0.8949637049537328
-2.8733045264304504
-2.8733045264304504
2.7790978206458243
-2.8733045264304504
-1.9312374685844047
-0.047103352892313
2.7790978206458243
25.388707208950926
1.8370307627997786
-2.8733045264304504
-0.047103352892313
80.02859656402158
-1.9312374685844047
84.73893185325181
2.7790978206458243
1.8370307627997786
55.53485306002439
0.8949637049537328
-0.047103352892313
-3.8153715842764964
0.8949637049537328
-0.047103352892313
-2.8733045264304504
0.8949637049537328
1.8370307627997786
2.7790978206458243
2.7790978206458243
354.1701103972209
0.8949637049537328
-6.641572757814634
53.6507189443323
3.7211648784918703
-28.30911508827369
26.330774266796972
-3.8153715842764964
-10.409840989198818
-1.9312374685844047
-0.047103352892313
-1.9312374685844047
-5.699505699968588
50.82451777079416
-8.525706873506726
-0.9891704107383589
0.8949637049537328
1.8370307627997786
-0.9891704107383589
-1.9312374685844047
-2.8733045264304504
1.8370307627997786
-2.8733045264304504
-0.9891704107383589
0.8949637049537328
-18.88844450981323
-0.047103352892313
50.82451777079416
4.663231936337916
-0.9891704107383589
-0.047103352892313
-2.8733045264304504
1.8370307627997786
-5.699505699968588
-3.8153715842764964
-6.641572757814634
-0.047103352892313
-0.9891704107383589
-0.047103352892313
-20.77257862550532
3.7211648784918703
-7.583639815660679
0.8949637049537328
1.8370307627997786
0.8949637049537328
-13.236042162736954
-0.047103352892313
-1.9312374685844047
-0.9891704107383589
-2.8733045264304504
-0.047103352892313
-0.9891704107383589
-0.047103352892313
420.1148044464441
129.95815062986202
-2.8733045264304504
-4.757438642122542
-5.699505699968588
-0.047103352892313
-5.699505699968588
5.605298994183962
-27.367048030427643
51.766584828640205
-5.699505699968588
4.663231936337916
47.99831659725602
48.94038365510207
3.7211648784918703
-4.757438642122542
185.54010704277871
53.6507189443323
76.2603283326374
-0.047103352892313
126.18988239847783
-5.699505699968588
-0.9891704107383589
-1.9312374685844047
1.8370307627997786
-8.525706873506726
-0.9891704107383589
-0.9891704107383589
-0.9891704107383589
1.8370307627997786
-2.8733045264304504
-2.8733045264304504
1.8370307627997786
2.7790978206458243
-1.9312374685844047
-0.9891704107383589
0.8949637049537328
-1.9312374685844047
-5.699505699968588
-20.77257862550532
48.94038365510207
-0.047103352892313
0.8949637049537328
1.8370307627997786
-0.9891704107383589
78.14446244832949
-1.9312374685844047
-3.8153715842764964
-2.8733045264304504
99.81200477878855
-0.9891704107383589
-5.699505699968588
47.99831659725602
-2.8733045264304504
-2.8733045264304504
92.27546831602018
1.8370307627997786
2.7790978206458243
47.056249539409976
-0.047103352892313
-0.9891704107383589
-1.9312374685844047
51.766584828640205
2.7790978206458243
-0.047103352892313
2.7790978206458243
77.20239539048345
1.8370307627997786
48.94038365510207
-1.9312374685844047
-6.641572757814634
-2.8733045264304504
-1.9312374685844047
1.8370307627997786
-2.8733045264304504
-0.047103352892313
-1.9312374685844047
51.766584828640205
51.766584828640205
-5.699505699968588
-0.047103352892313
74.37619421694531
0.8949637049537328
3.7211648784918703
4.663231936337916
-2.8733045264304504
-0.047103352892313
50.82451777079416
-0.047103352892313
-0.9891704107383589
69.66585892771508
-1.9312374685844047
-0.9891704107383589
1.8370307627997786
-0.9891704107383589
-5.699505699968588
0.8949637049537328
-3.8153715842764964
-2.8733045264304504
-0.9891704107383589
-2.8733045264304504
-6.641572757814634
0.8949637049537328
-0.9891704107383589
-0.9891704107383589
0.8949637049537328
-5.699505699968588
24.44664015110488
225.10692347231264
-4.757438642122542
-9.467773931352772
-0.9891704107383589
-0.9891704107383589
1.8370307627997786
38.57764601879557
-0.9891704107383589
1.8370307627997786
-0.9891704107383589
-5.699505699968588
-6.641572757814634
391.85279271106276
1.8370307627997786
-0.9891704107383589
48.94038365510207
0.8949637049537328
51.766584828640205
-5.699505699968588
-9.467773931352772
1.8370307627997786
-0.047103352892313
-2.8733045264304504
-0.047103352892313
-2.8733045264304504
79.08652950617554
-0.047103352892313
-4.757438642122542
-2.8733045264304504
-5.699505699968588
-2.8733045264304504
1.8370307627997786
1.8370307627997786
61.187255407100665
1.8370307627997786
-10.409840989198818
-0.9891704107383589
-5.699505699968588
-0.047103352892313
-2.8733045264304504
-1.9312374685844047
-0.9891704107383589
-0.047103352892313
-0.047103352892313
2.7790978206458243
-0.9891704107383589
-10.409840989198818
0.8949637049537328
-0.047103352892313
-0.9891704107383589
-13.236042162736954
-2.8733045264304504
-0.9891704107383589
-0.047103352892313
-5.699505699968588
-0.047103352892313
-0.047103352892313
-11.351908047044862
-1.9312374685844047
-0.9891704107383589
-0.9891704107383589
-0.9891704107383589
-3.8153715842764964
-7.583639815660679
-0.047103352892313
2.7790978206458243
-2.8733045264304504
-0.9891704107383589
1.8370307627997786
-8.525706873506726
-0.9891704107383589
-0.9891704107383589
-0.9891704107383589
-2.8733045264304504
-1.9312374685844047
0.8949637049537328
-4.757438642122542
0.8949637049537328
-0.047103352892313
-15.120176278429046
2.7790978206458243
-0.047103352892313
94.15960243171227
0.8949637049537328
-0.9891704107383589
2.7790978206458243
4.663231936337916
0.8949637049537328
-0.9891704107383589
-0.9891704107383589
-3.8153715842764964
-0.9891704107383589
-10.409840989198818
23.504573093258834
135.6105529769383
-0.047103352892313
-10.409840989198818
-0.9891704107383589
1.8370307627997786
-4.757438642122542
-9.467773931352772
-0.9891704107383589
0.8949637049537328
4.663231936337916
-0.047103352892313
-12.293975104890908
-5.699505699968588
-0.9891704107383589
58.36105423356253
-6.641572757814634
-2.8733045264304504
-1.9312374685844047
-0.9891704107383589
93.21753537386623
-10.409840989198818
-3.8153715842764964
-0.9891704107383589
-1.9312374685844047
-4.757438642122542
53.6507189443323
64.0134565806388
-2.8733045264304504
1.8370307627997786
-2.8733045264304504
-1.9312374685844047
-5.699505699968588
5.605298994183962
0.8949637049537328
50.82451777079416
110.17474241509505
-7.583639815660679
-10.409840989198818
-2.8733045264304504
80.97066362186763
51.766584828640205
-2.8733045264304504
-0.9891704107383589
-0.9891704107383589
-4.757438642122542
-0.047103352892313
-12.293975104890908
-3.8153715842764964
1.8370307627997786
1.8370307627997786
2.7790978206458243
-0.047103352892313
-0.047103352892313
0.8949637049537328
6.547366052030008
4.663231936337916
-1.9312374685844047
47.99831659725602
-0.9891704107383589
-0.047103352892313
-13.236042162736954
1.8370307627997786
-0.9891704107383589
-6.641572757814634
-15.120176278429046
-0.9891704107383589
-0.9891704107383589
-5.699505699968588
-2.8733045264304504
92.27546831602018
-3.8153715842764964
-4.757438642122542
2.7790978206458243
-10.409840989198818
-13.236042162736954
1.8370307627997786
-0.047103352892313
-1.9312374685844047
-0.047103352892313
-2.8733045264304504
1.8370307627997786
-0.047103352892313
-20.77257862550532
-2.8733045264304504
1.8370307627997786
-1.9312374685844047
435.18787737198085
-0.9891704107383589
48.94038365510207
0.8949637049537328
-4.757438642122542
2.7790978206458243
-3.8153715842764964
-0.9891704107383589
-1.9312374685844047
-6.641572757814634
-7.583639815660679
1.8370307627997786
49.88245071294811
-0.047103352892313
-3.8153715842764964
-2.8733045264304504
-0.9891704107383589
1.8370307627997786
-0.9891704107383589
-3.8153715842764964
-0.047103352892313
-1.9312374685844047
-9.467773931352772
-0.047103352892313
1.8370307627997786
1.8370307627997786
-2.8733045264304504
-1.9312374685844047
-6.641572757814634
0.8949637049537328
-3.8153715842764964
61.187255407100665
-9.467773931352772
-2.8733045264304504
-9.467773931352772
-2.8733045264304504
2.7790978206458243
-9.467773931352772
-2.8733045264304504
-0.9891704107383589
0.8949637049537328
1.8370307627997786
0.8949637049537328
-1.9312374685844047
51.766584828640205
-0.047103352892313
-1.9312374685844047
7.489433109876054
-0.9891704107383589
0.8949637049537328
53.6507189443323
-5.699505699968588
3.7211648784918703
1.8370307627997786
-0.9891704107383589
2.7790978206458243
1.8370307627997786
-5.699505699968588
1.8370307627997786
-2.8733045264304504
1.8370307627997786
-0.047103352892313
1.8370307627997786
-1.9312374685844047
1.8370307627997786
0.8949637049537328
1.8370307627997786
-0.9891704107383589
-1.9312374685844047
-5.699505699968588
241.1220634556954
1.8370307627997786
-0.9891704107383589
53.6507189443323
6.547366052030008
-2.8733045264304504
2.7790978206458243
-4.757438642122542
4.663231936337916
6.547366052030008
-0.9891704107383589
-0.9891704107383589
-0.9891704107383589
-0.047103352892313
-6.641572757814634
1.8370307627997786
-2.8733045264304504
64.95552363848485
390.91072565321673
-1.9312374685844047
-15.120176278429046
-1.9312374685844047
2.7790978206458243
-3.8153715842764964
53.6507189443323
-0.047103352892313
2.7790978206458243
-3.8153715842764964
47.056249539409976
3.7211648784918703
