2.470422133125602
-3.999731072679542
-0.470556596785827
-3.411535326697256
-3.411535326697256
-1.6469480887503987
-0.470556596785827
-2.2351438347326846
-0.470556596785827
0.11763914919645885
-0.470556596785827
-4.587926818661828
43.055928605903325
-0.470556596785827
-3.411535326697256
-2.2351438347326846
0.7058348951787446
-0.470556596785827
-2.2351438347326846
-0.470556596785827
-2.2351438347326846
-0.470556596785827
-5.176122564644114
0.11763914919645885
-6.352514056608686
-5.176122564644114
1.8822263871433165
-1.058752342768113
0.11763914919645885
-4.587926818661828
2.470422133125602
-1.058752342768113
-0.470556596785827
0.7058348951787446
-2.2351438347326846
0.11763914919645885
0.11763914919645885
0.7058348951787446
0.11763914919645885
-1.058752342768113
-0.470556596785827
-1.6469480887503987
-0.470556596785827
-0.470556596785827
-10.469884278484686
2.470422133125602
0.11763914919645885
-1.6469480887503987
-5.176122564644114
238.9251120180045
-2.2351438347326846
34.23299241616904
-2.2351438347326846
-3.411535326697256
-0.470556596785827
-2.2351438347326846
-1.6469480887503987
2.470422133125602
-2.2351438347326846
1.8822263871433165
0.7058348951787446
-9.293492786520115
1.8822263871433165
-1.058752342768113
-1.058752342768113
-2.2351438347326846
1.2940306411610305
-3.999731072679542
1.2940306411610305
-3.411535326697256
2.470422133125602
1.8822263871433165
-6.9407098025909715
0.7058348951787446
2.470422133125602
-1.058752342768113
-5.7643183106263995
51.87886479563761
0.7058348951787446
0.11763914919645885
-0.470556596785827
1.2940306411610305
-2.8233395807149706
-5.176122564644114
-0.470556596785827
-0.470556596785827
0.7058348951787446
-1.6469480887503987
-3.411535326697256
-1.6469480887503987
1.2940306411610305
-16.351841738307545
1.2940306411610305
0.7058348951787446
34.82118816215132
-5.7643183106263995
1.2940306411610305
1.8822263871433165
-1.6469480887503987
3.646813625090174
0.11763914919645885
37.17397114608047
-4.587926818661828
-1.6469480887503987
-0.470556596785827
1.2940306411610305
-2.2351438347326846
44.2323200978679
-5.7643183106263995
50.114277557690755
0.11763914919645885
-6.9407098025909715
-1.6469480887503987
-3.999731072679542
3.058617879107888
203.63336725906737
-7.528905548573257
1.8822263871433165
-1.6469480887503987
1.8822263871433165
-0.470556596785827
0.11763914919645885
1.2940306411610305
0.7058348951787446
-1.058752342768113
-2.8233395807149706
-1.058752342768113
-3.411535326697256
-9.8816885325024
-0.470556596785827
-0.470556596785827
-3.411535326697256
-7.528905548573257
-3.411535326697256
0.7058348951787446
0.7058348951787446
0.7058348951787446
3.646813625090174
-0.470556596785827
-0.470556596785827
1.8822263871433165
0.11763914919645885
-1.058752342768113
1.2940306411610305
-0.470556596785827
0.11763914919645885
-2.8233395807149706
1.2940306411610305
0.7058348951787446
-0.470556596785827
-5.176122564644114
-7.528905548573257
-4.587926818661828
1.8822263871433165
1.8822263871433165
-2.8233395807149706
-2.2351438347326846
1.2940306411610305
2.470422133125602
1.2940306411610305
-1.058752342768113
34.82118816215132
-2.2351438347326846
1.2940306411610305
-2.2351438347326846
-3.411535326697256
-1.058752342768113
0.11763914919645885
-2.2351438347326846
185.98749487959878
0.11763914919645885
-1.6469480887503987
0.7058348951787446
-3.411535326697256
-1.058752342768113
-2.2351438347326846
-3.411535326697256
-0.470556596785827
-0.470556596785827
0.7058348951787446
0.11763914919645885
-0.470556596785827
240.68969925595135
-2.2351438347326846
3.646813625090174
-1.6469480887503987
-2.2351438347326846
-0.470556596785827
-11.646275770449257
69.5247371751062
-0.470556596785827
-2.8233395807149706
-2.2351438347326846
-3.999731072679542
-2.2351438347326846
14.23433705277132
0.11763914919645885
-2.8233395807149706
-0.470556596785827
-6.352514056608686
0.11763914919645885
-1.6469480887503987
-2.2351438347326846
3.646813625090174
0.11763914919645885
-6.9407098025909715
-5.176122564644114
0.11763914919645885
1.8822263871433165
2.470422133125602
-1.6469480887503987
-0.470556596785827
-1.6469480887503987
-1.058752342768113
2.470422133125602
-1.058752342768113
-1.058752342768113
-5.7643183106263995
0.11763914919645885
0.11763914919645885
14.23433705277132
-8.117101294555543
-2.2351438347326846
-1.058752342768113
0.11763914919645885
34.23299241616904
1.8822263871433165
169.51801399209478
-2.2351438347326846
-2.2351438347326846
14.23433705277132
-2.2351438347326846
-3.999731072679542
0.11763914919645885
1.2940306411610305
-0.470556596785827
1.2940306411610305
0.11763914919645885
-1.058752342768113
0.11763914919645885
0.11763914919645885
-0.470556596785827
2.470422133125602
-0.470556596785827
1.2940306411610305
1.2940306411610305
0.7058348951787446
-3.411535326697256
-1.6469480887503987
54.23164777956676
-5.176122564644114
-1.058752342768113
-0.470556596785827
-9.8816885325024
1.2940306411610305
2.470422133125602
1.2940306411610305
0.11763914919645885
1.8822263871433165
-7.528905548573257
-5.176122564644114
2.470422133125602
0.7058348951787446
8.352379592948461
-8.705297040537829
-2.2351438347326846
-6.352514056608686
3.646813625090174
1.2940306411610305
-3.411535326697256
280.0988142367645
-1.058752342768113
-1.6469480887503987
0.11763914919645885
-1.058752342768113
1.8822263871433165
-1.6469480887503987
-1.058752342768113
0.7058348951787446
-1.058752342768113
-2.2351438347326846
20.116294512594177
-1.058752342768113
-5.7643183106263995
-1.6469480887503987
2.470422133125602
-1.6469480887503987
-1.058752342768113
-1.058752342768113
-8.705297040537829
-2.8233395807149706
-0.470556596785827
-3.411535326697256
-0.470556596785827
2.470422133125602
-2.2351438347326846
-1.6469480887503987
-0.470556596785827
-2.2351438347326846
0.11763914919645885
-1.058752342768113
-0.470556596785827
-3.411535326697256
1.2940306411610305
0.11763914919645885
-5.176122564644114
-1.058752342768113
-3.411535326697256
0.11763914919645885
-9.8816885325024
43.055928605903325
1.8822263871433165
0.7058348951787446
0.11763914919645885
-1.6469480887503987
15.41072854473589
-1.6469480887503987
0.7058348951787446
17.763511528665035
1.8822263871433165
-5.176122564644114
63.64277971528333
-2.2351438347326846
-1.6469480887503987
0.11763914919645885
-0.470556596785827
0.11763914919645885
-0.470556596785827
-3.411535326697256
-2.8233395807149706
-2.2351438347326846
-0.470556596785827
-1.6469480887503987
15.41072854473589
-9.8816885325024
-2.8233395807149706
-1.6469480887503987
-2.8233395807149706
-8.117101294555543
-2.2351438347326846
-0.470556596785827
0.11763914919645885
-2.2351438347326846
-1.6469480887503987
-2.2351438347326846
1.8822263871433165
-1.6469480887503987
-5.176122564644114
-0.470556596785827
-3.999731072679542
15.41072854473589
-3.411535326697256
-0.470556596785827
-1.6469480887503987
-2.2351438347326846
0.11763914919645885
-1.6469480887503987
-0.470556596785827
0.11763914919645885
0.11763914919645885
0.11763914919645885
0.11763914919645885
0.11763914919645885
-1.6469480887503987
35.40938390813361
0.11763914919645885
1.2940306411610305
-1.6469480887503987
84.81782657064561
-3.411535326697256
0.11763914919645885
-0.470556596785827
-1.058752342768113
-2.8233395807149706
-15.175450246342974
50.702473303673045
2.470422133125602
0.11763914919645885
-1.6469480887503987
-2.2351438347326846
1.2940306411610305
0.11763914919645885
-0.470556596785827
-1.6469480887503987
0.7058348951787446
3.646813625090174
0.11763914919645885
1.2940306411610305
-8.117101294555543
-3.999731072679542
-0.470556596785827
-1.6469480887503987
-2.2351438347326846
-0.470556596785827
2.470422133125602
-5.7643183106263995
-5.7643183106263995
-3.411535326697256
-2.2351438347326846
-6.9407098025909715
11.881554068842176
-1.6469480887503987
-0.470556596785827
-2.2351438347326846
1.2940306411610305
-2.8233395807149706
-0.470556596785827
-1.6469480887503987
-2.2351438347326846
1.2940306411610305
-2.8233395807149706
-2.2351438347326846
-0.470556596785827
-1.058752342768113
2.470422133125602
-21.057407706165833
20.704490258576463
1.2940306411610305
4.823205117054746
-1.058752342768113
1.8822263871433165
-11.646275770449257
-0.470556596785827
-2.2351438347326846
-4.587926818661828
43.644124351885615
1.8822263871433165
-13.999058754378401
2.470422133125602
-0.470556596785827
1.2940306411610305
1.2940306411610305
-0.470556596785827
1.2940306411610305
0.11763914919645885
86.58241380859248
-11.646275770449257
-3.999731072679542
-1.6469480887503987
-1.6469480887503987
-0.470556596785827
33.64479667018675
-2.8233395807149706
-1.6469480887503987
1.2940306411610305
217.16186941665993
197.1632140532622
-2.2351438347326846
-2.2351438347326846
95.40534999832676
-5.7643183106263995
-1.058752342768113
-1.058752342768113
76.5830861268936
0.7058348951787446
-2.8233395807149706
-1.6469480887503987
-2.2351438347326846
-3.411535326697256
-0.470556596785827
-0.470556596785827
-1.058752342768113
-3.411535326697256
-1.6469480887503987
0.11763914919645885
180.1055374197759
-1.6469480887503987
0.7058348951787446
-0.470556596785827
-0.470556596785827
-2.2351438347326846
-1.058752342768113
-6.352514056608686
-1.058752342768113
-0.470556596785827
2.470422133125602
-0.470556596785827
145.40198840682106
49.52608181170847
1.8822263871433165
-1.058752342768113
-1.058752342768113
-2.8233395807149706
-0.470556596785827
1.2940306411610305
-3.411535326697256
-0.470556596785827
-0.470556596785827
-1.6469480887503987
1.8822263871433165
3.058617879107888
-2.2351438347326846
-0.470556596785827
-5.176122564644114
0.11763914919645885
-1.6469480887503987
-1.058752342768113
0.7058348951787446
-4.587926818661828
-1.058752342768113
-1.058752342768113
35.997579654115896
-1.6469480887503987
-1.058752342768113
113.63941812377762
4.23500937107246
238.9251120180045
-3.411535326697256
47.76149457376161
0.7058348951787446
-3.411535326697256
1.2940306411610305
-1.058752342768113
-1.058752342768113
-1.6469480887503987
1.2940306411610305
-0.470556596785827
57.760822255460475
-2.8233395807149706
-1.6469480887503987
-1.058752342768113
-2.2351438347326846
0.11763914919645885
2.470422133125602
0.7058348951787446
-1.058752342768113
-0.470556596785827
-0.470556596785827
2.470422133125602
153.04853310459077
0.11763914919645885
-1.058752342768113
0.11763914919645885
76.5830861268936
-0.470556596785827
1.2940306411610305
-0.470556596785827
-0.470556596785827
-5.7643183106263995
-5.176122564644114
1.8822263871433165
-1.6469480887503987
-0.470556596785827
0.11763914919645885
1.8822263871433165
3.646813625090174
-3.411535326697256
0.7058348951787446
1.8822263871433165
-5.176122564644114
0.11763914919645885
-0.470556596785827
-1.058752342768113
-2.8233395807149706
38.938558384027324
211.86810770281937
-9.293492786520115
-3.411535326697256
2.470422133125602
1.2940306411610305
-1.6469480887503987
0.7058348951787446
1.2940306411610305
15.998924290718177
-1.058752342768113
-7.528905548573257
-1.058752342768113
0.11763914919645885
1.8822263871433165
-0.470556596785827
2.470422133125602
-2.2351438347326846
34.82118816215132
-2.8233395807149706
0.11763914919645885
2.470422133125602
-1.058752342768113
1.8822263871433165
0.7058348951787446
-0.470556596785827
-0.470556596785827
-0.470556596785827
1.8822263871433165
-4.587926818661828
0.7058348951787446
-1.058752342768113
-0.470556596785827
-3.411535326697256
-2.2351438347326846
-10.469884278484686
-1.6469480887503987
1.2940306411610305
-3.411535326697256
0.11763914919645885
-2.2351438347326846
-19.292820468218974
1.8822263871433165
0.11763914919645885
-0.470556596785827
-3.999731072679542
0.7058348951787446
-1.6469480887503987
-5.7643183106263995
-1.058752342768113
1.8822263871433165
-0.470556596785827
0.7058348951787446
131.87348624922848
-1.058752342768113
-1.6469480887503987
-6.352514056608686
-2.2351438347326846
2.470422133125602
0.11763914919645885
0.7058348951787446
-3.411535326697256
-0.470556596785827
1.2940306411610305
-1.6469480887503987
0.11763914919645885
1.2940306411610305
-1.6469480887503987
-2.2351438347326846
-1.058752342768113
17.17531578268275
0.11763914919645885
0.11763914919645885
0.7058348951787446
-1.058752342768113
0.11763914919645885
-0.470556596785827
-2.8233395807149706
1.8822263871433165
-2.2351438347326846
-1.6469480887503987
1.8822263871433165
2.470422133125602
-8.117101294555543
-0.470556596785827
-0.470556596785827
-2.2351438347326846
0.11763914919645885
-1.058752342768113
-0.470556596785827
-11.058080024466973
1.2940306411610305
0.11763914919645885
-4.587926818661828
105.40467768002561
0.7058348951787446
-2.8233395807149706
-0.470556596785827
-0.470556596785827
45.996907335814754
0.11763914919645885
13.646141306789033
2.470422133125602
0.11763914919645885
-2.2351438347326846
-3.411535326697256
-0.470556596785827
1.8822263871433165
108.34565640993705
-2.2351438347326846
1.2940306411610305
0.11763914919645885
0.11763914919645885
-1.058752342768113
-1.058752342768113
2.470422133125602
0.11763914919645885
0.11763914919645885
-3.411535326697256
-0.470556596785827
-3.411535326697256
-6.352514056608686
0.7058348951787446
-1.058752342768113
-2.2351438347326846
275.39324826890623
-0.470556596785827
-2.8233395807149706
41.29134136795647
0.7058348951787446
-2.8233395807149706
256.57098439747307
-6.352514056608686
88.93519679252161
-2.2351438347326846
251.8654184296148
15.998924290718177
0.11763914919645885
-2.8233395807149706
-0.470556596785827
1.2940306411610305
0.11763914919645885
-2.2351438347326846
-0.470556596785827
-3.411535326697256
-1.6469480887503987
0.11763914919645885
-3.411535326697256
-0.470556596785827
1.8822263871433165
-0.470556596785827
0.7058348951787446
-2.2351438347326846
-1.058752342768113
-2.2351438347326846
-1.6469480887503987
-0.470556596785827
247.7480482077388
-1.058752342768113
-1.6469480887503987
-2.2351438347326846
-6.352514056608686
-2.2351438347326846
-0.470556596785827
0.11763914919645885
0.11763914919645885
1.8822263871433165
-1.6469480887503987
-0.470556596785827
-0.470556596785827
-2.8233395807149706
17.763511528665035
0.11763914919645885
-2.2351438347326846
-2.2351438347326846
-0.470556596785827
-3.411535326697256
1.2940306411610305
-2.2351438347326846
-2.2351438347326846
-0.470556596785827
81.2886520947519
1.8822263871433165
0.7058348951787446
-0.470556596785827
-1.058752342768113
-0.470556596785827
0.11763914919645885
-2.8233395807149706
0.11763914919645885
-1.6469480887503987
-1.6469480887503987
1.2940306411610305
-8.705297040537829
-2.2351438347326846
-2.2351438347326846
-0.470556596785827
0.7058348951787446
51.29066904965533
14.822532798753604
-13.410863008396117
0.11763914919645885
-5.7643183106263995
-0.470556596785827
-0.470556596785827
-1.058752342768113
-6.9407098025909715
1.8822263871433165
-2.8233395807149706
-0.470556596785827
0.11763914919645885
-1.058752342768113
0.11763914919645885
-0.470556596785827
-4.587926818661828
-0.470556596785827
-9.293492786520115
-4.587926818661828
0.7058348951787446
-6.9407098025909715
-1.6469480887503987
0.7058348951787446
0.11763914919645885
1.2940306411610305
-0.470556596785827
0.11763914919645885
0.7058348951787446
-0.470556596785827
-0.470556596785827
0.11763914919645885
0.7058348951787446
-2.2351438347326846
-1.058752342768113
0.11763914919645885
265.98211633318965
-3.411535326697256
0.7058348951787446
-2.2351438347326846
77.1712818728759
-1.058752342768113
1.8822263871433165
-2.2351438347326846
-2.2351438347326846
-0.470556596785827
-1.058752342768113
1.2940306411610305
0.7058348951787446
-2.2351438347326846
-2.8233395807149706
0.7058348951787446
-0.470556596785827
-2.2351438347326846
-2.8233395807149706
-1.058752342768113
-0.470556596785827
-0.470556596785827
-6.352514056608686
-0.470556596785827
-0.470556596785827
-5.176122564644114
-2.8233395807149706
-1.6469480887503987
0.7058348951787446
-2.8233395807149706
-1.6469480887503987
-2.8233395807149706
1.8822263871433165
-2.2351438347326846
-6.352514056608686
43.055928605903325
-0.470556596785827
0.11763914919645885
2.470422133125602
-1.6469480887503987
2.470422133125602
-0.470556596785827
1.2940306411610305
-7.528905548573257
-2.8233395807149706
-1.6469480887503987
214.8090864327308
1.8822263871433165
1.2940306411610305
-0.470556596785827
-9.293492786520115
0.7058348951787446
-2.2351438347326846
0.11763914919645885
-17.528233230272118
-0.470556596785827
0.11763914919645885
-0.470556596785827
-0.470556596785827
38.938558384027324
-1.058752342768113
1.2940306411610305
-1.058752342768113
0.11763914919645885
-1.6469480887503987
1.8822263871433165
0.11763914919645885
-2.2351438347326846
1.8822263871433165
-0.470556596785827
45.996907335814754
-3.411535326697256
1.2940306411610305
-2.8233395807149706
-1.058752342768113
-2.2351438347326846
1.2940306411610305
-4.587926818661828
-3.411535326697256
1.2940306411610305
-0.470556596785827
-3.411535326697256
0.7058348951787446
-0.470556596785827
-4.587926818661828
0.7058348951787446
0.7058348951787446
0.11763914919645885
-0.470556596785827
-2.8233395807149706
0.7058348951787446
-2.8233395807149706
0.11763914919645885
1.2940306411610305
1.8822263871433165
-0.470556596785827
17.17531578268275
-1.058752342768113
1.8822263871433165
-2.2351438347326846
0.11763914919645885
-2.8233395807149706
-2.2351438347326846
-0.470556596785827
0.11763914919645885
-2.2351438347326846
-4.587926818661828
-4.587926818661828
223.6320226224651
-1.6469480887503987
-1.6469480887503987
-0.470556596785827
-9.293492786520115
-2.8233395807149706
-0.470556596785827
-0.470556596785827
-3.411535326697256
1.2940306411610305
-0.470556596785827
0.11763914919645885
0.7058348951787446
-0.470556596785827
-3.999731072679542
1.2940306411610305
-0.470556596785827
0.7058348951787446
-3.411535326697256
-1.6469480887503987
234.8077417961285
1.2940306411610305
-3.999731072679542
-0.470556596785827
-0.470556596785827
-0.470556596785827
0.7058348951787446
2.470422133125602
0.11763914919645885
4.823205117054746
0.11763914919645885
-0.470556596785827
-0.470556596785827
0.11763914919645885
0.11763914919645885
-1.6469480887503987
-0.470556596785827
0.11763914919645885
2.470422133125602
-0.470556596785827
-2.8233395807149706
0.11763914919645885
-0.470556596785827
12.469749814824462
-8.117101294555543
110.6984393938662
-0.470556596785827
-2.2351438347326846
-1.058752342768113
-1.6469480887503987
-1.6469480887503987
1.2940306411610305
-5.176122564644114
135.99085647110448
0.11763914919645885
203.63336725906737
-3.999731072679542
1.8822263871433165
0.11763914919645885
255.39459290550852
1.8822263871433165
-2.2351438347326846
-1.6469480887503987
182.45832040370507
-1.6469480887503987
0.11763914919645885
-2.2351438347326846
1.2940306411610305
-5.7643183106263995
-2.2351438347326846
-0.470556596785827
0.7058348951787446
-6.352514056608686
-6.352514056608686
-1.6469480887503987
1.2940306411610305
243.0424822398805
-0.470556596785827
-2.2351438347326846
-4.587926818661828
-1.6469480887503987
-5.176122564644114
-2.8233395807149706
-5.7643183106263995
207.16254173496108
0.7058348951787446
-1.058752342768113
0.7058348951787446
-4.587926818661828
0.11763914919645885
1.8822263871433165
-0.470556596785827
-1.058752342768113
-1.058752342768113
0.7058348951787446
267.7467035711365
-2.2351438347326846
-1.6469480887503987
0.11763914919645885
-1.058752342768113
54.23164777956676
-0.470556596785827
225.98480560639422
121.87415856752962
-0.470556596785827
-3.411535326697256
1.8822263871433165
0.11763914919645885
0.7058348951787446
2.470422133125602
-4.587926818661828
-1.058752342768113
2.470422133125602
-1.058752342768113
93.6407627603799
1.8822263871433165
1.2940306411610305
-2.2351438347326846
-2.8233395807149706
-0.470556596785827
0.7058348951787446
-3.411535326697256
16.587120036700462
44.2323200978679
-6.352514056608686
-2.2351438347326846
0.7058348951787446
1.2940306411610305
1.2940306411610305
-3.999731072679542
0.7058348951787446
-2.2351438347326846
-24.586582182059548
23.05727324250561
-0.470556596785827
-3.999731072679542
73.05391165099991
1.8822263871433165
-11.058080024466973
-1.6469480887503987
-2.2351438347326846
-2.2351438347326846
67.17195419117705
-0.470556596785827
0.11763914919645885
0.11763914919645885
228.33758859032335
-2.2351438347326846
-2.8233395807149706
-1.058752342768113
0.7058348951787446
-6.352514056608686
0.11763914919645885
0.11763914919645885
16.587120036700462
0.7058348951787446
-2.2351438347326846
-6.9407098025909715
1.8822263871433165
-6.352514056608686
1.2940306411610305
-2.8233395807149706
1.2940306411610305
-0.470556596785827
0.7058348951787446
-1.6469480887503987
-0.470556596785827
1.2940306411610305
0.11763914919645885
-2.2351438347326846
0.11763914919645885
1.8822263871433165
-2.2351438347326846
-0.470556596785827
-0.470556596785827
-0.470556596785827
1.2940306411610305
-1.6469480887503987
145.40198840682106
-0.470556596785827
-2.2351438347326846
1.2940306411610305
2.470422133125602
-2.2351438347326846
-0.470556596785827
1.2940306411610305
-1.058752342768113
-5.176122564644114
-2.2351438347326846
-1.6469480887503987
1.2940306411610305
-1.058752342768113
-2.2351438347326846
-2.2351438347326846
-1.058752342768113
-1.6469480887503987
-2.2351438347326846
149.51935862869706
-2.8233395807149706
-0.470556596785827
2.470422133125602
-4.587926818661828
50.702473303673045
-1.058752342768113
-2.8233395807149706
-1.6469480887503987
-3.999731072679542
-1.6469480887503987
0.7058348951787446
-2.8233395807149706
2.470422133125602
-5.176122564644114
-0.470556596785827
-1.058752342768113
3.058617879107888
-0.470556596785827
-0.470556596785827
-1.058752342768113
1.2940306411610305
0.7058348951787446
-5.176122564644114
-0.470556596785827
-2.2351438347326846
-1.6469480887503987
0.11763914919645885
-0.470556596785827
-0.470556596785827
1.2940306411610305
-4.587926818661828
-1.058752342768113
-2.8233395807149706
0.11763914919645885
55.40803927153133
1.2940306411610305
-1.058752342768113
0.7058348951787446
-1.6469480887503987
-0.470556596785827
227.7493928443411
-3.411535326697256
3.058617879107888
-2.2351438347326846
1.2940306411610305
0.11763914919645885
37.76216689206275
-0.470556596785827
-4.587926818661828
34.23299241616904
-1.058752342768113
14.822532798753604
-2.2351438347326846
0.11763914919645885
-1.6469480887503987
-0.470556596785827
-1.6469480887503987
201.8687800211205
0.11763914919645885
-2.2351438347326846
1.8822263871433165
0.7058348951787446
0.11763914919645885
-0.470556596785827
-0.470556596785827
-1.058752342768113
-1.6469480887503987
-0.470556596785827
-0.470556596785827
-2.8233395807149706
0.7058348951787446
1.2940306411610305
1.8822263871433165
43.644124351885615
237.16052478005764
1.8822263871433165
3.058617879107888
-2.8233395807149706
-0.470556596785827
-2.2351438347326846
1.2940306411610305
34.82118816215132
-2.2351438347326846
-1.6469480887503987
-2.2351438347326846
-1.058752342768113
1.2940306411610305
-2.2351438347326846
-2.8233395807149706
123.63874580547647
1.2940306411610305
0.7058348951787446
0.7058348951787446
0.11763914919645885
-3.411535326697256
1.8822263871433165
0.7058348951787446
0.11763914919645885
-0.470556596785827
-0.470556596785827
-2.2351438347326846
1.2940306411610305
-2.8233395807149706
1.2940306411610305
-0.470556596785827
-4.587926818661828
50.702473303673045
46.585103081797044
0.11763914919645885
1.8822263871433165
-0.470556596785827
-1.058752342768113
46.585103081797044
-2.2351438347326846
1.8822263871433165
4.23500937107246
-0.470556596785827
2.470422133125602
0.11763914919645885
0.11763914919645885
-0.470556596785827
-1.6469480887503987
1.2940306411610305
-1.058752342768113
1.2940306411610305
1.8822263871433165
-2.2351438347326846
-5.176122564644114
4.23500937107246
-3.999731072679542
-5.176122564644114
-2.2351438347326846
0.11763914919645885
14.822532798753604
-0.470556596785827
-1.6469480887503987
0.11763914919645885
83.05323933269875
2.470422133125602
0.7058348951787446
1.2940306411610305
-0.470556596785827
-2.2351438347326846
-0.470556596785827
1.2940306411610305
-3.411535326697256
3.646813625090174
3.058617879107888
0.7058348951787446
-0.470556596785827
2.470422133125602
0.7058348951787446
1.2940306411610305
-4.587926818661828
0.11763914919645885
-1.6469480887503987
0.11763914919645885
-0.470556596785827
-17.528233230272118
18.939903020629608
0.11763914919645885
-5.176122564644114
0.7058348951787446
0.7058348951787446
-1.6469480887503987
-5.176122564644114
-0.470556596785827
-4.587926818661828
-1.6469480887503987
-0.470556596785827
-0.470556596785827
-2.2351438347326846
0.7058348951787446
-0.470556596785827
0.7058348951787446
-2.8233395807149706
-1.6469480887503987
87.75880530055704
-6.9407098025909715
0.11763914919645885
-1.6469480887503987
2.470422133125602
-2.2351438347326846
-0.470556596785827
-1.6469480887503987
-0.470556596785827
0.7058348951787446
-0.470556596785827
275.9814440148885
0.11763914919645885
-2.2351438347326846
-2.2351438347326846
361.26982718232
0.11763914919645885
-3.411535326697256
-2.2351438347326846
2.470422133125602
-1.6469480887503987
-9.8816885325024
-3.411535326697256
0.7058348951787446
-1.058752342768113
215.98547792469535
0.7058348951787446
-0.470556596785827
2.470422133125602
-8.117101294555543
-3.411535326697256
1.2940306411610305
-2.8233395807149706
-3.999731072679542
54.81984352554905
-4.587926818661828
1.8822263871433165
-18.116428976254404
1.8822263871433165
-1.058752342768113
-0.470556596785827
-0.470556596785827
-1.058752342768113
0.7058348951787446
-3.411535326697256
-0.470556596785827
1.2940306411610305
0.11763914919645885
1.2940306411610305
0.11763914919645885
-2.2351438347326846
1.2940306411610305
0.11763914919645885
1.2940306411610305
-5.176122564644114
1.8822263871433165
-0.470556596785827
1.8822263871433165
-1.058752342768113
1.8822263871433165
-2.2351438347326846
67.76014993715933
3.058617879107888
-0.470556596785827
-1.058752342768113
-2.8233395807149706
-4.587926818661828
-2.2351438347326846
-11.058080024466973
0.7058348951787446
0.11763914919645885
1.2940306411610305
0.11763914919645885
0.11763914919645885
-0.470556596785827
-2.2351438347326846
0.11763914919645885
-0.470556596785827
1.2940306411610305
0.11763914919645885
-3.999731072679542
-2.2351438347326846
1.2940306411610305
-3.411535326697256
2.470422133125602
0.11763914919645885
2.470422133125602
-1.058752342768113
1.2940306411610305
1.8822263871433165
-2.2351438347326846
-0.470556596785827
1.2940306411610305
38.35036263804504
3.058617879107888
-0.470556596785827
1.2940306411610305
-0.470556596785827
1.2940306411610305
-5.176122564644114
234.21954605014622
-1.058752342768113
2.470422133125602
-1.058752342768113
-1.6469480887503987
0.11763914919645885
-1.058752342768113
-2.2351438347326846
-0.470556596785827
1.2940306411610305
-1.058752342768113
1.2940306411610305
0.7058348951787446
-0.470556596785827
-4.587926818661828
-4.587926818661828
-1.058752342768113
-2.2351438347326846
-0.470556596785827
0.11763914919645885
35.997579654115896
44.82051584385018
0.11763914919645885
-0.470556596785827
-5.176122564644114
-0.470556596785827
-1.6469480887503987
-1.6469480887503987
-1.058752342768113
-2.2351438347326846
67.17195419117705
-0.470556596785827
-0.470556596785827
1.2940306411610305
0.11763914919645885
-6.352514056608686
18.35170727464732
327.1544739153474
-1.058752342768113
-8.117101294555543
-1.6469480887503987
131.2852905032462
107.16926491797247
-2.2351438347326846
-1.058752342768113
-1.6469480887503987
1.2940306411610305
73.6421073969822
-5.176122564644114
-0.470556596785827
1.8822263871433165
0.7058348951787446
0.11763914919645885
-1.058752342768113
0.7058348951787446
-5.176122564644114
-2.8233395807149706
1.8822263871433165
0.7058348951787446
0.11763914919645885
1.2940306411610305
0.11763914919645885
-2.2351438347326846
51.29066904965533
246.57165671577422
-2.2351438347326846
-3.411535326697256
0.11763914919645885
1.8822263871433165
-0.470556596785827
-0.470556596785827
1.2940306411610305
-7.528905548573257
-0.470556596785827
-2.8233395807149706
37.76216689206275
2.470422133125602
0.11763914919645885
0.11763914919645885
0.11763914919645885
0.11763914919645885
-1.6469480887503987
-3.411535326697256
-4.587926818661828
51.87886479563761
-1.6469480887503987
-2.2351438347326846
-7.528905548573257
171.28260123004162
0.7058348951787446
2.470422133125602
-3.411535326697256
-2.8233395807149706
1.2940306411610305
-6.352514056608686
-2.2351438347326846
1.2940306411610305
-2.2351438347326846
-2.2351438347326846
-1.6469480887503987
-3.999731072679542
0.7058348951787446
1.2940306411610305
-4.587926818661828
1.2940306411610305
-0.470556596785827
-5.7643183106263995
-0.470556596785827
-0.470556596785827
-0.470556596785827
0.11763914919645885
-0.470556596785827
-2.2351438347326846
-1.6469480887503987
-1.058752342768113
-3.411535326697256
-9.8816885325024
82.46504358671648
-0.470556596785827
0.11763914919645885
1.2940306411610305
-2.8233395807149706
-1.6469480887503987
38.938558384027324
1.2940306411610305
1.2940306411610305
2.470422133125602
-1.6469480887503987
0.7058348951787446
-8.117101294555543
14.23433705277132
28.35103495634618
1.8822263871433165
-5.176122564644114
-0.470556596785827
0.11763914919645885
133.63807348717535
282.45159722069366
-0.470556596785827
70.11293292108847
0.7058348951787446
1.8822263871433165
-8.117101294555543
-4.587926818661828
2.470422133125602
2.470422133125602
-4.587926818661828
-2.2351438347326846
0.11763914919645885
1.8822263871433165
0.7058348951787446
302.4502525840914
-2.2351438347326846
0.11763914919645885
0.11763914919645885
-3.411535326697256
1.2940306411610305
1.8822263871433165
0.11763914919645885
-0.470556596785827
0.11763914919645885
-1.6469480887503987
-2.2351438347326846
2.470422133125602
47.17329882777933
0.11763914919645885
-1.058752342768113
-3.411535326697256
-8.117101294555543
-0.470556596785827
-0.470556596785827
-1.6469480887503987
-0.470556596785827
0.7058348951787446
-1.6469480887503987
-2.2351438347326846
0.7058348951787446
-5.7643183106263995
0.11763914919645885
3.646813625090174
0.11763914919645885
1.8822263871433165
-0.470556596785827
43.644124351885615
1.2940306411610305
1.8822263871433165
-1.6469480887503987
-2.8233395807149706
-0.470556596785827
1.2940306411610305
34.23299241616904
268.9230950631011
-0.470556596785827
-0.470556596785827
-2.2351438347326846
-10.469884278484686
-2.8233395807149706
-0.470556596785827
-3.411535326697256
-1.6469480887503987
204.80975875103192
-1.6469480887503987
-1.6469480887503987
-0.470556596785827
291.86272915641024
-8.117101294555543
-0.470556596785827
-2.8233395807149706
1.8822263871433165
-0.470556596785827
-2.8233395807149706
0.7058348951787446
-3.411535326697256
-15.175450246342974
-0.470556596785827
37.17397114608047
-0.470556596785827
-2.8233395807149706
-2.2351438347326846
-3.411535326697256
-1.6469480887503987
-3.411535326697256
-1.6469480887503987
-2.8233395807149706
0.11763914919645885
1.2940306411610305
-4.587926818661828
-5.176122564644114
2.470422133125602
-2.2351438347326846
1.2940306411610305
-2.2351438347326846
-2.2351438347326846
-1.058752342768113
-1.6469480887503987
0.11763914919645885
-1.6469480887503987
-0.470556596785827
0.7058348951787446
-5.176122564644114
-0.470556596785827
-0.470556596785827
-0.470556596785827
-0.470556596785827
-3.411535326697256
-5.7643183106263995
-0.470556596785827
-1.058752342768113
0.11763914919645885
-5.7643183106263995
75.40669463492904
-8.705297040537829
-3.999731072679542
-1.058752342768113
-2.8233395807149706
0.11763914919645885
257.74737588943765
1.8822263871433165
-1.058752342768113
0.11763914919645885
0.11763914919645885
-2.2351438347326846
-1.6469480887503987
1.8822263871433165
2.470422133125602
0.7058348951787446
0.11763914919645885
27.762839210363893
-3.411535326697256
2.470422133125602
-1.058752342768113
-0.470556596785827
-0.470556596785827
0.11763914919645885
-1.6469480887503987
0.11763914919645885
-2.8233395807149706
2.470422133125602
-2.2351438347326846
1.2940306411610305
2.470422133125602
-0.470556596785827
-0.470556596785827
-0.470556596785827
-0.470556596785827
-2.8233395807149706
-4.587926818661828
-0.470556596785827
0.11763914919645885
-1.6469480887503987
0.11763914919645885
-1.6469480887503987
-0.470556596785827
3.058617879107888
-5.176122564644114
1.2940306411610305
0.7058348951787446
-4.587926818661828
1.8822263871433165
-0.470556596785827
-1.058752342768113
-3.411535326697256
-1.058752342768113
-1.6469480887503987
-2.2351438347326846
29.527426448310752
-0.470556596785827
-6.9407098025909715
-1.6469480887503987
1.2940306411610305
-2.8233395807149706
4.823205117054746
0.11763914919645885
-0.470556596785827
-1.6469480887503987
-0.470556596785827
93.05256701439761
