3.0425822651862364
-3.6038353043953406
0.08861890092775772
-2.8653444633307212
-5.08081698652458
113.07771758381458
-2.1268536222661014
-0.649871940136862
-0.649871940136862
-2.1268536222661014
2.304091424121617
202.43510935263356
-2.1268536222661014
59.167886186097334
-6.557798668653819
-0.649871940136862
0.08861890092775772
-2.1268536222661014
-2.8653444633307212
0.08861890092775772
-1.3883627812014816
-0.649871940136862
-7.29628950971844
2.304091424121617
-2.1268536222661014
-5.08081698652458
3.0425822651862364
-5.08081698652458
37.75165179522336
-2.8653444633307212
3.0425822651862364
109.38526337849147
-3.6038353043953406
0.08861890092775772
-2.8653444633307212
1.5656005830569972
-0.649871940136862
-0.649871940136862
-0.649871940136862
-1.3883627812014816
-4.34232614545996
-2.1268536222661014
2.304091424121617
0.08861890092775772
-16.158179602493878
-0.649871940136862
0.8271097419923774
-2.8653444633307212
-7.29628950971844
-6.557798668653819
-2.1268536222661014
1.5656005830569972
2.304091424121617
-0.649871940136862
3.0425822651862364
-1.3883627812014816
-2.1268536222661014
0.8271097419923774
0.08861890092775772
-2.8653444633307212
2.304091424121617
-11.727234556106158
0.08861890092775772
-2.1268536222661014
-1.3883627812014816
-2.1268536222661014
-1.3883627812014816
-4.34232614545996
1.5656005830569972
-2.1268536222661014
3.0425822651862364
1.5656005830569972
-12.465725397170777
-1.3883627812014816
-2.1268536222661014
0.08861890092775772
-7.29628950971844
-2.8653444633307212
2.304091424121617
1.5656005830569972
-2.8653444633307212
-0.649871940136862
-3.6038353043953406
-7.29628950971844
5.258054788380096
-0.649871940136862
-0.649871940136862
-2.8653444633307212
-5.8193078275892
0.08861890092775772
36.274670113094125
-23.54308801314007
0.8271097419923774
-2.8653444633307212
3.0425822651862364
-5.8193078275892
0.08861890092775772
-0.649871940136862
-0.649871940136862
1.5656005830569972
0.08861890092775772
3.0425822651862364
-8.034780350783059
0.08861890092775772
-1.3883627812014816
76.89166637164821
-3.6038353043953406
1.5656005830569972
325.76307981042504
153.69471384236866
-0.649871940136862
311.73175383019725
-0.649871940136862
-0.649871940136862
1.5656005830569972
33.32070674883565
-12.465725397170777
-0.649871940136862
-5.8193078275892
3.0425822651862364
-0.649871940136862
-1.3883627812014816
-0.649871940136862
-0.649871940136862
76.15317553058358
-1.3883627812014816
1.5656005830569972
-5.08081698652458
-10.988743715041538
2.304091424121617
-1.3883627812014816
-5.08081698652458
-5.8193078275892
-6.557798668653819
-4.34232614545996
-0.649871940136862
-0.649871940136862
-0.649871940136862
-2.1268536222661014
130.80149776936545
-2.8653444633307212
-2.8653444633307212
-2.1268536222661014
2.304091424121617
2.304091424121617
-2.8653444633307212
-3.6038353043953406
-2.8653444633307212
-2.1268536222661014
63.598831232485054
-0.649871940136862
-5.08081698652458
-3.6038353043953406
3.0425822651862364
-0.649871940136862
-6.557798668653819
0.08861890092775772
-0.649871940136862
-1.3883627812014816
0.08861890092775772
-5.08081698652458
0.8271097419923774
-5.08081698652458
-2.8653444633307212
-2.1268536222661014
233.45172467734758
-4.34232614545996
-3.6038353043953406
-1.3883627812014816
167.72603982259642
-2.8653444633307212
2.304091424121617
1.5656005830569972
-2.1268536222661014
-3.6038353043953406
192.09623757772889
-7.29628950971844
0.08861890092775772
-2.1268536222661014
0.08861890092775772
1.5656005830569972
-1.3883627812014816
-7.29628950971844
-0.649871940136862
-0.649871940136862
-1.3883627812014816
-1.3883627812014816
162.5566039351441
-15.419688761429256
-0.649871940136862
3.0425822651862364
256.3449407503508
268.8992850484493
1.5656005830569972
-2.1268536222661014
21.50485329180173
-0.649871940136862
-3.6038353043953406
-1.3883627812014816
271.8532484127078
-0.649871940136862
-2.8653444633307212
0.08861890092775772
3.0425822651862364
2.304091424121617
-10.250252873976919
-2.1268536222661014
-3.6038353043953406
1.5656005830569972
50.305996093321895
-3.6038353043953406
3.0425822651862364
196.5271826241166
-4.34232614545996
-2.1268536222661014
0.08861890092775772
0.08861890092775772
-5.8193078275892
-2.1268536222661014
-0.649871940136862
19.28938076860787
-10.250252873976919
1.5656005830569972
-1.3883627812014816
0.08861890092775772
205.38907271689203
2.304091424121617
0.08861890092775772
-4.34232614545996
-2.8653444633307212
20.76636245073711
-5.08081698652458
-1.3883627812014816
-0.649871940136862
-2.8653444633307212
0.08861890092775772
-2.1268536222661014
-0.649871940136862
-2.1268536222661014
-0.649871940136862
-2.8653444633307212
2.304091424121617
-0.649871940136862
-0.649871940136862
1.5656005830569972
-2.1268536222661014
-0.649871940136862
-2.1268536222661014
-5.08081698652458
-0.649871940136862
-7.29628950971844
-0.649871940136862
-2.8653444633307212
-10.250252873976919
-1.3883627812014816
4.519563947315476
-0.649871940136862
-2.1268536222661014
0.08861890092775772
-11.727234556106158
-4.34232614545996
-2.8653444633307212
1.5656005830569972
40.705615159481845
-6.557798668653819
-3.6038353043953406
-4.34232614545996
-2.8653444633307212
182.49585664388883
-3.6038353043953406
-11.727234556106158
-2.8653444633307212
2.304091424121617
2.304091424121617
1.5656005830569972
3.0425822651862364
2.304091424121617
-1.3883627812014816
-0.649871940136862
0.08861890092775772
-2.8653444633307212
0.08861890092775772
0.08861890092775772
-8.773271191847678
-0.649871940136862
-0.649871940136862
-0.649871940136862
-0.649871940136862
1.5656005830569972
-12.465725397170777
-1.3883627812014816
1.5656005830569972
-1.3883627812014816
42.9210876826757
37.75165179522336
-2.8653444633307212
-4.34232614545996
-2.8653444633307212
-2.1268536222661014
2.304091424121617
-3.6038353043953406
-0.649871940136862
-2.1268536222661014
3.0425822651862364
1.5656005830569972
277.7611751412248
1.5656005830569972
-3.6038353043953406
2.304091424121617
351.6102592476867
-0.649871940136862
1.5656005830569972
0.08861890092775772
3.0425822651862364
0.08861890092775772
21.50485329180173
-1.3883627812014816
-0.649871940136862
20.76636245073711
-1.3883627812014816
-5.8193078275892
-2.1268536222661014
-2.8653444633307212
2.304091424121617
-0.649871940136862
-1.3883627812014816
1.5656005830569972
-2.8653444633307212
-0.649871940136862
-1.3883627812014816
-3.6038353043953406
-4.34232614545996
-2.1268536222661014
18.55088992754325
-11.727234556106158
-2.8653444633307212
0.08861890092775772
-4.34232614545996
-10.988743715041538
5.258054788380096
0.08861890092775772
-2.1268536222661014
-3.6038353043953406
-0.649871940136862
-5.8193078275892
0.08861890092775772
-5.08081698652458
-6.557798668653819
1.5656005830569972
-5.8193078275892
23.72032581499559
-0.649871940136862
-2.8653444633307212
-0.649871940136862
0.08861890092775772
0.08861890092775772
-2.1268536222661014
113.81620842487919
3.0425822651862364
-1.3883627812014816
0.08861890092775772
0.08861890092775772
0.08861890092775772
-1.3883627812014816
2.304091424121617
78.36864805377745
-2.1268536222661014
-2.8653444633307212
-1.3883627812014816
-2.1268536222661014
-0.649871940136862
-2.8653444633307212
-3.6038353043953406
-2.1268536222661014
-23.54308801314007
-2.8653444633307212
-2.1268536222661014
-0.649871940136862
-3.6038353043953406
3.0425822651862364
3.0425822651862364
2.304091424121617
-3.6038353043953406
3.0425822651862364
-2.8653444633307212
0.08861890092775772
-2.1268536222661014
57.69090450396809
-8.773271191847678
-2.8653444633307212
80.5841205769713
-2.1268536222661014
-6.557798668653819
-4.34232614545996
-4.34232614545996
-5.08081698652458
-6.557798668653819
-1.3883627812014816
-0.649871940136862
-9.511762032912298
14.858435722220152
-2.1268536222661014
-2.1268536222661014
-1.3883627812014816
-2.1268536222661014
-2.8653444633307212
-0.649871940136862
-2.8653444633307212
-2.8653444633307212
1.5656005830569972
277.7611751412248
-0.649871940136862
0.8271097419923774
-2.1268536222661014
-0.649871940136862
-29.45101474165703
28.889761702447927
0.08861890092775772
-0.649871940136862
-2.1268536222661014
-0.649871940136862
-13.942707079300016
-2.1268536222661014
-1.3883627812014816
-0.649871940136862
-0.649871940136862
-2.1268536222661014
-19.112142966752355
-1.3883627812014816
1.5656005830569972
0.08861890092775772
1.5656005830569972
-2.8653444633307212
-0.649871940136862
-1.3883627812014816
-0.649871940136862
-13.942707079300016
-8.034780350783059
-5.08081698652458
1.5656005830569972
-0.649871940136862
-2.1268536222661014
-2.8653444633307212
0.08861890092775772
-1.3883627812014816
-2.1268536222661014
-3.6038353043953406
-2.8653444633307212
-3.6038353043953406
-0.649871940136862
-9.511762032912298
-5.8193078275892
2.304091424121617
-2.8653444633307212
1.5656005830569972
-2.8653444633307212
0.08861890092775772
-4.34232614545996
-11.727234556106158
-3.6038353043953406
0.08861890092775772
-1.3883627812014816
-4.34232614545996
-2.8653444633307212
-0.649871940136862
-2.1268536222661014
223.85134374350753
-2.8653444633307212
-2.8653444633307212
-0.649871940136862
1.5656005830569972
-0.649871940136862
-5.8193078275892
1.5656005830569972
-1.3883627812014816
0.8271097419923774
0.08861890092775772
0.08861890092775772
0.8271097419923774
-0.649871940136862
158.12565888875636
-2.8653444633307212
-1.3883627812014816
-2.8653444633307212
-0.649871940136862
4.519563947315476
221.63587122031367
2.304091424121617
-2.8653444633307212
3.0425822651862364
0.08861890092775772
1.5656005830569972
-0.649871940136862
-3.6038353043953406
-0.649871940136862
109.38526337849147
0.08861890092775772
-0.649871940136862
-7.29628950971844
-0.649871940136862
0.8271097419923774
1.5656005830569972
0.08861890092775772
1.5656005830569972
-1.3883627812014816
1.5656005830569972
-5.08081698652458
0.08861890092775772
-2.8653444633307212
0.08861890092775772
247.48305065757535
2.304091424121617
-2.1268536222661014
38.490142636287985
3.0425822651862364
3.0425822651862364
-3.6038353043953406
7.473527311573955
38.490142636287985
-2.1268536222661014
-2.1268536222661014
-0.649871940136862
209.82001776327976
-0.649871940136862
0.08861890092775772
4.519563947315476
1.5656005830569972
-1.3883627812014816
-0.649871940136862
-1.3883627812014816
1.5656005830569972
-1.3883627812014816
-2.1268536222661014
2.304091424121617
0.08861890092775772
-2.1268536222661014
-1.3883627812014816
-2.1268536222661014
-5.8193078275892
-7.29628950971844
-2.1268536222661014
-2.8653444633307212
166.9875489815318
-1.3883627812014816
3.0425822651862364
-2.8653444633307212
-3.6038353043953406
3.7810731062508562
-0.649871940136862
-3.6038353043953406
-0.649871940136862
0.8271097419923774
-2.8653444633307212
-5.8193078275892
3.0425822651862364
154.43320468343327
-11.727234556106158
-6.557798668653819
1.5656005830569972
0.08861890092775772
-0.649871940136862
-1.3883627812014816
0.08861890092775772
22.98183497393097
-1.3883627812014816
-8.773271191847678
-2.8653444633307212
-2.1268536222661014
-2.1268536222661014
0.8271097419923774
3.0425822651862364
1.5656005830569972
0.8271097419923774
123.41658935871925
-2.1268536222661014
-1.3883627812014816
53.25995945758038
2.304091424121617
2.304091424121617
-2.8653444633307212
-2.8653444633307212
2.304091424121617
-3.6038353043953406
-2.8653444633307212
-0.649871940136862
-3.6038353043953406
85.01506562335902
212.03549028647362
-3.6038353043953406
-8.773271191847678
3.0425822651862364
-1.3883627812014816
-1.3883627812014816
-0.649871940136862
-0.649871940136862
-22.804597172075454
38.490142636287985
1.5656005830569972
0.08861890092775772
-8.773271191847678
-2.1268536222661014
0.08861890092775772
-5.08081698652458
1.5656005830569972
-2.1268536222661014
-2.8653444633307212
1.5656005830569972
-8.034780350783059
-0.649871940136862
-0.649871940136862
-9.511762032912298
-1.3883627812014816
-2.1268536222661014
0.08861890092775772
0.8271097419923774
-2.8653444633307212
-1.3883627812014816
40.705615159481845
-2.8653444633307212
-3.6038353043953406
-2.8653444633307212
-1.3883627812014816
-2.8653444633307212
-3.6038353043953406
18.55088992754325
-2.8653444633307212
-2.1268536222661014
1.5656005830569972
1.5656005830569972
-0.649871940136862
-0.649871940136862
-3.6038353043953406
3.0425822651862364
188.40378337240577
-0.649871940136862
0.08861890092775772
-0.649871940136862
-8.034780350783059
-2.1268536222661014
2.304091424121617
-2.1268536222661014
-4.34232614545996
-0.649871940136862
37.75165179522336
-10.988743715041538
-0.649871940136862
-5.08081698652458
-3.6038353043953406
2.304091424121617
-0.649871940136862
-2.1268536222661014
-0.649871940136862
3.0425822651862364
3.0425822651862364
-2.8653444633307212
19.28938076860787
1.5656005830569972
0.08861890092775772
-1.3883627812014816
-5.8193078275892
0.8271097419923774
0.08861890092775772
-3.6038353043953406
217.94341701499056
2.304091424121617
-2.1268536222661014
-7.29628950971844
-2.1268536222661014
3.0425822651862364
-0.649871940136862
0.08861890092775772
1.5656005830569972
-3.6038353043953406
2.304091424121617
-2.1268536222661014
-6.557798668653819
-0.649871940136862
0.08861890092775772
-2.1268536222661014
-9.511762032912298
-1.3883627812014816
-5.8193078275892
-2.1268536222661014
121.20111683552538
-2.1268536222661014
-3.6038353043953406
-6.557798668653819
0.08861890092775772
-2.1268536222661014
-5.08081698652458
21.50485329180173
61.383358709291194
-0.649871940136862
-2.1268536222661014
-2.8653444633307212
4.519563947315476
0.08861890092775772
-2.8653444633307212
105.69280917316837
87.9690289876175
3.0425822651862364
-5.08081698652458
-2.1268536222661014
2.304091424121617
-0.649871940136862
-1.3883627812014816
-5.08081698652458
-1.3883627812014816
5.258054788380096
0.08861890092775772
-3.6038353043953406
-3.6038353043953406
-0.649871940136862
-0.649871940136862
-5.08081698652458
-5.08081698652458
-2.8653444633307212
-0.649871940136862
-1.3883627812014816
124.15508019978387
0.8271097419923774
3.0425822651862364
-2.8653444633307212
-2.8653444633307212
293.2694828035818
1.5656005830569972
-0.649871940136862
2.304091424121617
0.8271097419923774
-0.649871940136862
-2.8653444633307212
3.0425822651862364
-1.3883627812014816
-0.649871940136862
0.8271097419923774
1.5656005830569972
0.08861890092775772
1.5656005830569972
0.8271097419923774
46.6135418879988
-0.649871940136862
-2.1268536222661014
1.5656005830569972
-2.1268536222661014
-0.649871940136862
-2.8653444633307212
4.519563947315476
-8.773271191847678
-3.6038353043953406
-0.649871940136862
2.304091424121617
0.08861890092775772
0.8271097419923774
19.28938076860787
-16.158179602493878
174.372457392178
302.86986373742184
-2.1268536222661014
0.08861890092775772
-1.3883627812014816
-9.511762032912298
-1.3883627812014816
-0.649871940136862
-0.649871940136862
-0.649871940136862
-2.8653444633307212
-2.8653444633307212
-8.034780350783059
-6.557798668653819
-1.3883627812014816
-9.511762032912298
-8.034780350783059
-1.3883627812014816
-8.773271191847678
-0.649871940136862
-2.8653444633307212
2.304091424121617
0.8271097419923774
2.304091424121617
0.08861890092775772
3.0425822651862364
-2.1268536222661014
-6.557798668653819
1.5656005830569972
-2.1268536222661014
2.304091424121617
0.8271097419923774
-2.8653444633307212
4.519563947315476
-3.6038353043953406
-1.3883627812014816
-0.649871940136862
1.5656005830569972
-1.3883627812014816
-2.8653444633307212
-4.34232614545996
-1.3883627812014816
-1.3883627812014816
0.08861890092775772
-0.649871940136862
1.5656005830569972
-7.29628950971844
254.12946822715693
-1.3883627812014816
-2.8653444633307212
2.304091424121617
-4.34232614545996
-1.3883627812014816
3.0425822651862364
0.08861890092775772
-7.29628950971844
0.8271097419923774
3.0425822651862364
-4.34232614545996
-2.8653444633307212
-2.8653444633307212
5.258054788380096
-0.649871940136862
4.519563947315476
-6.557798668653819
1.5656005830569972
198.74265514731047
-7.29628950971844
-2.1268536222661014
-2.1268536222661014
-2.1268536222661014
2.304091424121617
-0.649871940136862
0.08861890092775772
3.0425822651862364
3.0425822651862364
-6.557798668653819
-2.1268536222661014
-4.34232614545996
-0.649871940136862
3.0425822651862364
2.304091424121617
62.12184955035581
-6.557798668653819
-1.3883627812014816
3.0425822651862364
1.5656005830569972
-20.589124648881594
-0.649871940136862
-1.3883627812014816
1.5656005830569972
-7.29628950971844
2.304091424121617
0.08861890092775772
33.32070674883565
-0.649871940136862
3.0425822651862364
0.08861890092775772
2.304091424121617
1.5656005830569972
-0.649871940136862
0.8271097419923774
1.5656005830569972
2.304091424121617
-5.8193078275892
3.0425822651862364
-2.8653444633307212
-1.3883627812014816
-4.34232614545996
-1.3883627812014816
-2.8653444633307212
-4.34232614545996
-1.3883627812014816
102.00035496784528
-2.1268536222661014
-2.1268536222661014
-1.3883627812014816
-5.08081698652458
-4.34232614545996
-2.8653444633307212
1.5656005830569972
-2.1268536222661014
-2.8653444633307212
-2.1268536222661014
-0.649871940136862
-3.6038353043953406
3.0425822651862364
-2.8653444633307212
108.64677253742686
20.76636245073711
-0.649871940136862
-2.8653444633307212
-2.8653444633307212
-2.1268536222661014
-0.649871940136862
-0.649871940136862
-0.649871940136862
-2.8653444633307212
-5.8193078275892
-5.8193078275892
-1.3883627812014816
-2.8653444633307212
-0.649871940136862
-5.8193078275892
-2.8653444633307212
-13.204216238235396
-2.8653444633307212
-1.3883627812014816
1.5656005830569972
-0.649871940136862
0.8271097419923774
-0.649871940136862
-0.649871940136862
-0.649871940136862
-0.649871940136862
-9.511762032912298
-0.649871940136862
-2.8653444633307212
0.08861890092775772
-4.34232614545996
-4.34232614545996
-8.034780350783059
1.5656005830569972
0.08861890092775772
0.08861890092775772
-2.8653444633307212
-2.8653444633307212
4.519563947315476
3.7810731062508562
0.08861890092775772
-1.3883627812014816
-0.649871940136862
-0.649871940136862
-7.29628950971844
5.258054788380096
-0.649871940136862
-6.557798668653819
-3.6038353043953406
3.7810731062508562
0.08861890092775772
-2.1268536222661014
-2.8653444633307212
166.9875489815318
3.0425822651862364
-0.649871940136862
364.16460354578527
-0.649871940136862
1.5656005830569972
-3.6038353043953406
-2.8653444633307212
0.8271097419923774
-2.8653444633307212
1.5656005830569972
-9.511762032912298
6.7350364705093355
-0.649871940136862
-2.8653444633307212
-2.8653444633307212
-1.3883627812014816
-5.08081698652458
-3.6038353043953406
-0.649871940136862
-5.08081698652458
-2.1268536222661014
-2.8653444633307212
-2.1268536222661014
1.5656005830569972
-1.3883627812014816
0.08861890092775772
-6.557798668653819
-2.8653444633307212
4.519563947315476
5.258054788380096
-6.557798668653819
-7.29628950971844
-1.3883627812014816
-2.8653444633307212
-2.8653444633307212
141.87886038533475
-3.6038353043953406
-3.6038353043953406
-0.649871940136862
-2.8653444633307212
180.28038412069498
-8.034780350783059
-5.8193078275892
3.0425822651862364
-6.557798668653819
4.519563947315476
-4.34232614545996
-2.1268536222661014
2.304091424121617
-2.1268536222661014
-0.649871940136862
-0.649871940136862
-0.649871940136862
-8.773271191847678
3.0425822651862364
-0.649871940136862
-0.649871940136862
2.304091424121617
-0.649871940136862
-2.8653444633307212
-0.649871940136862
-1.3883627812014816
-0.649871940136862
-4.34232614545996
-0.649871940136862
-3.6038353043953406
0.8271097419923774
1.5656005830569972
-2.8653444633307212
-0.649871940136862
-0.649871940136862
57.69090450396809
-2.1268536222661014
-0.649871940136862
1.5656005830569972
70.98373964313124
-4.34232614545996
-1.3883627812014816
-2.8653444633307212
-2.8653444633307212
22.243344132866348
1.5656005830569972
-6.557798668653819
-2.8653444633307212
0.08861890092775772
37.75165179522336
3.7810731062508562
-8.773271191847678
2.304091424121617
-5.08081698652458
-27.97403305952779
28.889761702447927
-2.1268536222661014
-3.6038353043953406
2.304091424121617
3.0425822651862364
-12.465725397170777
0.8271097419923774
-0.649871940136862
75.41468468951896
-2.1268536222661014
-3.6038353043953406
-1.3883627812014816
-5.8193078275892
-5.8193078275892
-1.3883627812014816
-5.8193078275892
2.304091424121617
-0.649871940136862
-5.08081698652458
-0.649871940136862
-0.649871940136862
20.02787160967249
178.0649115975011
0.08861890092775772
-7.29628950971844
39.96712431841722
-12.465725397170777
47.35203272906342
-1.3883627812014816
-0.649871940136862
-3.6038353043953406
3.0425822651862364
2.304091424121617
48.82901441119266
0.08861890092775772
3.0425822651862364
2.304091424121617
3.0425822651862364
0.08861890092775772
-2.1268536222661014
1.5656005830569972
169.9415123457903
-5.8193078275892
-1.3883627812014816
-4.34232614545996
-0.649871940136862
-3.6038353043953406
-0.649871940136862
1.5656005830569972
1.5656005830569972
0.08861890092775772
-1.3883627812014816
-2.8653444633307212
186.92680169027653
-0.649871940136862
-1.3883627812014816
-2.1268536222661014
1.5656005830569972
1.5656005830569972
-1.3883627812014816
-4.34232614545996
-0.649871940136862
0.08861890092775772
159.60264057088563
-2.8653444633307212
-1.3883627812014816
2.304091424121617
1.5656005830569972
-6.557798668653819
2.304091424121617
-3.6038353043953406
59.167886186097334
-2.1268536222661014
-3.6038353043953406
-1.3883627812014816
0.8271097419923774
-0.649871940136862
0.08861890092775772
-7.29628950971844
-0.649871940136862
90.92299235187598
4.519563947315476
-0.649871940136862
-0.649871940136862
0.08861890092775772
79.10713889484207
1.5656005830569972
-5.8193078275892
-3.6038353043953406
-5.8193078275892
0.08861890092775772
-2.8653444633307212
0.08861890092775772
-1.3883627812014816
-2.1268536222661014
-5.08081698652458
-0.649871940136862
-1.3883627812014816
203.17360019369818
3.0425822651862364
-0.649871940136862
-2.1268536222661014
-4.34232614545996
-2.1268536222661014
-0.649871940136862
-2.8653444633307212
-5.08081698652458
2.304091424121617
-4.34232614545996
1.5656005830569972
-1.3883627812014816
0.8271097419923774
-2.8653444633307212
-2.1268536222661014
0.08861890092775772
1.5656005830569972
22.243344132866348
0.08861890092775772
3.0425822651862364
45.87505104693418
-2.1268536222661014
-0.649871940136862
0.08861890092775772
1.5656005830569972
-6.557798668653819
-2.8653444633307212
1.5656005830569972
-1.3883627812014816
2.304091424121617
-0.649871940136862
2.304091424121617
54.736941139709614
-1.3883627812014816
-0.649871940136862
-8.773271191847678
-2.8653444633307212
-0.649871940136862
-2.1268536222661014
3.0425822651862364
2.304091424121617
0.08861890092775772
5.258054788380096
3.0425822651862364
-2.8653444633307212
-2.8653444633307212
-2.8653444633307212
4.519563947315476
-0.649871940136862
-2.8653444633307212
-5.08081698652458
-2.1268536222661014
-2.8653444633307212
86.49204730548827
-2.8653444633307212
1.5656005830569972
-2.8653444633307212
-2.8653444633307212
-2.8653444633307212
73.93770300738973
-4.34232614545996
0.8271097419923774
-2.1268536222661014
-3.6038353043953406
-0.649871940136862
-0.649871940136862
0.08861890092775772
1.5656005830569972
292.53099196251713
-2.1268536222661014
-2.1268536222661014
-5.8193078275892
3.7810731062508562
-2.8653444633307212
-0.649871940136862
-0.649871940136862
59.167886186097334
246.0060689754461
3.0425822651862364
-3.6038353043953406
0.8271097419923774
-2.1268536222661014
-2.8653444633307212
2.304091424121617
-2.8653444633307212
0.08861890092775772
-1.3883627812014816
-2.1268536222661014
-0.649871940136862
2.304091424121617
0.08861890092775772
0.08861890092775772
-2.1268536222661014
-2.8653444633307212
3.0425822651862364
-1.3883627812014816
-3.6038353043953406
-0.649871940136862
-1.3883627812014816
20.76636245073711
0.08861890092775772
-3.6038353043953406
-0.649871940136862
-5.08081698652458
-3.6038353043953406
1.5656005830569972
64.33732207354967
0.8271097419923774
-0.649871940136862
-2.8653444633307212
-4.34232614545996
-2.8653444633307212
41.44410600054646
1.5656005830569972
-0.649871940136862
-2.8653444633307212
3.0425822651862364
36.274670113094125
0.08861890092775772
-5.8193078275892
2.304091424121617
-2.1268536222661014
-0.649871940136862
3.0425822651862364
352.34875008875133
23.72032581499559
-1.3883627812014816
-9.511762032912298
39.2286334773526
-0.649871940136862
2.304091424121617
-0.649871940136862
-0.649871940136862
-5.8193078275892
-1.3883627812014816
-1.3883627812014816
-0.649871940136862
-0.649871940136862
-2.1268536222661014
-2.1268536222661014
1.5656005830569972
-1.3883627812014816
0.08861890092775772
-2.1268536222661014
367.85705775110836
0.08861890092775772
-2.8653444633307212
2.304091424121617
-1.3883627812014816
0.08861890092775772
2.304091424121617
0.08861890092775772
-3.6038353043953406
-2.8653444633307212
-6.557798668653819
-1.3883627812014816
-2.8653444633307212
-2.1268536222661014
-19.112142966752355
0.08861890092775772
-3.6038353043953406
-0.649871940136862
-0.649871940136862
-0.649871940136862
-12.465725397170777
138.92489702107628
-2.8653444633307212
-0.649871940136862
-2.8653444633307212
38.490142636287985
-0.649871940136862
-1.3883627812014816
-8.773271191847678
-2.8653444633307212
1.5656005830569972
0.08861890092775772
-4.34232614545996
-1.3883627812014816
-6.557798668653819
0.08861890092775772
-22.804597172075454
1.5656005830569972
-4.34232614545996
-4.34232614545996
-2.8653444633307212
-2.8653444633307212
-1.3883627812014816
-3.6038353043953406
-0.649871940136862
1.5656005830569972
-0.649871940136862
2.304091424121617
1.5656005830569972
-2.1268536222661014
-1.3883627812014816
49.56750525225728
4.519563947315476
-8.773271191847678
-2.8653444633307212
-2.1268536222661014
-1.3883627812014816
0.08861890092775772
0.08861890092775772
255.60644990928617
-0.649871940136862
0.8271097419923774
-1.3883627812014816
-3.6038353043953406
0.8271097419923774
1.5656005830569972
-5.8193078275892
-11.727234556106158
-0.649871940136862
-5.8193078275892
-5.08081698652458
0.08861890092775772
-1.3883627812014816
-2.1268536222661014
-2.1268536222661014
-2.8653444633307212
-0.649871940136862
-2.1268536222661014
0.8271097419923774
-6.557798668653819
-2.8653444633307212
1.5656005830569972
-2.1268536222661014
-0.649871940136862
-0.649871940136862
52.521468616515754
-4.34232614545996
-1.3883627812014816
0.8271097419923774
0.08861890092775772
-0.649871940136862
3.7810731062508562
1.5656005830569972
-2.8653444633307212
-2.8653444633307212
0.08861890092775772
-2.1268536222661014
-2.1268536222661014
-3.6038353043953406
-1.3883627812014816
292.53099196251713
2.304091424121617
-3.6038353043953406
-0.649871940136862
0.08861890092775772
-2.8653444633307212
0.08861890092775772
255.60644990928617
-2.8653444633307212
2.304091424121617
-1.3883627812014816
119.72413515339615
-0.649871940136862
-2.1268536222661014
-2.8653444633307212
-1.3883627812014816
-0.649871940136862
0.8271097419923774
0.08861890092775772
0.8271097419923774
0.08861890092775772
37.01316095415874
-2.8653444633307212
-3.6038353043953406
-2.1268536222661014
2.304091424121617
-2.1268536222661014
0.08861890092775772
-2.1268536222661014
185.4498200081473
17.07390824541401
-2.8653444633307212
-0.649871940136862
-0.649871940136862
-7.29628950971844
25.19730749712483
-14.681197920364637
-7.29628950971844
-7.29628950971844
-2.8653444633307212
-0.649871940136862
0.08861890092775772
-6.557798668653819
0.08861890092775772
-1.3883627812014816
-2.8653444633307212
-2.8653444633307212
-5.8193078275892
-5.8193078275892
-2.1268536222661014
-1.3883627812014816
2.304091424121617
-2.1268536222661014
2.304091424121617
-4.34232614545996
-2.8653444633307212
0.08861890092775772
-1.3883627812014816
-2.1268536222661014
1.5656005830569972
-2.8653444633307212
-2.1268536222661014
-3.6038353043953406
-2.8653444633307212
-2.8653444633307212
299.17740953209875
2.304091424121617
0.08861890092775772
-2.1268536222661014
-0.649871940136862
-1.3883627812014816
279.97664766441864
1.5656005830569972
-4.34232614545996
20.02787160967249
-2.1268536222661014
-2.1268536222661014
-2.1268536222661014
-1.3883627812014816
-2.1268536222661014
-2.8653444633307212
-3.6038353043953406
-3.6038353043953406
-0.649871940136862
-2.8653444633307212
-5.08081698652458
-8.034780350783059
-0.649871940136862
-0.649871940136862
39.2286334773526
-5.08081698652458
-3.6038353043953406
-2.1268536222661014
329.4555340157481
-2.1268536222661014
0.08861890092775772
-0.649871940136862
-0.649871940136862
7.473527311573955
-4.34232614545996
0.08861890092775772
-0.649871940136862
60.64486786822658
-2.1268536222661014
1.5656005830569972
-11.727234556106158
-0.649871940136862
-0.649871940136862
1.5656005830569972
-2.8653444633307212
-5.08081698652458
1.5656005830569972
-1.3883627812014816
-2.1268536222661014
-2.8653444633307212
-10.250252873976919
0.8271097419923774
-3.6038353043953406
-0.649871940136862
-0.649871940136862
-2.8653444633307212
-5.08081698652458
-0.649871940136862
-0.649871940136862
-2.1268536222661014
-0.649871940136862
-1.3883627812014816
37.01316095415874
-10.250252873976919
21.50485329180173
-1.3883627812014816
218.6819078560552
-6.557798668653819
-0.649871940136862
0.08861890092775772
74.67619384845435
-8.773271191847678
-2.1268536222661014
-0.649871940136862
4.519563947315476
5.258054788380096
-12.465725397170777
-0.649871940136862
-1.3883627812014816
0.08861890092775772
-2.8653444633307212
-2.8653444633307212
58.42939534503272
1.5656005830569972
-2.1268536222661014
-9.511762032912298
240.8366330879938
0.08861890092775772
0.08861890092775772
0.08861890092775772
-2.1268536222661014
3.0425822651862364
-2.8653444633307212
-2.8653444633307212
-0.649871940136862
-0.649871940136862
257.08343159141543
0.08861890092775772
0.08861890092775772
-2.1268536222661014
-3.6038353043953406
-8.773271191847678
-2.8653444633307212
50.305996093321895
-1.3883627812014816
0.8271097419923774
0.8271097419923774
-2.1268536222661014
-0.649871940136862
1.5656005830569972
37.75165179522336
-3.6038353043953406
-0.649871940136862
2.304091424121617
74.67619384845435
0.8271097419923774
0.08861890092775772
-4.34232614545996
70.98373964313124
3.0425822651862364
-2.8653444633307212
-0.649871940136862
2.304091424121617
0.08861890092775772
3.0425822651862364
-8.773271191847678
-1.3883627812014816
1.5656005830569972
153.69471384236866
-10.988743715041538
-5.08081698652458
-0.649871940136862
295.48495532677566
-4.34232614545996
-2.8653444633307212
0.8271097419923774
-2.1268536222661014
2.304091424121617
-9.511762032912298
-10.988743715041538
-0.649871940136862
-2.1268536222661014
-1.3883627812014816
0.08861890092775772
0.08861890092775772
0.08861890092775772
-1.3883627812014816
-17.635161284623116
-2.8653444633307212
3.0425822651862364
-0.649871940136862
-8.034780350783059
0.08861890092775772
-5.8193078275892
-0.649871940136862
-2.8653444633307212
48.82901441119266
-7.29628950971844
-2.1268536222661014
-2.1268536222661014
281.45362934654787
299.17740953209875
0.08861890092775772
-2.8653444633307212
0.08861890092775772
-3.6038353043953406
1.5656005830569972
-2.8653444633307212
43.65957852374032
-0.649871940136862
-2.8653444633307212
-1.3883627812014816
-0.649871940136862
-8.034780350783059
-2.1268536222661014
-2.8653444633307212
-3.6038353043953406
-2.1268536222661014
-0.649871940136862
-7.29628950971844
0.08861890092775772
-3.6038353043953406
-1.3883627812014816
-6.557798668653819
2.304091424121617
-11.727234556106158
-6.557798668653819
-2.1268536222661014
-5.8193078275892
-0.649871940136862
-8.034780350783059
2.304091424121617
1.5656005830569972
-2.8653444633307212
-2.8653444633307212
-2.1268536222661014
-2.8653444633307212
44.39806936480494
-1.3883627812014816
73.93770300738973
0.08861890092775772
0.08861890092775772
268.8992850484493
2.304091424121617
140.4018787032055
-0.649871940136862
1.5656005830569972
-2.8653444633307212
-3.6038353043953406
4.519563947315476
156.64867720662713
2.304091424121617
0.08861890092775772
2.304091424121617
3.0425822651862364
2.304091424121617
1.5656005830569972
1.5656005830569972
-2.8653444633307212
-2.8653444633307212
-2.8653444633307212
-1.3883627812014816
3.0425822651862364
62.860340391420436
-0.649871940136862
3.0425822651862364
-2.8653444633307212
1.5656005830569972
-3.6038353043953406
3.0425822651862364
2.304091424121617
2.304091424121617
-3.6038353043953406
-0.649871940136862
-0.649871940136862
215.7279444917967
-2.1268536222661014
-3.6038353043953406
-0.649871940136862
-4.34232614545996
-2.8653444633307212
-8.773271191847678
-4.34232614545996
2.304091424121617
220.89738037924906
2.304091424121617
49.56750525225728
-1.3883627812014816
-3.6038353043953406
1.5656005830569972
1.5656005830569972
