5.149381275613572
-3.884620962304971
2.8908807161339363
-5.013871242044789
-6.1431215217846065
-1.626120402825335
136.14241372543245
-2.755370682565153
-5.013871242044789
2.8908807161339363
-0.49687012308551726
-10.660122640743879
-5.013871242044789
-0.49687012308551726
-6.1431215217846065
-6.1431215217846065
2.8908807161339363
57.09489414364519
-2.755370682565153
0.6323801566543006
-5.013871242044789
-0.49687012308551726
-14.047873479963332
4.020130995873754
-6.1431215217846065
-8.401622081264243
4.020130995873754
-2.755370682565153
-5.013871242044789
-7.272371801524424
4.020130995873754
-3.884620962304971
2.8908807161339363
-3.884620962304971
4.020130995873754
-5.013871242044789
-2.755370682565153
-5.013871242044789
6.27863155535339
-2.755370682565153
5.149381275613572
-3.884620962304971
0.6323801566543006
-0.49687012308551726
-24.211125997621693
6.27863155535339
1.7616304363941184
-5.013871242044789
-17.435624319182786
-8.401622081264243
57.09489414364519
2.8908807161339363
-0.49687012308551726
180.18317463528533
53.70714330442574
58.22414442338501
-9.53087236100406
1.7616304363941184
1.7616304363941184
103.39415561297773
1.7616304363941184
-15.17712375970315
-0.49687012308551726
-8.401622081264243
-0.49687012308551726
-0.49687012308551726
2.8908807161339363
-6.1431215217846065
60.48264498286465
-3.884620962304971
54.836393584165556
60.48264498286465
-12.918623200223514
52.57789302468592
60.48264498286465
0.6323801566543006
-15.17712375970315
-3.884620962304971
69.51664722078318
-2.755370682565153
-0.49687012308551726
-0.49687012308551726
-7.272371801524424
-3.884620962304971
54.836393584165556
1.7616304363941184
5.149381275613572
0.6323801566543006
0.6323801566543006
-6.1431215217846065
5.149381275613572
-33.245128235540236
0.6323801566543006
-5.013871242044789
5.149381275613572
-10.660122640743879
7.407881835093208
62.741145542344285
1.7616304363941184
64.99964610182391
-0.49687012308551726
1.7616304363941184
-1.626120402825335
-6.1431215217846065
90.97240253583973
-2.755370682565153
61.61189526260446
5.149381275613572
-12.918623200223514
2.8908807161339363
2.8908807161339363
-17.435624319182786
57.09489414364519
69.51664722078318
-0.49687012308551726
-8.401622081264243
-9.53087236100406
66.12889638156373
-3.884620962304971
-0.49687012308551726
0.6323801566543006
-1.626120402825335
4.020130995873754
60.48264498286465
-3.884620962304971
58.22414442338501
0.6323801566543006
-5.013871242044789
-19.69412487866242
60.48264498286465
1.7616304363941184
480.5637490460769
-10.660122640743879
-8.401622081264243
-1.626120402825335
-0.49687012308551726
2.8908807161339363
64.99964610182391
-1.626120402825335
5.149381275613572
-1.626120402825335
-7.272371801524424
-5.013871242044789
50.319392465206285
1.7616304363941184
-0.49687012308551726
-8.401622081264243
-3.884620962304971
-3.884620962304971
-0.49687012308551726
-6.1431215217846065
-12.918623200223514
461.3664942905
-1.626120402825335
-0.49687012308551726
-3.884620962304971
57.09489414364519
75.16289861948228
0.6323801566543006
-1.626120402825335
64.99964610182391
0.6323801566543006
61.61189526260446
1.7616304363941184
4.020130995873754
-15.17712375970315
-3.884620962304971
9.666382394572842
95.489403654799
-5.013871242044789
-1.626120402825335
64.99964610182391
-2.755370682565153
55.96564386390538
-1.626120402825335
-6.1431215217846065
-7.272371801524424
103.39415561297773
-1.626120402825335
0.6323801566543006
63.8703958220841
310.0469568053644
-6.1431215217846065
2.8908807161339363
70.645897500523
-0.49687012308551726
275.04019813343
325.8564607217218
-23.081875717881875
-1.626120402825335
64.99964610182391
-6.1431215217846065
-2.755370682565153
-0.49687012308551726
-8.401622081264243
32.2513879893692
-3.884620962304971
0.6323801566543006
1.7616304363941184
195.9926785516428
-6.1431215217846065
58.22414442338501
-2.755370682565153
-1.626120402825335
62.741145542344285
-11.789372920483697
-1.626120402825335
-1.626120402825335
-1.626120402825335
1.7616304363941184
-7.272371801524424
2.8908807161339363
-1.626120402825335
-6.1431215217846065
-0.49687012308551726
0.6323801566543006
1.7616304363941184
495.24400268269454
-3.884620962304971
-0.49687012308551726
37.89763938806829
-2.755370682565153
-0.49687012308551726
60.48264498286465
1.7616304363941184
-3.884620962304971
-3.884620962304971
-1.626120402825335
-3.884620962304971
15.312633793271932
28.863637150149746
364.25097023287566
-9.53087236100406
0.6323801566543006
0.6323801566543006
-0.49687012308551726
147.43491652283063
60.48264498286465
-1.626120402825335
60.48264498286465
-3.884620962304971
6.27863155535339
140.6594148443917
-3.884620962304971
69.51664722078318
52.57789302468592
-1.626120402825335
-8.401622081264243
66.12889638156373
0.6323801566543006
-11.789372920483697
-0.49687012308551726
55.96564386390538
-11.789372920483697
64.99964610182391
-0.49687012308551726
64.99964610182391
-1.626120402825335
63.8703958220841
-15.17712375970315
-9.53087236100406
2.8908807161339363
90.97240253583973
-1.626120402825335
-11.789372920483697
-3.884620962304971
-6.1431215217846065
-0.49687012308551726
-3.884620962304971
-5.013871242044789
-14.047873479963332
-0.49687012308551726
66.12889638156373
-0.49687012308551726
0.6323801566543006
2.8908807161339363
-1.626120402825335
-1.626120402825335
185.82942603398442
51.448642744946106
-2.755370682565153
1.7616304363941184
66.12889638156373
-12.918623200223514
0.6323801566543006
-1.626120402825335
-2.755370682565153
55.96564386390538
1.7616304363941184
-16.306374039442968
-3.884620962304971
57.09489414364519
27.734386870409928
-6.1431215217846065
2.8908807161339363
-3.884620962304971
-3.884620962304971
-1.626120402825335
-2.755370682565153
7.407881835093208
57.09489414364519
-2.755370682565153
-6.1431215217846065
2.8908807161339363
129.36691204699355
-11.789372920483697
-1.626120402825335
-7.272371801524424
5.149381275613572
-23.081875717881875
0.6323801566543006
7.407881835093208
1.7616304363941184
1.7616304363941184
0.6323801566543006
31.12213770962938
2.8908807161339363
6.27863155535339
34.509888548848835
60.48264498286465
-10.660122640743879
0.6323801566543006
170.01992211762698
-1.626120402825335
-1.626120402825335
55.96564386390538
-2.755370682565153
-3.884620962304971
-6.1431215217846065
-6.1431215217846065
-2.755370682565153
-11.789372920483697
-1.626120402825335
29.992887429889564
-23.081875717881875
-1.626120402825335
194.86342827190296
-6.1431215217846065
-17.435624319182786
49.19014218546647
63.8703958220841
62.741145542344285
295.36670316874677
1.7616304363941184
-8.401622081264243
-1.626120402825335
60.48264498286465
-12.918623200223514
232.12868750331697
-7.272371801524424
37.89763938806829
170.01992211762698
5.149381275613572
-1.626120402825335
-3.884620962304971
-1.626120402825335
-5.013871242044789
-6.1431215217846065
-3.884620962304971
129.36691204699355
9.666382394572842
-2.755370682565153
63.8703958220841
0.6323801566543006
-6.1431215217846065
0.6323801566543006
6.27863155535339
-7.272371801524424
-1.626120402825335
-3.884620962304971
-1.626120402825335
-1.626120402825335
-8.401622081264243
68.38739694104338
-29.857377396320782
-6.1431215217846065
2.8908807161339363
-2.755370682565153
-3.884620962304971
2.8908807161339363
-0.49687012308551726
2.8908807161339363
58.22414442338501
2.8908807161339363
-2.755370682565153
-1.626120402825335
-1.626120402825335
-0.49687012308551726
-8.401622081264243
328.1149612812015
51.448642744946106
-3.884620962304971
-7.272371801524424
0.6323801566543006
-0.49687012308551726
-9.53087236100406
-6.1431215217846065
57.09489414364519
-0.49687012308551726
551.7065166696854
26.60513659067011
-2.755370682565153
6.27863155535339
-6.1431215217846065
0.6323801566543006
-2.755370682565153
0.6323801566543006
63.8703958220841
-1.626120402825335
-2.755370682565153
-7.272371801524424
0.6323801566543006
5.149381275613572
62.741145542344285
4.020130995873754
-44.537631032938414
50.319392465206285
2.8908807161339363
69.51664722078318
-5.013871242044789
-2.755370682565153
-16.306374039442968
2.8908807161339363
57.09489414364519
-2.755370682565153
2.8908807161339363
63.8703958220841
-27.598876836841146
-0.49687012308551726
-0.49687012308551726
63.8703958220841
1.7616304363941184
-3.884620962304971
5.149381275613572
63.8703958220841
0.6323801566543006
-20.82337515840224
-6.1431215217846065
-6.1431215217846065
64.99964610182391
67.25814666130356
-6.1431215217846065
-3.884620962304971
-0.49687012308551726
-6.1431215217846065
-5.013871242044789
-7.272371801524424
50.319392465206285
2.8908807161339363
1.7616304363941184
-11.789372920483697
-0.49687012308551726
64.99964610182391
4.020130995873754
-0.49687012308551726
0.6323801566543006
54.836393584165556
-7.272371801524424
-21.952625438142057
243.42119030071512
-2.755370682565153
4.020130995873754
-12.918623200223514
-2.755370682565153
2.8908807161339363
-1.626120402825335
-3.884620962304971
2.8908807161339363
-1.626120402825335
60.48264498286465
-5.013871242044789
-0.49687012308551726
-14.047873479963332
-3.884620962304971
-2.755370682565153
57.09489414364519
-0.49687012308551726
5.149381275613572
-2.755370682565153
7.407881835093208
-7.272371801524424
49.19014218546647
-2.755370682565153
1.7616304363941184
60.48264498286465
256.9721936575929
-9.53087236100406
-1.626120402825335
-2.755370682565153
71.77514778026283
75.16289861948228
0.6323801566543006
-0.49687012308551726
-5.013871242044789
-0.49687012308551726
-3.884620962304971
61.61189526260446
-3.884620962304971
-7.272371801524424
-2.755370682565153
61.61189526260446
-2.755370682565153
60.48264498286465
62.741145542344285
-3.884620962304971
66.12889638156373
-7.272371801524424
-1.626120402825335
0.6323801566543006
60.48264498286465
-9.53087236100406
-2.755370682565153
2.8908807161339363
4.020130995873754
61.61189526260446
2.8908807161339363
61.61189526260446
-6.1431215217846065
-2.755370682565153
1.7616304363941184
60.48264498286465
55.96564386390538
-8.401622081264243
-6.1431215217846065
-0.49687012308551726
-2.755370682565153
-3.884620962304971
64.99964610182391
4.020130995873754
-3.884620962304971
2.8908807161339363
364.25097023287566
2.8908807161339363
0.6323801566543006
55.96564386390538
-0.49687012308551726
-0.49687012308551726
6.27863155535339
-8.401622081264243
-14.047873479963332
42.41464050702756
0.6323801566543006
0.6323801566543006
127.1084114875139
68.38739694104338
-2.755370682565153
-2.755370682565153
127.1084114875139
1.7616304363941184
-10.660122640743879
158.7274193202288
-2.755370682565153
63.8703958220841
491.85625184347504
2.8908807161339363
-7.272371801524424
570.9037714252623
-6.1431215217846065
64.99964610182391
-1.626120402825335
-1.626120402825335
-3.884620962304971
377.80197358975346
31.12213770962938
1.7616304363941184
-17.435624319182786
-6.1431215217846065
110.16965729141663
64.99964610182391
2.8908807161339363
4.020130995873754
-2.755370682565153
4.020130995873754
-7.272371801524424
-1.626120402825335
0.6323801566543006
2.8908807161339363
102.2649053332379
-0.49687012308551726
64.99964610182391
-6.1431215217846065
59.35339470312483
-0.49687012308551726
-6.1431215217846065
0.6323801566543006
59.35339470312483
-0.49687012308551726
-3.884620962304971
64.99964610182391
-18.564874598922604
-1.626120402825335
2.8908807161339363
-1.626120402825335
0.6323801566543006
-3.884620962304971
-34.37437851528005
-1.626120402825335
-1.626120402825335
-5.013871242044789
-8.401622081264243
0.6323801566543006
-1.626120402825335
-5.013871242044789
-2.755370682565153
59.35339470312483
-3.884620962304971
64.99964610182391
-15.17712375970315
-8.401622081264243
-6.1431215217846065
-17.435624319182786
261.4891947765522
59.35339470312483
-6.1431215217846065
2.8908807161339363
-8.401622081264243
-6.1431215217846065
1.7616304363941184
352.9584674354775
55.96564386390538
-1.626120402825335
58.22414442338501
-2.755370682565153
200.50967967060205
29.992887429889564
78.55064945870173
-3.884620962304971
105.65265617245736
87.58465169662027
0.6323801566543006
-3.884620962304971
192.60492771242335
64.99964610182391
-7.272371801524424
62.741145542344285
5.149381275613572
0.6323801566543006
-14.047873479963332
-2.755370682565153
2.8908807161339363
-8.401622081264243
173.40767295684643
-2.755370682565153
2.8908807161339363
-19.69412487866242
59.35339470312483
-6.1431215217846065
-3.884620962304971
-2.755370682565153
136.14241372543245
69.51664722078318
-3.884620962304971
2.8908807161339363
2.8908807161339363
-1.626120402825335
22.08813547171084
-0.49687012308551726
-2.755370682565153
1.7616304363941184
-11.789372920483697
64.99964610182391
-0.49687012308551726
0.6323801566543006
-24.211125997621693
55.96564386390538
52.57789302468592
-9.53087236100406
0.6323801566543006
4.020130995873754
61.61189526260446
60.48264498286465
-2.755370682565153
-5.013871242044789
-1.626120402825335
-10.660122640743879
-10.660122640743879
5.149381275613572
60.48264498286465
-5.013871242044789
-8.401622081264243
-3.884620962304971
-2.755370682565153
-2.755370682565153
-5.013871242044789
180.18317463528533
-2.755370682565153
-14.047873479963332
1.7616304363941184
-5.013871242044789
-6.1431215217846065
34.509888548848835
-1.626120402825335
-1.626120402825335
-0.49687012308551726
0.6323801566543006
61.61189526260446
-1.626120402825335
-6.1431215217846065
35.639138828588656
-3.884620962304971
-0.49687012308551726
-6.1431215217846065
-2.755370682565153
60.48264498286465
75.16289861948228
75.16289861948228
-5.013871242044789
-7.272371801524424
1.7616304363941184
-3.884620962304971
2.8908807161339363
-8.401622081264243
-1.626120402825335
-2.755370682565153
-3.884620962304971
-9.53087236100406
202.7681802300817
-1.626120402825335
60.48264498286465
0.6323801566543006
61.61189526260446
-5.013871242044789
78.55064945870173
-2.755370682565153
-10.660122640743879
-3.884620962304971
1.7616304363941184
-0.49687012308551726
-3.884620962304971
-0.49687012308551726
-5.013871242044789
1.7616304363941184
55.96564386390538
-1.626120402825335
0.6323801566543006
-5.013871242044789
95.489403654799
0.6323801566543006
64.99964610182391
-3.884620962304971
-1.626120402825335
-0.49687012308551726
-0.49687012308551726
0.6323801566543006
66.12889638156373
-6.1431215217846065
61.61189526260446
592.3595267403188
-9.53087236100406
1.7616304363941184
75.16289861948228
2.8908807161339363
1.7616304363941184
29.992887429889564
-19.69412487866242
-10.660122640743879
-10.660122640743879
-5.013871242044789
-6.1431215217846065
64.99964610182391
-15.17712375970315
66.12889638156373
2.8908807161339363
93.23090309531936
61.61189526260446
-2.755370682565153
6.27863155535339
-3.884620962304971
401.5162294642896
0.6323801566543006
-10.660122640743879
-11.789372920483697
63.8703958220841
-8.401622081264243
1.7616304363941184
1.7616304363941184
61.61189526260446
-5.013871242044789
-2.755370682565153
52.57789302468592
60.48264498286465
-0.49687012308551726
-2.755370682565153
0.6323801566543006
61.61189526260446
2.8908807161339363
159.85666959996863
-1.626120402825335
-12.918623200223514
-7.272371801524424
-2.755370682565153
-0.49687012308551726
-0.49687012308551726
201.6389299503419
-0.49687012308551726
-5.013871242044789
110.16965729141663
2.8908807161339363
46.931641625986835
1.7616304363941184
0.6323801566543006
-8.401622081264243
-0.49687012308551726
2.8908807161339363
-2.755370682565153
-0.49687012308551726
-0.49687012308551726
52.57789302468592
-2.755370682565153
67.25814666130356
494.1147524029547
-3.884620962304971
-6.1431215217846065
-8.401622081264243
-6.1431215217846065
-0.49687012308551726
1.7616304363941184
332.6319624001608
66.12889638156373
-3.884620962304971
-3.884620962304971
-3.884620962304971
521.2167591167104
-3.884620962304971
93.23090309531936
-6.1431215217846065
63.8703958220841
1.7616304363941184
1.7616304363941184
64.99964610182391
64.99964610182391
-15.17712375970315
-2.755370682565153
184.7001757542446
-3.884620962304971
58.22414442338501
2.8908807161339363
0.6323801566543006
508.79500603957234
-2.755370682565153
62.741145542344285
-2.755370682565153
-34.37437851528005
-1.626120402825335
57.09489414364519
-1.626120402825335
57.09489414364519
6.27863155535339
259.2306942170726
78.55064945870173
-2.755370682565153
75.16289861948228
-1.626120402825335
-3.884620962304971
90.97240253583973
0.6323801566543006
1.7616304363941184
-5.013871242044789
-0.49687012308551726
-3.884620962304971
4.020130995873754
1.7616304363941184
0.6323801566543006
-3.884620962304971
-5.013871242044789
-7.272371801524424
-6.1431215217846065
-3.884620962304971
1.7616304363941184
54.836393584165556
-1.626120402825335
-1.626120402825335
416.19648310090724
49.19014218546647
0.6323801566543006
-3.884620962304971
1.7616304363941184
-6.1431215217846065
60.48264498286465
-6.1431215217846065
-2.755370682565153
-5.013871242044789
2.8908807161339363
311.1762070851042
37.89763938806829
59.35339470312483
-3.884620962304971
-8.401622081264243
-6.1431215217846065
-6.1431215217846065
72.90439806000265
-1.626120402825335
386.83597582767203
-10.660122640743879
-14.047873479963332
-3.884620962304971
-11.789372920483697
6.27863155535339
-5.013871242044789
60.48264498286465
598.0057781390178
62.741145542344285
60.48264498286465
4.020130995873754
-1.626120402825335
1.7616304363941184
-1.626120402825335
0.6323801566543006
64.99964610182391
0.6323801566543006
-12.918623200223514
64.99964610182391
62.741145542344285
63.8703958220841
-10.660122640743879
-0.49687012308551726
-15.17712375970315
63.8703958220841
-2.755370682565153
60.48264498286465
-1.626120402825335
-2.755370682565153
4.020130995873754
63.8703958220841
-3.884620962304971
52.57789302468592
1.7616304363941184
68.38739694104338
-7.272371801524424
59.35339470312483
-5.013871242044789
-8.401622081264243
-8.401622081264243
61.61189526260446
2.8908807161339363
-2.755370682565153
-5.013871242044789
-2.755370682565153
61.61189526260446
-7.272371801524424
-21.952625438142057
-2.755370682565153
0.6323801566543006
58.22414442338501
-2.755370682565153
62.741145542344285
1.7616304363941184
-0.49687012308551726
-6.1431215217846065
-8.401622081264243
61.61189526260446
-1.626120402825335
-6.1431215217846065
9.666382394572842
-6.1431215217846065
-5.013871242044789
60.48264498286465
-8.401622081264243
60.48264498286465
-1.626120402825335
62.741145542344285
0.6323801566543006
-2.755370682565153
2.8908807161339363
-14.047873479963332
51.448642744946106
67.25814666130356
87.58465169662027
-11.789372920483697
-8.401622081264243
1.7616304363941184
-0.49687012308551726
-2.755370682565153
44.6731410665072
-1.626120402825335
-3.884620962304971
-3.884620962304971
-9.53087236100406
-6.1431215217846065
-10.660122640743879
-8.401622081264243
1.7616304363941184
-8.401622081264243
2.8908807161339363
-5.013871242044789
0.6323801566543006
0.6323801566543006
-5.013871242044789
-2.755370682565153
-0.49687012308551726
107.911156731937
-15.17712375970315
-3.884620962304971
-0.49687012308551726
58.22414442338501
6.27863155535339
1.7616304363941184
-2.755370682565153
-6.1431215217846065
-3.884620962304971
-3.884620962304971
-5.013871242044789
60.48264498286465
60.48264498286465
6.27863155535339
6.27863155535339
60.48264498286465
-2.755370682565153
2.8908807161339363
-3.884620962304971
4.020130995873754
2.8908807161339363
2.8908807161339363
-0.49687012308551726
57.09489414364519
1.7616304363941184
2.8908807161339363
-10.660122640743879
34.509888548848835
-0.49687012308551726
-15.17712375970315
54.836393584165556
2.8908807161339363
2.8908807161339363
0.6323801566543006
-11.789372920483697
2.8908807161339363
61.61189526260446
-52.442382991117135
46.931641625986835
-3.884620962304971
-7.272371801524424
1.7616304363941184
60.48264498286465
-17.435624319182786
-1.626120402825335
-2.755370682565153
-0.49687012308551726
1.7616304363941184
2.8908807161339363
68.38739694104338
-3.884620962304971
-3.884620962304971
58.22414442338501
-6.1431215217846065
-3.884620962304971
-5.013871242044789
538.1555133128076
-3.884620962304971
64.99964610182391
37.89763938806829
-2.755370682565153
0.6323801566543006
245.67969086019477
-2.755370682565153
-14.047873479963332
-3.884620962304971
59.35339470312483
1.7616304363941184
-0.49687012308551726
-0.49687012308551726
55.96564386390538
4.020130995873754
-6.1431215217846065
4.020130995873754
57.09489414364519
-0.49687012308551726
5.149381275613572
0.6323801566543006
-0.49687012308551726
6.27863155535339
-5.013871242044789
2.8908807161339363
-5.013871242044789
-3.884620962304971
0.6323801566543006
-5.013871242044789
1.7616304363941184
1.7616304363941184
63.8703958220841
-1.626120402825335
58.22414442338501
-2.755370682565153
-6.1431215217846065
66.12889638156373
57.09489414364519
66.12889638156373
-1.626120402825335
59.35339470312483
-6.1431215217846065
-2.755370682565153
0.6323801566543006
-3.884620962304971
-2.755370682565153
-3.884620962304971
-5.013871242044789
63.8703958220841
-1.626120402825335
0.6323801566543006
58.22414442338501
-2.755370682565153
-3.884620962304971
398.12847862507016
-6.1431215217846065
1.7616304363941184
74.03364833974246
-2.755370682565153
-15.17712375970315
64.99964610182391
-1.626120402825335
4.020130995873754
60.48264498286465
58.22414442338501
66.12889638156373
-1.626120402825335
66.12889638156373
-7.272371801524424
-6.1431215217846065
-8.401622081264243
-3.884620962304971
-7.272371801524424
57.09489414364519
-3.884620962304971
-0.49687012308551726
-9.53087236100406
64.99964610182391
-7.272371801524424
191.4756774326835
1.7616304363941184
64.99964610182391
-1.626120402825335
-2.755370682565153
60.48264498286465
-5.013871242044789
-8.401622081264243
-5.013871242044789
64.99964610182391
-3.884620962304971
62.741145542344285
63.8703958220841
1.7616304363941184
-0.49687012308551726
205.02668078956134
-0.49687012308551726
63.8703958220841
33.38063826910902
-6.1431215217846065
54.836393584165556
-1.626120402825335
-1.626120402825335
63.8703958220841
-0.49687012308551726
1.7616304363941184
-1.626120402825335
68.38739694104338
2.8908807161339363
1.7616304363941184
55.96564386390538
129.36691204699355
61.61189526260446
-3.884620962304971
62.741145542344285
53.70714330442574
-10.660122640743879
-6.1431215217846065
0.6323801566543006
-0.49687012308551726
2.8908807161339363
-5.013871242044789
0.6323801566543006
60.48264498286465
1.7616304363941184
-10.660122640743879
-6.1431215217846065
-2.755370682565153
1.7616304363941184
55.96564386390538
68.38739694104338
-2.755370682565153
-1.626120402825335
-3.884620962304971
-7.272371801524424
60.48264498286465
-1.626120402825335
-2.755370682565153
60.48264498286465
-1.626120402825335
54.836393584165556
-8.401622081264243
1.7616304363941184
1.7616304363941184
-2.755370682565153
2.8908807161339363
63.8703958220841
2.8908807161339363
58.22414442338501
34.509888548848835
-2.755370682565153
78.55064945870173
-8.401622081264243
-1.626120402825335
-3.884620962304971
59.35339470312483
-1.626120402825335
-7.272371801524424
-2.755370682565153
1.7616304363941184
-1.626120402825335
60.48264498286465
1.7616304363941184
-2.755370682565153
-3.884620962304971
-7.272371801524424
-1.626120402825335
62.741145542344285
-7.272371801524424
66.12889638156373
-2.755370682565153
69.51664722078318
60.48264498286465
-1.626120402825335
-2.755370682565153
6.27863155535339
346.1829657570386
419.5842339401267
-8.401622081264243
69.51664722078318
33.38063826910902
96.61865393453881
-5.013871242044789
52.57789302468592
-3.884620962304971
2.8908807161339363
2.8908807161339363
5.149381275613572
60.48264498286465
-2.755370682565153
140.6594148443917
-2.755370682565153
-6.1431215217846065
-0.49687012308551726
4.020130995873754
4.020130995873754
61.61189526260446
5.149381275613572
5.149381275613572
2.8908807161339363
-10.660122640743879
57.09489414364519
0.6323801566543006
-5.013871242044789
2.8908807161339363
-42.27913047345878
0.6323801566543006
-0.49687012308551726
-7.272371801524424
-0.49687012308551726
61.61189526260446
81.93840029792119
48.06089190572665
1.7616304363941184
-10.660122640743879
-3.884620962304971
75.16289861948228
63.8703958220841
-5.013871242044789
288.59120149030787
-8.401622081264243
-1.626120402825335
-2.755370682565153
60.48264498286465
0.6323801566543006
-25.34037627736151
2.8908807161339363
2.8908807161339363
0.6323801566543006
0.6323801566543006
-2.755370682565153
-0.49687012308551726
1.7616304363941184
57.09489414364519
-2.755370682565153
-9.53087236100406
51.448642744946106
0.6323801566543006
-3.884620962304971
-29.857377396320782
66.12889638156373
-7.272371801524424
-1.626120402825335
96.61865393453881
64.99964610182391
-19.69412487866242
-6.1431215217846065
0.6323801566543006
0.6323801566543006
-2.755370682565153
2.8908807161339363
61.61189526260446
-2.755370682565153
-10.660122640743879
-0.49687012308551726
1.7616304363941184
-1.626120402825335
-10.660122640743879
-2.755370682565153
-3.884620962304971
63.8703958220841
-29.857377396320782
2.8908807161339363
-7.272371801524424
58.22414442338501
-3.884620962304971
-6.1431215217846065
-0.49687012308551726
-3.884620962304971
-5.013871242044789
-0.49687012308551726
-3.884620962304971
66.12889638156373
-2.755370682565153
-6.1431215217846065
57.09489414364519
-0.49687012308551726
61.61189526260446
547.1895155507261
58.22414442338501
2.8908807161339363
131.62541260647316
-2.755370682565153
57.09489414364519
-7.272371801524424
-0.49687012308551726
4.020130995873754
114.6866584103759
-5.013871242044789
2.8908807161339363
60.48264498286465
-8.401622081264243
-21.952625438142057
-1.626120402825335
59.35339470312483
-1.626120402825335
-0.49687012308551726
127.1084114875139
-1.626120402825335
71.77514778026283
-2.755370682565153
2.8908807161339363
-1.626120402825335
0.6323801566543006
-6.1431215217846065
-8.401622081264243
-2.755370682565153
-6.1431215217846065
-0.49687012308551726
1.7616304363941184
2.8908807161339363
-2.755370682565153
-5.013871242044789
-1.626120402825335
72.90439806000265
-2.755370682565153
78.55064945870173
-1.626120402825335
2.8908807161339363
-5.013871242044789
69.51664722078318
-1.626120402825335
0.6323801566543006
-9.53087236100406
-6.1431215217846065
-6.1431215217846065
0.6323801566543006
-3.884620962304971
-2.755370682565153
-0.49687012308551726
-6.1431215217846065
-1.626120402825335
95.489403654799
63.8703958220841
0.6323801566543006
61.61189526260446
-3.884620962304971
1.7616304363941184
419.5842339401267
58.22414442338501
-2.755370682565153
-2.755370682565153
93.23090309531936
-1.626120402825335
2.8908807161339363
-1.626120402825335
7.407881835093208
-2.755370682565153
-3.884620962304971
-3.884620962304971
4.020130995873754
-5.013871242044789
1.7616304363941184
346.1829657570386
-8.401622081264243
138.4009142849121
57.09489414364519
61.61189526260446
1.7616304363941184
-12.918623200223514
36.76838910832847
-27.598876836841146
391.35297694663126
-14.047873479963332
0.6323801566543006
-0.49687012308551726
-2.755370682565153
-3.884620962304971
341.6659646380793
58.22414442338501
-5.013871242044789
-6.1431215217846065
-10.660122640743879
-1.626120402825335
59.35339470312483
0.6323801566543006
-2.755370682565153
6.27863155535339
-2.755370682565153
-11.789372920483697
-0.49687012308551726
0.6323801566543006
-1.626120402825335
63.8703958220841
63.8703958220841
-0.49687012308551726
-3.884620962304971
2.8908807161339363
1.7616304363941184
59.35339470312483
-6.1431215217846065
138.4009142849121
-0.49687012308551726
-2.755370682565153
-1.626120402825335
-1.626120402825335
-10.660122640743879
-1.626120402825335
-0.49687012308551726
-0.49687012308551726
-5.013871242044789
-6.1431215217846065
0.6323801566543006
60.48264498286465
1.7616304363941184
-6.1431215217846065
-2.755370682565153
-11.789372920483697
2.8908807161339363
-3.884620962304971
4.020130995873754
542.6725144317669
-3.884620962304971
-0.49687012308551726
-1.626120402825335
-5.013871242044789
-6.1431215217846065
-1.626120402825335
-11.789372920483697
60.48264498286465
1.7616304363941184
67.25814666130356
-1.626120402825335
386.83597582767203
-5.013871242044789
-1.626120402825335
-3.884620962304971
-2.755370682565153
-1.626120402825335
-1.626120402825335
128.2376617672537
-0.49687012308551726
368.76797135183494
-1.626120402825335
-3.884620962304971
1.7616304363941184
2.8908807161339363
-8.401622081264243
55.96564386390538
57.09489414364519
-19.69412487866242
0.6323801566543006
1.7616304363941184
6.27863155535339
-0.49687012308551726
-0.49687012308551726
-3.884620962304971
-6.1431215217846065
68.38739694104338
58.22414442338501
68.38739694104338
131.62541260647316
1.7616304363941184
557.3527680683845
29.992887429889564
-1.626120402825335
-2.755370682565153
-7.272371801524424
60.48264498286465
-1.626120402825335
0.6323801566543006
-15.17712375970315
64.99964610182391
-2.755370682565153
4.020130995873754
62.741145542344285
-15.17712375970315
-2.755370682565153
0.6323801566543006
1.7616304363941184
-12.918623200223514
67.25814666130356
-3.884620962304971
-1.626120402825335
-2.755370682565153
-9.53087236100406
-11.789372920483697
-1.626120402825335
1.7616304363941184
-2.755370682565153
2.8908807161339363
1.7616304363941184
336.0197132393802
1.7616304363941184
-1.626120402825335
-7.272371801524424
-5.013871242044789
2.8908807161339363
-2.755370682565153
-3.884620962304971
2.8908807161339363
-12.918623200223514
-12.918623200223514
-5.013871242044789
-1.626120402825335
-3.884620962304971
60.48264498286465
62.741145542344285
4.020130995873754
-6.1431215217846065
0.6323801566543006
-8.401622081264243
-6.1431215217846065
63.8703958220841
-0.49687012308551726
67.25814666130356
-6.1431215217846065
-6.1431215217846065
0.6323801566543006
63.8703958220841
64.99964610182391
-3.884620962304971
-2.755370682565153
2.8908807161339363
-0.49687012308551726
-12.918623200223514
69.51664722078318
58.22414442338501
-3.884620962304971
-21.952625438142057
-3.884620962304971
94.36015337505918
-7.272371801524424
-6.1431215217846065
-6.1431215217846065
-1.626120402825335
63.8703958220841
2.8908807161339363
-15.17712375970315
-18.564874598922604
2.8908807161339363
0.6323801566543006
-2.755370682565153
84.19690085740082
66.12889638156373
0.6323801566543006
0.6323801566543006
636.4002876501717
58.22414442338501
1.7616304363941184
60.48264498286465
-8.401622081264243
60.48264498286465
-6.1431215217846065
-1.626120402825335
-10.660122640743879
-2.755370682565153
-3.884620962304971
-2.755370682565153
59.35339470312483
-11.789372920483697
-12.918623200223514
1.7616304363941184
0.6323801566543006
60.48264498286465
-11.789372920483697
60.48264498286465
215.1899333072197
-0.49687012308551726
88.71390197636009
-2.755370682565153
-3.884620962304971
88.71390197636009
-7.272371801524424
-0.49687012308551726
-6.1431215217846065
-2.755370682565153
-3.884620962304971
1.7616304363941184
-10.660122640743879
-6.1431215217846065
0.6323801566543006
-0.49687012308551726
-11.789372920483697
-2.755370682565153
-16.306374039442968
-8.401622081264243
-5.013871242044789
-8.401622081264243
1.7616304363941184
-7.272371801524424
0.6323801566543006
208.4144316287808
84.19690085740082
60.48264498286465
-6.1431215217846065
1.7616304363941184
-5.013871242044789
0.6323801566543006
-3.884620962304971
6.27863155535339
-2.755370682565153
-5.013871242044789
-1.626120402825335
-1.626120402825335
170.01992211762698
6.27863155535339
-6.1431215217846065
-2.755370682565153
6.27863155535339
-5.013871242044789
0.6323801566543006
0.6323801566543006
-2.755370682565153
0.6323801566543006
1.7616304363941184
-2.755370682565153
-2.755370682565153
60.48264498286465
0.6323801566543006
457.97874345128054
-6.1431215217846065
62.741145542344285
2.8908807161339363
0.6323801566543006
2.8908807161339363
-3.884620962304971
0.6323801566543006
-3.884620962304971
-3.884620962304971
1.7616304363941184
59.35339470312483
-2.755370682565153
1.7616304363941184
61.61189526260446
-7.272371801524424
-1.626120402825335
-2.755370682565153
-6.1431215217846065
-11.789372920483697
-2.755370682565153
-17.435624319182786
-0.49687012308551726
1.7616304363941184
-2.755370682565153
8.537132114833025
-2.755370682565153
61.61189526260446
-2.755370682565153
-0.49687012308551726
-2.755370682565153
