6.906174595290835
-2.5220501081778828
-2.5220501081778828
-11.9502748116466
-7.236162459912242
-2.5220501081778828
-2.5220501081778828
-7.236162459912242
224.93387086300496
-3.7005781961114725
-2.5220501081778828
-13.12880289958019
-10.771746723713012
-3.7005781961114725
255.5756011492783
-2.5220501081778828
2.1920622435564763
-7.236162459912242
-3.7005781961114725
1.0135341556228865
-10.771746723713012
63.475522816103144
458.2824322738557
2.1920622435564763
122.40192721278264
-4.879106284045062
41.083489145364936
-7.236162459912242
-7.236162459912242
-7.236162459912242
5.727646507357246
1.0135341556228865
-0.16499393231070322
-0.16499393231070322
-6.057634371978652
-0.16499393231070322
-4.879106284045062
-4.879106284045062
-2.5220501081778828
-2.5220501081778828
-0.16499393231070322
-0.16499393231070322
-3.7005781961114725
-3.7005781961114725
-21.37849951511532
98.83136545411084
6.906174595290835
-0.16499393231070322
-6.057634371978652
-10.771746723713012
-4.879106284045062
5.727646507357246
2.1920622435564763
-2.5220501081778828
2.1920622435564763
-0.16499393231070322
-11.9502748116466
6.906174595290835
138.90132044385288
44.61907340916571
4.549118419423656
-11.9502748116466
63.475522816103144
112.97370250931391
72.90374751957187
-1.343522020244293
-2.5220501081778828
-9.59321863577942
-0.16499393231070322
-11.9502748116466
2.1920622435564763
-13.12880289958019
-16.664387163380958
-0.16499393231070322
1.0135341556228865
-2.5220501081778828
-16.664387163380958
-4.879106284045062
2.1920622435564763
-0.16499393231070322
-0.16499393231070322
1.0135341556228865
-9.59321863577942
242.6117921820088
-2.5220501081778828
1.0135341556228865
-0.16499393231070322
72.90374751957187
-3.7005781961114725
-0.16499393231070322
6.906174595290835
-37.87789274618557
-0.16499393231070322
-4.879106284045062
1.0135341556228865
406.42719640477776
61.118466640235965
2.1920622435564763
-3.7005781961114725
4.549118419423656
-3.7005781961114725
2.1920622435564763
-6.057634371978652
1.0135341556228865
-8.414690547845831
-1.343522020244293
-9.59321863577942
6.906174595290835
-11.9502748116466
-2.5220501081778828
-2.5220501081778828
-17.84291525131455
-3.7005781961114725
36.36937679363058
1.0135341556228865
-3.7005781961114725
-15.48585907544737
2.1920622435564763
-4.879106284045062
3.370590331490066
-6.057634371978652
-3.7005781961114725
21.048511650493914
-1.343522020244293
-7.236162459912242
1.0135341556228865
303.8952527545555
-7.236162459912242
-28.44966804271686
-2.5220501081778828
8.084702683224425
-7.236162459912242
-0.16499393231070322
1.0135341556228865
-7.236162459912242
2.1920622435564763
114.15223059724751
-0.16499393231070322
-0.16499393231070322
4.549118419423656
114.15223059724751
-3.7005781961114725
-4.879106284045062
2.1920622435564763
-0.16499393231070322
-2.5220501081778828
-3.7005781961114725
-7.236162459912242
-4.879106284045062
-3.7005781961114725
-6.057634371978652
-9.59321863577942
-11.9502748116466
1.0135341556228865
-8.414690547845831
-8.414690547845831
-11.9502748116466
-1.343522020244293
-0.16499393231070322
-3.7005781961114725
-4.879106284045062
3.370590331490066
-7.236162459912242
1.0135341556228865
-1.343522020244293
-13.12880289958019
-4.879106284045062
26.94115209016186
-2.5220501081778828
-0.16499393231070322
-3.7005781961114725
-2.5220501081778828
120.04487103691545
3.370590331490066
-7.236162459912242
-10.771746723713012
-2.5220501081778828
-2.5220501081778828
-1.343522020244293
-7.236162459912242
1.0135341556228865
-7.236162459912242
-7.236162459912242
-3.7005781961114725
5.727646507357246
-0.16499393231070322
-10.771746723713012
-7.236162459912242
-21.37849951511532
-1.343522020244293
-0.16499393231070322
-2.5220501081778828
-0.16499393231070322
1.0135341556228865
-8.414690547845831
32.83379252982981
3.370590331490066
-2.5220501081778828
-2.5220501081778828
-11.9502748116466
-0.16499393231070322
-2.5220501081778828
262.64676967687984
4.549118419423656
-1.343522020244293
-11.9502748116466
-0.16499393231070322
74.08227560750545
-3.7005781961114725
1.0135341556228865
-10.771746723713012
-3.7005781961114725
-4.879106284045062
-7.236162459912242
1.0135341556228865
4.549118419423656
2.1920622435564763
25.76262400222827
-9.59321863577942
63.475522816103144
43.440545321232115
-14.30733098751378
-0.16499393231070322
-7.236162459912242
-8.414690547845831
-1.343522020244293
164.82893837839188
4.549118419423656
-0.16499393231070322
157.75776985079034
38.72643296949776
-14.30733098751378
406.42719640477776
1.0135341556228865
-6.057634371978652
2.1920622435564763
-4.879106284045062
-2.5220501081778828
-2.5220501081778828
-0.16499393231070322
-0.16499393231070322
-1.343522020244293
1.0135341556228865
-1.343522020244293
1.0135341556228865
-3.7005781961114725
-0.16499393231070322
-7.236162459912242
-6.057634371978652
-0.16499393231070322
-16.664387163380958
-2.5220501081778828
-4.879106284045062
-11.9502748116466
-7.236162459912242
6.906174595290835
1.0135341556228865
-3.7005781961114725
1.0135341556228865
501.8879715273986
-8.414690547845831
3.370590331490066
-4.879106284045062
-0.16499393231070322
-13.12880289958019
-4.879106284045062
-7.236162459912242
4.549118419423656
-3.7005781961114725
-8.414690547845831
-14.30733098751378
-2.5220501081778828
2.1920622435564763
-2.5220501081778828
4.549118419423656
-0.16499393231070322
-0.16499393231070322
-2.5220501081778828
-0.16499393231070322
-0.16499393231070322
-4.879106284045062
-0.16499393231070322
2.1920622435564763
-11.9502748116466
2.1920622435564763
-2.5220501081778828
-0.16499393231070322
2.1920622435564763
-2.5220501081778828
497.1738591756642
-0.16499393231070322
5.727646507357246
378.14252229437164
-13.12880289958019
-4.879106284045062
-7.236162459912242
-8.414690547845831
-6.057634371978652
5.727646507357246
2.1920622435564763
-2.5220501081778828
-1.343522020244293
376.96399420643803
-2.5220501081778828
1.0135341556228865
-4.879106284045062
1.0135341556228865
-4.879106284045062
5.727646507357246
-21.37849951511532
-0.16499393231070322
82.33197222304058
2.1920622435564763
2.1920622435564763
-4.879106284045062
30.476736353962632
173.078634993927
-1.343522020244293
34.0123206177634
4.549118419423656
-7.236162459912242
-7.236162459912242
-2.5220501081778828
1.0135341556228865
-2.5220501081778828
-2.5220501081778828
-2.5220501081778828
-8.414690547845831
-2.5220501081778828
-9.59321863577942
369.8928256788365
-7.236162459912242
-2.5220501081778828
35.19084870569699
-14.30733098751378
-9.59321863577942
-0.16499393231070322
-7.236162459912242
-14.30733098751378
2.1920622435564763
-1.343522020244293
4.549118419423656
-7.236162459912242
-0.16499393231070322
-3.7005781961114725
-3.7005781961114725
-7.236162459912242
514.851780494668
-1.343522020244293
-3.7005781961114725
45.7976014970993
373.42840994263724
-2.5220501081778828
-6.057634371978652
1.0135341556228865
-2.5220501081778828
-2.5220501081778828
4.549118419423656
1.0135341556228865
-2.5220501081778828
-2.5220501081778828
4.549118419423656
8.084702683224425
45.7976014970993
2.1920622435564763
-2.5220501081778828
117.68781486104827
-8.414690547845831
-0.16499393231070322
-4.879106284045062
-0.16499393231070322
-2.5220501081778828
-11.9502748116466
-2.5220501081778828
-31.985252306517626
-3.7005781961114725
-4.879106284045062
4.549118419423656
-7.236162459912242
-0.16499393231070322
1.0135341556228865
1.0135341556228865
-2.5220501081778828
-0.16499393231070322
-2.5220501081778828
64.65405090403674
-0.16499393231070322
-3.7005781961114725
-17.84291525131455
118.86634294898187
6.906174595290835
-9.59321863577942
-8.414690547845831
396.9989717013091
5.727646507357246
-8.414690547845831
-8.414690547845831
-8.414690547845831
-4.879106284045062
-14.30733098751378
35.19084870569699
-4.879106284045062
-0.16499393231070322
-4.879106284045062
1.0135341556228865
-8.414690547845831
-1.343522020244293
-3.7005781961114725
-14.30733098751378
1.0135341556228865
-8.414690547845831
6.906174595290835
-2.5220501081778828
-2.5220501081778828
4.549118419423656
-41.413477009986345
42.26201723329853
6.906174595290835
4.549118419423656
-3.7005781961114725
224.93387086300496
-22.55702760304891
-2.5220501081778828
-8.414690547845831
-8.414690547845831
4.549118419423656
2.1920622435564763
649.2039825190973
75.26080369543904
-0.16499393231070322
6.906174595290835
-7.236162459912242
-4.879106284045062
-2.5220501081778828
4.549118419423656
-2.5220501081778828
-27.27113995478327
-8.414690547845831
-2.5220501081778828
1.0135341556228865
4.549118419423656
-7.236162459912242
-2.5220501081778828
-3.7005781961114725
-1.343522020244293
-6.057634371978652
-10.771746723713012
-2.5220501081778828
-1.343522020244293
-3.7005781961114725
497.1738591756642
-4.879106284045062
1.0135341556228865
-0.16499393231070322
1.0135341556228865
4.549118419423656
-4.879106284045062
-1.343522020244293
-13.12880289958019
-9.59321863577942
1.0135341556228865
-2.5220501081778828
-8.414690547845831
-11.9502748116466
2.1920622435564763
-1.343522020244293
-1.343522020244293
-2.5220501081778828
-4.879106284045062
-1.343522020244293
285.03880334761806
-7.236162459912242
52.86877002470084
-6.057634371978652
-2.5220501081778828
2.1920622435564763
-4.879106284045062
5.727646507357246
1.0135341556228865
-0.16499393231070322
-14.30733098751378
-2.5220501081778828
-3.7005781961114725
-2.5220501081778828
-4.879106284045062
-8.414690547845831
-4.879106284045062
-2.5220501081778828
171.90010690599343
6.906174595290835
3.370590331490066
-2.5220501081778828
-2.5220501081778828
1.0135341556228865
-2.5220501081778828
-2.5220501081778828
-0.16499393231070322
-0.16499393231070322
-10.771746723713012
-11.9502748116466
-0.16499393231070322
-1.343522020244293
2.1920622435564763
1.0135341556228865
-4.879106284045062
-2.5220501081778828
-14.30733098751378
-10.771746723713012
2.1920622435564763
-2.5220501081778828
-11.9502748116466
-2.5220501081778828
-7.236162459912242
1.0135341556228865
-0.16499393231070322
17.512927386693143
-2.5220501081778828
-2.5220501081778828
-7.236162459912242
-0.16499393231070322
-2.5220501081778828
8.084702683224425
-8.414690547845831
-1.343522020244293
-6.057634371978652
-2.5220501081778828
-2.5220501081778828
-1.343522020244293
4.549118419423656
-8.414690547845831
-9.59321863577942
-7.236162459912242
-2.5220501081778828
2.1920622435564763
-7.236162459912242
-2.5220501081778828
-2.5220501081778828
63.475522816103144
37.54790488156417
-13.12880289958019
141.25837661972008
-0.16499393231070322
1.0135341556228865
-3.7005781961114725
4.549118419423656
138.90132044385288
-10.771746723713012
2.1920622435564763
5.727646507357246
335.7155111287624
-4.879106284045062
1.0135341556228865
-4.879106284045062
-8.414690547845831
3.370590331490066
104.72400589377878
-14.30733098751378
-1.343522020244293
6.906174595290835
-0.16499393231070322
71.72521943163827
-2.5220501081778828
-0.16499393231070322
39.90496105743135
-0.16499393231070322
-15.48585907544737
-4.879106284045062
34.0123206177634
2.1920622435564763
59.93993855230237
8.084702683224425
-1.343522020244293
-7.236162459912242
-3.7005781961114725
-0.16499393231070322
-4.879106284045062
5.727646507357246
5.727646507357246
-0.16499393231070322
2.1920622435564763
-1.343522020244293
-4.879106284045062
-2.5220501081778828
-9.59321863577942
-3.7005781961114725
-7.236162459912242
4.549118419423656
-2.5220501081778828
-9.59321863577942
511.31619623086726
1.0135341556228865
2.1920622435564763
-4.879106284045062
109.43811824551314
-7.236162459912242
669.2389600139683
2.1920622435564763
-2.5220501081778828
71.72521943163827
437.0689266910511
-2.5220501081778828
2.1920622435564763
-8.414690547845831
-2.5220501081778828
-6.057634371978652
-4.879106284045062
1.0135341556228865
-19.02144333924814
-4.879106284045062
-4.879106284045062
-17.84291525131455
-9.59321863577942
-4.879106284045062
-2.5220501081778828
1.0135341556228865
-4.879106284045062
-8.414690547845831
5.727646507357246
-8.414690547845831
1.0135341556228865
-11.9502748116466
-0.16499393231070322
3.370590331490066
-1.343522020244293
29.29820826602904
-0.16499393231070322
-7.236162459912242
4.549118419423656
1.0135341556228865
-4.879106284045062
1.0135341556228865
175.43569116979418
1.0135341556228865
157.75776985079034
-3.7005781961114725
2.1920622435564763
63.475522816103144
-17.84291525131455
2.1920622435564763
6.906174595290835
-2.5220501081778828
-0.16499393231070322
-0.16499393231070322
3.370590331490066
446.49715139451985
-0.16499393231070322
75.26080369543904
272.0749943803485
4.549118419423656
-0.16499393231070322
2.1920622435564763
-3.7005781961114725
-2.5220501081778828
-1.343522020244293
2.1920622435564763
29.29820826602904
2.1920622435564763
-2.5220501081778828
-2.5220501081778828
-10.771746723713012
-0.16499393231070322
-2.5220501081778828
-6.057634371978652
-6.057634371978652
-0.16499393231070322
-3.7005781961114725
-10.771746723713012
-0.16499393231070322
81.153444135107
4.549118419423656
-3.7005781961114725
1.0135341556228865
288.5743876114188
-7.236162459912242
-15.48585907544737
-11.9502748116466
-2.5220501081778828
-2.5220501081778828
-4.879106284045062
-8.414690547845831
-2.5220501081778828
-7.236162459912242
-8.414690547845831
-0.16499393231070322
-3.7005781961114725
-3.7005781961114725
-14.30733098751378
-0.16499393231070322
-4.879106284045062
-4.879106284045062
42.26201723329853
-2.5220501081778828
-2.5220501081778828
1.0135341556228865
-0.16499393231070322
4.549118419423656
-6.057634371978652
1.0135341556228865
-8.414690547845831
-8.414690547845831
3.370590331490066
-15.48585907544737
1.0135341556228865
1.0135341556228865
-2.5220501081778828
-1.343522020244293
393.4633874375083
-0.16499393231070322
3.370590331490066
81.153444135107
-0.16499393231070322
-4.879106284045062
-2.5220501081778828
2.1920622435564763
-1.343522020244293
393.4633874375083
-7.236162459912242
-2.5220501081778828
-2.5220501081778828
1.0135341556228865
6.906174595290835
1.0135341556228865
-4.879106284045062
-7.236162459912242
1.0135341556228865
-4.879106284045062
2.1920622435564763
-4.879106284045062
-4.879106284045062
-9.59321863577942
-2.5220501081778828
6.906174595290835
-0.16499393231070322
-2.5220501081778828
171.90010690599343
-4.879106284045062
1.0135341556228865
71.72521943163827
-3.7005781961114725
-8.414690547845831
1.0135341556228865
3.370590331490066
-0.16499393231070322
1.0135341556228865
-2.5220501081778828
-0.16499393231070322
3.370590331490066
-15.48585907544737
-7.236162459912242
2.1920622435564763
11.620286947025194
1.0135341556228865
3.370590331490066
30.476736353962632
-16.664387163380958
-4.879106284045062
-11.9502748116466
-2.5220501081778828
252.0400168854775
-2.5220501081778828
-11.9502748116466
8.084702683224425
-2.5220501081778828
-2.5220501081778828
-4.879106284045062
-4.879106284045062
4.549118419423656
-2.5220501081778828
270.89646629241497
-0.16499393231070322
-15.48585907544737
-17.84291525131455
-2.5220501081778828
-11.9502748116466
-3.7005781961114725
-1.343522020244293
1.0135341556228865
-6.057634371978652
1.0135341556228865
4.549118419423656
-2.5220501081778828
70.54669134370468
-4.879106284045062
3.370590331490066
-3.7005781961114725
-0.16499393231070322
114.15223059724751
2.1920622435564763
-13.12880289958019
-0.16499393231070322
-2.5220501081778828
-6.057634371978652
-7.236162459912242
2.1920622435564763
6.906174595290835
-3.7005781961114725
6.906174595290835
-1.343522020244293
-2.5220501081778828
5.727646507357246
-2.5220501081778828
-7.236162459912242
1.0135341556228865
-4.879106284045062
1.0135341556228865
2.1920622435564763
153.043657499056
4.549118419423656
1.0135341556228865
6.906174595290835
-10.771746723713012
-4.879106284045062
-0.16499393231070322
-3.7005781961114725
-6.057634371978652
-9.59321863577942
2.1920622435564763
-7.236162459912242
8.084702683224425
-10.771746723713012
-3.7005781961114725
-8.414690547845831
-10.771746723713012
-3.7005781961114725
-6.057634371978652
4.549118419423656
5.727646507357246
-0.16499393231070322
-2.5220501081778828
4.549118419423656
5.727646507357246
-7.236162459912242
323.9302302494265
-8.414690547845831
-1.343522020244293
4.549118419423656
-0.16499393231070322
3.370590331490066
-19.02144333924814
1.0135341556228865
2.1920622435564763
4.549118419423656
-37.87789274618557
-3.7005781961114725
2.1920622435564763
-0.16499393231070322
-11.9502748116466
5.727646507357246
-8.414690547845831
4.549118419423656
-1.343522020244293
6.906174595290835
1.0135341556228865
1.0135341556228865
-0.16499393231070322
-4.879106284045062
75.26080369543904
-0.16499393231070322
1.0135341556228865
-4.879106284045062
2.1920622435564763
1.0135341556228865
367.53576950296934
-7.236162459912242
-6.057634371978652
-9.59321863577942
-7.236162459912242
1.0135341556228865
2.1920622435564763
6.906174595290835
-2.5220501081778828
-2.5220501081778828
-3.7005781961114725
-2.5220501081778828
100.00989354204442
-8.414690547845831
2.1920622435564763
302.7167246666219
-3.7005781961114725
-8.414690547845831
107.08106206964597
-3.7005781961114725
2.1920622435564763
2.1920622435564763
38.72643296949776
-8.414690547845831
-2.5220501081778828
-8.414690547845831
-7.236162459912242
-4.879106284045062
-3.7005781961114725
-8.414690547845831
-4.879106284045062
-15.48585907544737
-13.12880289958019
391.1063312616411
-2.5220501081778828
1.0135341556228865
-2.5220501081778828
-4.879106284045062
-22.55702760304891
-3.7005781961114725
-4.879106284045062
6.906174595290835
-7.236162459912242
-0.16499393231070322
4.549118419423656
-7.236162459912242
-3.7005781961114725
-4.879106284045062
-11.9502748116466
-2.5220501081778828
6.906174595290835
2.1920622435564763
102.36694971791161
-0.16499393231070322
-19.02144333924814
-2.5220501081778828
2.1920622435564763
-2.5220501081778828
-0.16499393231070322
-2.5220501081778828
6.906174595290835
-0.16499393231070322
-2.5220501081778828
2.1920622435564763
-2.5220501081778828
2.1920622435564763
-7.236162459912242
1.0135341556228865
-9.59321863577942
263.8252977648134
-3.7005781961114725
6.906174595290835
4.549118419423656
2.1920622435564763
-0.16499393231070322
8.084702683224425
-0.16499393231070322
-7.236162459912242
-10.771746723713012
-6.057634371978652
8.084702683224425
-0.16499393231070322
-7.236162459912242
-6.057634371978652
-6.057634371978652
3.370590331490066
471.24624124112523
-7.236162459912242
1.0135341556228865
2.1920622435564763
-8.414690547845831
4.549118419423656
-4.879106284045062
-8.414690547845831
-0.16499393231070322
-4.879106284045062
5.727646507357246
-3.7005781961114725
-1.343522020244293
4.549118419423656
-0.16499393231070322
90.58166883857571
-8.414690547845831
-3.7005781961114725
3.370590331490066
6.906174595290835
-3.7005781961114725
-10.771746723713012
-2.5220501081778828
-3.7005781961114725
-7.236162459912242
-4.879106284045062
1.0135341556228865
-9.59321863577942
-2.5220501081778828
-0.16499393231070322
-11.9502748116466
-17.84291525131455
-8.414690547845831
4.549118419423656
-4.879106284045062
3.370590331490066
-13.12880289958019
433.5333424272503
-2.5220501081778828
-6.057634371978652
160.1148260266575
207.2559495440011
10.441758859091605
-11.9502748116466
2.1920622435564763
-4.879106284045062
-6.057634371978652
5.727646507357246
-0.16499393231070322
-0.16499393231070322
-4.879106284045062
-1.343522020244293
-8.414690547845831
-3.7005781961114725
4.549118419423656
-3.7005781961114725
69.3681632557711
-1.343522020244293
-7.236162459912242
5.727646507357246
136.5442642679857
-2.5220501081778828
-3.7005781961114725
5.727646507357246
9.263230771158016
-0.16499393231070322
-8.414690547845831
1.0135341556228865
-7.236162459912242
-1.343522020244293
42.26201723329853
5.727646507357246
-10.771746723713012
-7.236162459912242
5.727646507357246
9.263230771158016
-1.343522020244293
-9.59321863577942
2.1920622435564763
-7.236162459912242
-40.23494892205275
48.15465767296648
-4.879106284045062
-16.664387163380958
1.0135341556228865
2.1920622435564763
-10.771746723713012
1.0135341556228865
-7.236162459912242
-2.5220501081778828
1.0135341556228865
-1.343522020244293
2.1920622435564763
-3.7005781961114725
-3.7005781961114725
-8.414690547845831
-13.12880289958019
2.1920622435564763
9.263230771158016
-11.9502748116466
-2.5220501081778828
-0.16499393231070322
37.54790488156417
-6.057634371978652
-7.236162459912242
448.854207570387
-2.5220501081778828
-13.12880289958019
-2.5220501081778828
-3.7005781961114725
32.83379252982981
-8.414690547845831
1.0135341556228865
2.1920622435564763
3.370590331490066
4.549118419423656
63.475522816103144
-3.7005781961114725
64.65405090403674
-1.343522020244293
64.65405090403674
1.0135341556228865
-2.5220501081778828
-4.879106284045062
3.370590331490066
-3.7005781961114725
-0.16499393231070322
-2.5220501081778828
-2.5220501081778828
4.549118419423656
6.906174595290835
-1.343522020244293
103.5454778058452
-8.414690547845831
-4.879106284045062
464.17507271352366
4.549118419423656
-6.057634371978652
-1.343522020244293
195.47066866466523
-3.7005781961114725
-9.59321863577942
301.5381965786883
-8.414690547845831
-0.16499393231070322
-2.5220501081778828
-3.7005781961114725
-4.879106284045062
1.0135341556228865
479.49593785666036
6.906174595290835
-0.16499393231070322
-0.16499393231070322
-7.236162459912242
-15.48585907544737
-7.236162459912242
1.0135341556228865
-10.771746723713012
2.1920622435564763
-9.59321863577942
9.263230771158016
4.549118419423656
-0.16499393231070322
-3.7005781961114725
-9.59321863577942
1.0135341556228865
-1.343522020244293
8.084702683224425
425.28364581171525
-6.057634371978652
1.0135341556228865
-6.057634371978652
-2.5220501081778828
-2.5220501081778828
-8.414690547845831
-3.7005781961114725
-8.414690547845831
2.1920622435564763
-7.236162459912242
-0.16499393231070322
5.727646507357246
-3.7005781961114725
-3.7005781961114725
-0.16499393231070322
-1.343522020244293
-0.16499393231070322
-7.236162459912242
-1.343522020244293
6.906174595290835
-3.7005781961114725
2.1920622435564763
-1.343522020244293
-2.5220501081778828
-4.879106284045062
-4.879106284045062
-7.236162459912242
-0.16499393231070322
38.72643296949776
-4.879106284045062
-1.343522020244293
-2.5220501081778828
63.475522816103144
8.084702683224425
-0.16499393231070322
4.549118419423656
-8.414690547845831
-3.7005781961114725
5.727646507357246
109.43811824551314
-2.5220501081778828
1.0135341556228865
-6.057634371978652
-3.7005781961114725
-3.7005781961114725
-8.414690547845831
520.744420934336
-3.7005781961114725
-6.057634371978652
4.549118419423656
1.0135341556228865
-8.414690547845831
4.549118419423656
9.263230771158016
-1.343522020244293
226.11239895093854
325.1087583373601
-4.879106284045062
1.0135341556228865
-4.879106284045062
-2.5220501081778828
-0.16499393231070322
-0.16499393231070322
-4.879106284045062
-3.7005781961114725
-2.5220501081778828
-0.16499393231070322
-2.5220501081778828
1.0135341556228865
-6.057634371978652
-8.414690547845831
-4.879106284045062
-2.5220501081778828
-0.16499393231070322
-0.16499393231070322
147.151017059388
-4.879106284045062
3.370590331490066
-0.16499393231070322
-2.5220501081778828
1.0135341556228865
-2.5220501081778828
-10.771746723713012
2.1920622435564763
2.1920622435564763
-2.5220501081778828
63.475522816103144
-11.9502748116466
1.0135341556228865
-2.5220501081778828
-4.879106284045062
-2.5220501081778828
63.475522816103144
-3.7005781961114725
4.549118419423656
-8.414690547845831
62.29699472816955
-3.7005781961114725
-8.414690547845831
2.1920622435564763
-4.879106284045062
6.906174595290835
-2.5220501081778828
-4.879106284045062
441.78303904278545
1.0135341556228865
-10.771746723713012
-11.9502748116466
-8.414690547845831
-2.5220501081778828
36.36937679363058
19.86998356256032
-10.771746723713012
-3.7005781961114725
-8.414690547845831
236.71915174234087
1.0135341556228865
3.370590331490066
-4.879106284045062
5.727646507357246
-0.16499393231070322
120.04487103691545
1.0135341556228865
2.1920622435564763
2.1920622435564763
-1.343522020244293
-0.16499393231070322
63.475522816103144
2.1920622435564763
6.906174595290835
-10.771746723713012
-2.5220501081778828
-4.879106284045062
-1.343522020244293
-15.48585907544737
-36.69936465825199
38.72643296949776
-4.879106284045062
466.53212888939083
4.549118419423656
-0.16499393231070322
-4.879106284045062
3.370590331490066
-2.5220501081778828
-7.236162459912242
-4.879106284045062
58.76141046436879
-1.343522020244293
234.36209556647367
-7.236162459912242
-1.343522020244293
109.43811824551314
-6.057634371978652
-3.7005781961114725
2.1920622435564763
-21.37849951511532
4.549118419423656
8.084702683224425
2.1920622435564763
3.370590331490066
-3.7005781961114725
-0.16499393231070322
2.1920622435564763
-1.343522020244293
-7.236162459912242
-3.7005781961114725
-0.16499393231070322
63.475522816103144
-2.5220501081778828
-30.806724218584037
5.727646507357246
-0.16499393231070322
1.0135341556228865
-1.343522020244293
2.1920622435564763
569.0640725396132
-8.414690547845831
-2.5220501081778828
1.0135341556228865
-6.057634371978652
3.370590331490066
2.1920622435564763
-4.879106284045062
-9.59321863577942
-7.236162459912242
3.370590331490066
-0.16499393231070322
-4.879106284045062
-0.16499393231070322
-7.236162459912242
1.0135341556228865
-30.806724218584037
-0.16499393231070322
-7.236162459912242
-2.5220501081778828
1.0135341556228865
-3.7005781961114725
-8.414690547845831
-9.59321863577942
-7.236162459912242
-0.16499393231070322
-3.7005781961114725
4.549118419423656
4.549118419423656
-8.414690547845831
-8.414690547845831
-3.7005781961114725
1.0135341556228865
-9.59321863577942
-4.879106284045062
-4.879106284045062
-0.16499393231070322
-3.7005781961114725
1.0135341556228865
-1.343522020244293
-2.5220501081778828
2.1920622435564763
2.1920622435564763
-2.5220501081778828
283.86027525968444
-4.879106284045062
190.75655631293085
-17.84291525131455
2.1920622435564763
-1.343522020244293
-0.16499393231070322
61.118466640235965
-2.5220501081778828
1.0135341556228865
1.0135341556228865
-3.7005781961114725
-1.343522020244293
-1.343522020244293
-2.5220501081778828
412.3198368444457
-4.879106284045062
-0.16499393231070322
-9.59321863577942
-0.16499393231070322
112.97370250931391
1.0135341556228865
-3.7005781961114725
-8.414690547845831
6.906174595290835
1.0135341556228865
1.0135341556228865
5.727646507357246
1.0135341556228865
2.1920622435564763
-4.879106284045062
-1.343522020244293
-7.236162459912242
-2.5220501081778828
-16.664387163380958
-2.5220501081778828
-3.7005781961114725
-2.5220501081778828
321.5731740735593
-2.5220501081778828
-2.5220501081778828
1.0135341556228865
-4.879106284045062
-8.414690547845831
1.0135341556228865
-2.5220501081778828
4.549118419423656
2.1920622435564763
62.29699472816955
-9.59321863577942
-10.771746723713012
-2.5220501081778828
-2.5220501081778828
-1.343522020244293
-2.5220501081778828
6.906174595290835
-4.879106284045062
3.370590331490066
281.50321908381727
-11.9502748116466
173.078634993927
-2.5220501081778828
-8.414690547845831
10.441758859091605
-7.236162459912242
-10.771746723713012
1.0135341556228865
-8.414690547845831
-4.879106284045062
-0.16499393231070322
-7.236162459912242
42.26201723329853
-22.55702760304891
91.7601969265093
-15.48585907544737
4.549118419423656
-0.16499393231070322
-0.16499393231070322
-0.16499393231070322
1.0135341556228865
-3.7005781961114725
-2.5220501081778828
-2.5220501081778828
-3.7005781961114725
-3.7005781961114725
-0.16499393231070322
181.32833160946214
-3.7005781961114725
-2.5220501081778828
-1.343522020244293
-11.9502748116466
-8.414690547845831
114.15223059724751
5.727646507357246
-6.057634371978652
5.727646507357246
4.549118419423656
-3.7005781961114725
-1.343522020244293
1.0135341556228865
-4.879106284045062
-10.771746723713012
-0.16499393231070322
-2.5220501081778828
-1.343522020244293
-7.236162459912242
-1.343522020244293
-13.12880289958019
-1.343522020244293
431.17628625138315
-1.343522020244293
158.93629793872392
-1.343522020244293
133.00868000418495
1.0135341556228865
120.04487103691545
-1.343522020244293
2.1920622435564763
-10.771746723713012
-2.5220501081778828
-6.057634371978652
2.1920622435564763
74.08227560750545
-9.59321863577942
-7.236162459912242
3.370590331490066
-4.879106284045062
-4.879106284045062
-8.414690547845831
-7.236162459912242
1.0135341556228865
-0.16499393231070322
-2.5220501081778828
5.727646507357246
-7.236162459912242
-8.414690547845831
2.1920622435564763
-7.236162459912242
-6.057634371978652
-1.343522020244293
1.0135341556228865
457.10390418592215
1.0135341556228865
1.0135341556228865
59.93993855230237
-2.5220501081778828
-1.343522020244293
-2.5220501081778828
-11.9502748116466
2.1920622435564763
-8.414690547845831
-14.30733098751378
-0.16499393231070322
96.47430927824365
6.906174595290835
98.83136545411084
1.0135341556228865
-2.5220501081778828
-3.7005781961114725
4.549118419423656
-2.5220501081778828
-2.5220501081778828
-10.771746723713012
1.0135341556228865
-15.48585907544737
36.36937679363058
-6.057634371978652
2.1920622435564763
462.9965446255901
-0.16499393231070322
-4.879106284045062
-0.16499393231070322
-11.9502748116466
1.0135341556228865
-3.7005781961114725
5.727646507357246
2.1920622435564763
-17.84291525131455
-3.7005781961114725
-2.5220501081778828
-0.16499393231070322
-6.057634371978652
-6.057634371978652
1.0135341556228865
-1.343522020244293
-3.7005781961114725
-13.12880289958019
-9.59321863577942
4.549118419423656
-1.343522020244293
-1.343522020244293
-0.16499393231070322
-1.343522020244293
-4.879106284045062
-3.7005781961114725
3.370590331490066
-8.414690547845831
-4.879106284045062
1.0135341556228865
-3.7005781961114725
1.0135341556228865
-0.16499393231070322
-14.30733098751378
523.1014771102032
-4.879106284045062
-2.5220501081778828
-6.057634371978652
-1.343522020244293
-2.5220501081778828
1.0135341556228865
-4.879106284045062
1.0135341556228865
-9.59321863577942
5.727646507357246
8.084702683224425
-0.16499393231070322
-0.16499393231070322
-1.343522020244293
-0.16499393231070322
-2.5220501081778828
1.0135341556228865
6.906174595290835
-8.414690547845831
-1.343522020244293
110.61664633344674
6.906174595290835
-15.48585907544737
5.727646507357246
-6.057634371978652
-3.7005781961114725
-23.735555690982498
-3.7005781961114725
2.1920622435564763
-3.7005781961114725
338.07256730462956
-0.16499393231070322
-0.16499393231070322
-1.343522020244293
9.263230771158016
-13.12880289958019
-9.59321863577942
5.727646507357246
312.1449493700906
3.370590331490066
1.0135341556228865
2.1920622435564763
3.370590331490066
-2.5220501081778828
-26.092611866849676
-3.7005781961114725
4.549118419423656
-3.7005781961114725
-8.414690547845831
-6.057634371978652
-4.879106284045062
5.727646507357246
-8.414690547845831
-0.16499393231070322
-17.84291525131455
-4.879106284045062
-2.5220501081778828
-11.9502748116466
-9.59321863577942
155.40071367492317
-6.057634371978652
94.11725310237648
-11.9502748116466
-7.236162459912242
-8.414690547845831
-2.5220501081778828
-8.414690547845831
275.6105786441493
1.0135341556228865
-1.343522020244293
479.49593785666036
-7.236162459912242
1.0135341556228865
-7.236162459912242
252.0400168854775
-0.16499393231070322
-9.59321863577942
-4.879106284045062
-1.343522020244293
-2.5220501081778828
427.6407019875824
-3.7005781961114725
-17.84291525131455
-10.771746723713012
302.7167246666219
-17.84291525131455
-1.343522020244293
-17.84291525131455
5.727646507357246
-1.343522020244293
5.727646507357246
-4.879106284045062
-3.7005781961114725
64.65405090403674
1.0135341556228865
-2.5220501081778828
-4.879106284045062
5.727646507357246
-4.879106284045062
-2.5220501081778828
5.727646507357246
-2.5220501081778828
19.86998356256032
3.370590331490066
-7.236162459912242
-13.12880289958019
10.441758859091605
-4.879106284045062
1.0135341556228865
-7.236162459912242
-0.16499393231070322
1.0135341556228865
1.0135341556228865
114.15223059724751
-2.5220501081778828
-0.16499393231070322
-2.5220501081778828
-9.59321863577942
-4.879106284045062
1.0135341556228865
2.1920622435564763
-1.343522020244293
-1.343522020244293
1.0135341556228865
-1.343522020244293
444.1400952186527
137.7227923559193
62.29699472816955
-2.5220501081778828
149.5080732352552
64.65405090403674
-0.16499393231070322
-6.057634371978652
1.0135341556228865
-4.879106284045062
-3.7005781961114725
-1.343522020244293
79.9749160471734
525.4585332860703
206.07742145606753
-0.16499393231070322
-7.236162459912242
4.549118419423656
-3.7005781961114725
5.727646507357246
160.1148260266575
-7.236162459912242
-2.5220501081778828
