-0.3212390512843011
-4.548068673446208
47.01925271692905
-3.7027027490138265
-1.1666049757166823
-4.548068673446208
-6.238800522310971
9.823152041904276
-1.1666049757166823
1.3694927975804616
46.173886792496674
-7.084166446743351
-6.238800522310971
-5.393434597878589
-6.238800522310971
40.25632532147
3.0602246464452243
-5.393434597878589
-4.548068673446208
35.184129774875714
-4.548068673446208
2.214858722012843
-9.620264220040497
39.41095939703762
-7.084166446743351
-7.084166446743351
63.92657120557668
-1.1666049757166823
-3.7027027490138265
-8.774898295608114
6.44168834417475
5.596322419742369
131.5558451601672
0.5241268731480803
-2.0119709001490635
0.5241268731480803
39.41095939703762
36.0294956993081
-1.1666049757166823
-5.393434597878589
47.86461864136144
-4.548068673446208
-2.0119709001490635
1.3694927975804616
-18.91928938879669
13.2046157396338
6.44168834417475
-5.393434597878589
394.4646476586378
-7.084166446743351
-2.0119709001490635
3.0602246464452243
3.9055905708776057
-4.548068673446208
1.3694927975804616
-3.7027027490138265
40.25632532147
1.3694927975804616
-6.238800522310971
-3.7027027490138265
-2.0119709001490635
-12.15636199333764
3.0602246464452243
-8.774898295608114
-3.7027027490138265
-3.7027027490138265
-0.3212390512843011
-4.548068673446208
4.750956495309987
-7.084166446743351
2.214858722012843
-7.929532371175733
403.763672827394
-2.0119709001490635
-0.3212390512843011
-6.238800522310971
-4.548068673446208
-5.393434597878589
-0.3212390512843011
43.63778901919953
39.41095939703762
-2.0119709001490635
-2.0119709001490635
380.0934269432873
-2.0119709001490635
-2.0119709001490635
3.9055905708776057
139.16413848005863
-4.548068673446208
167.90657991075958
3.0602246464452243
-30.75441233085003
40.25632532147
-3.7027027490138265
3.0602246464452243
128.17438146243765
16.586079437363328
-1.1666049757166823
67.30803490330621
-1.1666049757166823
-2.0119709001490635
2.214858722012843
-4.548068673446208
35.184129774875714
-2.0119709001490635
-1.1666049757166823
-6.238800522310971
3.9055905708776057
-10.465630144472877
-3.7027027490138265
-6.238800522310971
-9.620264220040497
-3.7027027490138265
-4.548068673446208
47.86461864136144
-4.548068673446208
-12.15636199333764
1.3694927975804616
52.936814187955726
-2.0119709001490635
-2.0119709001490635
-6.238800522310971
32.64803200157857
2.214858722012843
-2.0119709001490635
-7.084166446743351
1.3694927975804616
-4.548068673446208
-14.692459766634784
-0.3212390512843011
-1.1666049757166823
-7.929532371175733
359.80464475691014
-5.393434597878589
-2.0119709001490635
42.792423094767145
-1.1666049757166823
-3.7027027490138265
3.0602246464452243
1.3694927975804616
-2.0119709001490635
-5.393434597878589
-4.548068673446208
-2.0119709001490635
2.214858722012843
41.947057170334766
40.25632532147
-4.548068673446208
-3.7027027490138265
-2.0119709001490635
-8.774898295608114
-7.929532371175733
-7.929532371175733
45.32852086806429
-0.3212390512843011
-4.548068673446208
-3.7027027490138265
-2.0119709001490635
-2.0119709001490635
-2.0119709001490635
-2.0119709001490635
3.0602246464452243
-8.774898295608114
-4.548068673446208
-0.3212390512843011
-7.929532371175733
-4.548068673446208
64.77193713000906
-2.0119709001490635
-4.548068673446208
40.25632532147
-0.3212390512843011
2.214858722012843
-2.0119709001490635
38.565593472605244
0.5241268731480803
-4.548068673446208
-0.3212390512843011
-0.3212390512843011
47.01925271692905
2.214858722012843
-3.7027027490138265
-11.310996068905258
-1.1666049757166823
3.0602246464452243
44.48315494363191
-8.774898295608114
2.214858722012843
-14.692459766634784
-6.238800522310971
2.214858722012843
-3.7027027490138265
-2.0119709001490635
-2.0119709001490635
-4.548068673446208
29.266568303849045
-3.7027027490138265
-4.548068673446208
-2.0119709001490635
-8.774898295608114
41.10169124590239
-3.7027027490138265
-2.0119709001490635
56.31827788568525
-2.0119709001490635
-12.15636199333764
329.3714714773444
-0.3212390512843011
-3.7027027490138265
3.0602246464452243
-10.465630144472877
41.947057170334766
-4.548068673446208
-2.0119709001490635
4.750956495309987
46.173886792496674
31.80266607714619
-11.310996068905258
106.19486742719575
-0.3212390512843011
29.266568303849045
-7.084166446743351
36.0294956993081
-3.7027027490138265
104.50413557833099
-4.548068673446208
1.3694927975804616
2.214858722012843
1.3694927975804616
-2.0119709001490635
29.266568303849045
-9.620264220040497
-7.084166446743351
-3.7027027490138265
-7.929532371175733
45.32852086806429
-3.7027027490138265
2.214858722012843
1.3694927975804616
-6.238800522310971
-4.548068673446208
48.70998456579382
6.44168834417475
-1.1666049757166823
2.214858722012843
7.287054268607131
84.21535339195384
35.184129774875714
-2.0119709001490635
4.750956495309987
-11.310996068905258
82.52462154308907
-4.548068673446208
-7.929532371175733
-1.1666049757166823
48.70998456579382
0.5241268731480803
30.111934228281427
4.750956495309987
-14.692459766634784
-8.774898295608114
-0.3212390512843011
-0.3212390512843011
-1.1666049757166823
387.70172026317874
80.83388969422431
364.03147437907205
85.06071931638621
-6.238800522310971
-4.548068673446208
-9.620264220040497
38.565593472605244
-1.1666049757166823
58.85437565898239
-0.3212390512843011
43.63778901919953
-3.7027027490138265
-2.0119709001490635
6.44168834417475
1.3694927975804616
232.15439016762056
-3.7027027490138265
-1.1666049757166823
273.57732046480726
-2.0119709001490635
3.9055905708776057
-2.0119709001490635
3.9055905708776057
-2.0119709001490635
190.7314598704339
-2.857336824581445
1.3694927975804616
36.87486162374048
-9.620264220040497
-4.548068673446208
-3.7027027490138265
-2.857336824581445
-1.1666049757166823
6.44168834417475
3.0602246464452243
-7.084166446743351
36.87486162374048
-5.393434597878589
-4.548068673446208
-5.393434597878589
-8.774898295608114
94.35974448514241
-4.548068673446208
-0.3212390512843011
-18.07392346436431
-2.0119709001490635
2.214858722012843
41.10169124590239
3.0602246464452243
-1.1666049757166823
29.266568303849045
1.3694927975804616
3.0602246464452243
28.421202379416666
3.0602246464452243
-5.393434597878589
-2.0119709001490635
-2.0119709001490635
-2.0119709001490635
-0.3212390512843011
-6.238800522310971
156.07145696870626
-4.548068673446208
-7.084166446743351
-8.774898295608114
-5.393434597878589
40.25632532147
52.936814187955726
28.421202379416666
-12.15636199333764
-3.7027027490138265
2.214858722012843
-5.393434597878589
-11.310996068905258
2.214858722012843
-3.7027027490138265
3.0602246464452243
-2.0119709001490635
45.32852086806429
0.5241268731480803
-2.0119709001490635
-5.393434597878589
-7.929532371175733
2.214858722012843
353.8870832858835
28.421202379416666
-4.548068673446208
-3.7027027490138265
-4.548068673446208
115.49389259595195
40.25632532147
-1.1666049757166823
-1.1666049757166823
-0.3212390512843011
-1.1666049757166823
43.63778901919953
-0.3212390512843011
4.750956495309987
74.91632822319764
3.0602246464452243
2.214858722012843
0.5241268731480803
-6.238800522310971
2.214858722012843
-2.0119709001490635
2.214858722012843
-3.7027027490138265
44.48315494363191
-1.1666049757166823
489.99099711949685
-2.0119709001490635
-0.3212390512843011
5.596322419742369
42.792423094767145
3.0602246464452243
49.555350490226196
2.214858722012843
-3.7027027490138265
-0.3212390512843011
1.3694927975804616
7.287054268607131
-1.1666049757166823
-3.7027027490138265
-12.15636199333764
-6.238800522310971
4.750956495309987
30.111934228281427
-4.548068673446208
-2.0119709001490635
1.3694927975804616
-4.548068673446208
-7.084166446743351
-3.7027027490138265
40.25632532147
-11.310996068905258
26.7304705305519
68.99876675217097
3.0602246464452243
38.565593472605244
2.214858722012843
-7.929532371175733
-0.3212390512843011
-1.1666049757166823
146.77243179995006
96.05047633400717
-12.15636199333764
3.0602246464452243
40.25632532147
0.5241268731480803
0.5241268731480803
-34.98124195301194
30.111934228281427
-0.3212390512843011
3.0602246464452243
224.54609684772913
-5.393434597878589
436.73294388025687
-2.0119709001490635
0.5241268731480803
-0.3212390512843011
-0.3212390512843011
2.214858722012843
-21.455387162093835
-1.1666049757166823
-0.3212390512843011
6.44168834417475
31.80266607714619
-4.548068673446208
103.6587696538986
-2.0119709001490635
-2.857336824581445
-19.76465531322907
-4.548068673446208
-3.7027027490138265
5.596322419742369
-0.3212390512843011
-2.0119709001490635
-4.548068673446208
46.173886792496674
-4.548068673446208
-3.7027027490138265
-6.238800522310971
-7.084166446743351
-1.1666049757166823
-3.7027027490138265
-14.692459766634784
-3.7027027490138265
3.9055905708776057
2.214858722012843
1.3694927975804616
-0.3212390512843011
-7.084166446743351
-1.1666049757166823
-12.15636199333764
-8.774898295608114
-0.3212390512843011
-1.1666049757166823
-2.0119709001490635
63.0812052811443
3.9055905708776057
-0.3212390512843011
-1.1666049757166823
45.32852086806429
96.05047633400717
-2.0119709001490635
-3.7027027490138265
-1.1666049757166823
380.9387928677197
-2.0119709001490635
36.87486162374048
2.214858722012843
34.338763850443335
-1.1666049757166823
-3.7027027490138265
45.32852086806429
-7.084166446743351
-2.0119709001490635
41.10169124590239
42.792423094767145
-2.0119709001490635
-5.393434597878589
-0.3212390512843011
-7.084166446743351
2.214858722012843
2.214858722012843
-2.0119709001490635
1.3694927975804616
39.41095939703762
281.18561378469866
-4.548068673446208
-3.7027027490138265
-0.3212390512843011
-2.0119709001490635
295.55683450004915
-5.393434597878589
-1.1666049757166823
-2.0119709001490635
2.214858722012843
-5.393434597878589
-2.0119709001490635
6.44168834417475
-7.084166446743351
36.0294956993081
2.214858722012843
1.3694927975804616
-4.548068673446208
1.3694927975804616
-4.548068673446208
-0.3212390512843011
-1.1666049757166823
27.575836454984284
-3.7027027490138265
-3.7027027490138265
-0.3212390512843011
107.88559927606052
-4.548068673446208
4.750956495309987
-7.929532371175733
41.10169124590239
61.390473432279535
-1.1666049757166823
176.3602391550834
-1.1666049757166823
1.3694927975804616
-1.1666049757166823
-0.3212390512843011
-6.238800522310971
-2.0119709001490635
2.214858722012843
-1.1666049757166823
-6.238800522310971
-2.857336824581445
3.0602246464452243
299.78366412221106
-9.620264220040497
-0.3212390512843011
2.214858722012843
-0.3212390512843011
-0.3212390512843011
3.0602246464452243
-1.1666049757166823
-7.084166446743351
-1.1666049757166823
3.0602246464452243
-9.620264220040497
-4.548068673446208
5.596322419742369
-2.0119709001490635
-3.7027027490138265
-3.7027027490138265
-6.238800522310971
-14.692459766634784
353.8870832858835
6.44168834417475
-0.3212390512843011
-2.0119709001490635
94.35974448514241
1.3694927975804616
30.95730015271381
3.0602246464452243
-11.310996068905258
221.16463314999962
-4.548068673446208
1.3694927975804616
-0.3212390512843011
7.287054268607131
39.41095939703762
-2.0119709001490635
-3.7027027490138265
90.97828078741288
-0.3212390512843011
1.3694927975804616
6.44168834417475
4.750956495309987
-0.3212390512843011
252.4431723539977
-5.393434597878589
2.214858722012843
-4.548068673446208
-6.238800522310971
-2.0119709001490635
-1.1666049757166823
-7.084166446743351
-1.1666049757166823
-18.07392346436431
2.214858722012843
64.77193713000906
-6.238800522310971
-7.084166446743351
-4.548068673446208
-27.372948633120505
-0.3212390512843011
1.3694927975804616
56.31827788568525
-7.084166446743351
-2.0119709001490635
-4.548068673446208
-8.774898295608114
194.95828949259578
-3.7027027490138265
-2.0119709001490635
3.0602246464452243
-15.537825691067166
-3.7027027490138265
-4.548068673446208
-10.465630144472877
-8.774898295608114
-2.0119709001490635
-4.548068673446208
-0.3212390512843011
-0.3212390512843011
-4.548068673446208
2.214858722012843
-4.548068673446208
-6.238800522310971
-6.238800522310971
-0.3212390512843011
36.0294956993081
-3.7027027490138265
29.266568303849045
1.3694927975804616
94.35974448514241
6.44168834417475
-1.1666049757166823
28.421202379416666
-4.548068673446208
-7.929532371175733
-1.1666049757166823
8.132420193039513
-5.393434597878589
-0.3212390512843011
9.823152041904276
-12.15636199333764
-0.3212390512843011
31.80266607714619
-3.7027027490138265
-0.3212390512843011
-1.1666049757166823
3.0602246464452243
-17.228557539931927
-2.0119709001490635
-2.0119709001490635
-4.548068673446208
0.5241268731480803
2.214858722012843
-2.0119709001490635
-5.393434597878589
32.64803200157857
-4.548068673446208
-1.1666049757166823
29.266568303849045
56.31827788568525
40.25632532147
39.41095939703762
-5.393434597878589
-2.0119709001490635
42.792423094767145
3.9055905708776057
-5.393434597878589
7.287054268607131
-3.7027027490138265
-8.774898295608114
-0.3212390512843011
2.214858722012843
-0.3212390512843011
-7.084166446743351
3.0602246464452243
-1.1666049757166823
40.25632532147
-5.393434597878589
-8.774898295608114
1.3694927975804616
-4.548068673446208
41.947057170334766
-4.548068673446208
-3.7027027490138265
-4.548068673446208
-7.084166446743351
-3.7027027490138265
-2.0119709001490635
-4.548068673446208
358.1139129080454
0.5241268731480803
-4.548068673446208
-3.7027027490138265
26.7304705305519
-1.1666049757166823
-2.0119709001490635
-2.0119709001490635
37.72022754817286
8.132420193039513
-1.1666049757166823
-0.3212390512843011
-4.548068673446208
-7.084166446743351
4.750956495309987
-8.774898295608114
160.29828659086814
2.214858722012843
-0.3212390512843011
-0.3212390512843011
-4.548068673446208
-2.0119709001490635
3.0602246464452243
-1.1666049757166823
41.10169124590239
-8.774898295608114
1.3694927975804616
243.9895131096739
-2.0119709001490635
-7.929532371175733
-4.548068673446208
42.792423094767145
-2.0119709001490635
-2.0119709001490635
2.214858722012843
194.95828949259578
-2.0119709001490635
-4.548068673446208
-6.238800522310971
-4.548068673446208
-0.3212390512843011
45.32852086806429
-6.238800522310971
46.173886792496674
-6.238800522310971
6.44168834417475
-2.0119709001490635
-0.3212390512843011
-3.7027027490138265
-1.1666049757166823
0.5241268731480803
2.214858722012843
-2.0119709001490635
-4.548068673446208
205.10268058578436
51.24608233909096
0.5241268731480803
4.750956495309987
-3.7027027490138265
93.51437856071003
5.596322419742369
-11.310996068905258
-4.548068673446208
34.338763850443335
-0.3212390512843011
-0.3212390512843011
1.3694927975804616
28.421202379416666
-14.692459766634784
-5.393434597878589
-8.774898295608114
-6.238800522310971
-0.3212390512843011
-2.857336824581445
-8.774898295608114
0.5241268731480803
-6.238800522310971
-2.0119709001490635
-0.3212390512843011
-1.1666049757166823
2.214858722012843
-3.7027027490138265
271.0412226915101
-6.238800522310971
-13.847093842202403
340.36122849496536
1.3694927975804616
-4.548068673446208
-4.548068673446208
3.0602246464452243
1.3694927975804616
33.49339792601095
33.49339792601095
2.214858722012843
4.750956495309987
-3.7027027490138265
-4.548068673446208
41.947057170334766
-0.3212390512843011
45.32852086806429
-4.548068673446208
2.214858722012843
-10.465630144472877
-2.0119709001490635
69.84413267660335
-2.0119709001490635
-1.1666049757166823
-0.3212390512843011
36.87486162374048
-2.0119709001490635
-0.3212390512843011
-3.7027027490138265
-8.774898295608114
30.95730015271381
-1.1666049757166823
-8.774898295608114
-2.857336824581445
55.47291196125287
-2.857336824581445
92.66901263627764
-0.3212390512843011
-0.3212390512843011
40.25632532147
5.596322419742369
-11.310996068905258
84.21535339195384
1.3694927975804616
-3.7027027490138265
-3.7027027490138265
35.184129774875714
5.596322419742369
-7.084166446743351
-0.3212390512843011
178.05097100394815
-3.7027027490138265
-2.0119709001490635
-6.238800522310971
-2.0119709001490635
-3.7027027490138265
46.173886792496674
-0.3212390512843011
55.47291196125287
52.09144826352334
2.214858722012843
2.214858722012843
-7.929532371175733
-2.0119709001490635
-3.7027027490138265
-3.7027027490138265
4.750956495309987
42.792423094767145
-1.1666049757166823
-7.929532371175733
-0.3212390512843011
0.5241268731480803
2.214858722012843
484.91880157290257
-1.1666049757166823
-0.3212390512843011
-2.0119709001490635
-7.084166446743351
4.750956495309987
-4.548068673446208
-0.3212390512843011
30.111934228281427
-0.3212390512843011
-3.7027027490138265
45.32852086806429
-1.1666049757166823
1.3694927975804616
-0.3212390512843011
43.63778901919953
-0.3212390512843011
323.45391000631776
101.12267188060146
1.3694927975804616
-5.393434597878589
-11.310996068905258
31.80266607714619
39.41095939703762
-6.238800522310971
68.99876675217097
-2.0119709001490635
-2.857336824581445
-1.1666049757166823
41.10169124590239
-7.084166446743351
-2.0119709001490635
-0.3212390512843011
85.9060852408186
-0.3212390512843011
-3.7027027490138265
-4.548068673446208
-7.084166446743351
-7.084166446743351
47.86461864136144
-0.3212390512843011
-4.548068673446208
28.421202379416666
-2.0119709001490635
1.3694927975804616
2.214858722012843
39.41095939703762
-7.084166446743351
-1.1666049757166823
2.214858722012843
-2.857336824581445
-8.774898295608114
-8.774898295608114
-2.0119709001490635
-7.084166446743351
46.173886792496674
334.4436670239387
-1.1666049757166823
-15.537825691067166
-2.0119709001490635
-2.0119709001490635
3.0602246464452243
-4.548068673446208
-2.0119709001490635
36.87486162374048
39.41095939703762
-0.3212390512843011
75.76169414763002
-11.310996068905258
-2.0119709001490635
-1.1666049757166823
-1.1666049757166823
-3.7027027490138265
55.47291196125287
-13.847093842202403
-2.0119709001490635
2.214858722012843
-0.3212390512843011
44.48315494363191
249.90707458070057
6.44168834417475
-3.7027027490138265
-1.1666049757166823
-2.0119709001490635
-2.0119709001490635
0.5241268731480803
-5.393434597878589
-2.0119709001490635
-7.084166446743351
-5.393434597878589
122.25681999141099
-0.3212390512843011
-0.3212390512843011
41.947057170334766
-4.548068673446208
1.3694927975804616
-4.548068673446208
-1.1666049757166823
-14.692459766634784
-4.548068673446208
6.44168834417475
-6.238800522310971
-0.3212390512843011
-5.393434597878589
-2.0119709001490635
-0.3212390512843011
-13.847093842202403
-7.084166446743351
1.3694927975804616
-7.084166446743351
-5.393434597878589
52.936814187955726
298.0929322733463
-7.929532371175733
-4.548068673446208
-1.1666049757166823
0.5241268731480803
-3.7027027490138265
-4.548068673446208
35.184129774875714
41.947057170334766
2.214858722012843
393.6192817342054
1.3694927975804616
0.5241268731480803
-1.1666049757166823
-4.548068673446208
371.6397676989635
-0.3212390512843011
44.48315494363191
-5.393434597878589
-0.3212390512843011
-1.1666049757166823
117.1846244448167
-2.857336824581445
-2.0119709001490635
-4.548068673446208
-12.15636199333764
-4.548068673446208
7.287054268607131
42.792423094767145
47.01925271692905
-10.465630144472877
0.5241268731480803
2.214858722012843
-2.0119709001490635
-5.393434597878589
-2.0119709001490635
4.750956495309987
-8.774898295608114
189.8860939460015
38.565593472605244
-2.0119709001490635
8.132420193039513
-0.3212390512843011
-4.548068673446208
-3.7027027490138265
0.5241268731480803
-0.3212390512843011
-3.7027027490138265
3.0602246464452243
-3.7027027490138265
-6.238800522310971
1.3694927975804616
-3.7027027490138265
-2.0119709001490635
-2.0119709001490635
-2.0119709001490635
-1.1666049757166823
-0.3212390512843011
4.750956495309987
-1.1666049757166823
-4.548068673446208
-1.1666049757166823
40.25632532147
-8.774898295608114
30.111934228281427
1.3694927975804616
-7.084166446743351
-1.1666049757166823
-1.1666049757166823
4.750956495309987
45.32852086806429
-5.393434597878589
-1.1666049757166823
-6.238800522310971
-34.98124195301194
35.184129774875714
45.32852086806429
288.7939071045901
-1.1666049757166823
-1.1666049757166823
414.7534298450149
4.750956495309987
-6.238800522310971
2.214858722012843
1.3694927975804616
43.63778901919953
-1.1666049757166823
-5.393434597878589
-3.7027027490138265
-6.238800522310971
-3.7027027490138265
49.555350490226196
70.68949860103574
-7.929532371175733
34.338763850443335
-2.0119709001490635
28.421202379416666
-0.3212390512843011
2.214858722012843
-10.465630144472877
-3.7027027490138265
-13.847093842202403
-0.3212390512843011
-0.3212390512843011
49.555350490226196
177.20560507951578
0.5241268731480803
-1.1666049757166823
-0.3212390512843011
34.338763850443335
6.44168834417475
-1.1666049757166823
0.5241268731480803
41.947057170334766
0.5241268731480803
30.111934228281427
-3.7027027490138265
77.45242599649478
-1.1666049757166823
33.49339792601095
-0.3212390512843011
-7.084166446743351
-3.7027027490138265
42.792423094767145
35.184129774875714
-2.0119709001490635
-4.548068673446208
-7.084166446743351
1.3694927975804616
-3.7027027490138265
1.3694927975804616
-6.238800522310971
1.3694927975804616
-2.0119709001490635
-3.7027027490138265
-7.084166446743351
2.214858722012843
-3.7027027490138265
2.214858722012843
-6.238800522310971
46.173886792496674
-6.238800522310971
2.214858722012843
-7.929532371175733
5.596322419742369
1.3694927975804616
-2.857336824581445
-7.929532371175733
-7.084166446743351
-3.7027027490138265
4.750956495309987
-4.548068673446208
-0.3212390512843011
-9.620264220040497
2.214858722012843
2.214858722012843
29.266568303849045
-3.7027027490138265
-3.7027027490138265
-2.0119709001490635
-0.3212390512843011
7.287054268607131
-8.774898295608114
248.21634273183582
-1.1666049757166823
36.0294956993081
-6.238800522310971
-2.0119709001490635
-0.3212390512843011
-2.0119709001490635
-1.1666049757166823
-2.0119709001490635
-4.548068673446208
2.214858722012843
2.214858722012843
2.214858722012843
1.3694927975804616
76.6070600720624
-0.3212390512843011
-1.1666049757166823
-10.465630144472877
-2.0119709001490635
1.3694927975804616
-2.0119709001490635
-3.7027027490138265
4.750956495309987
3.0602246464452243
31.80266607714619
-1.1666049757166823
-2.0119709001490635
1.3694927975804616
28.421202379416666
43.63778901919953
-1.1666049757166823
-3.7027027490138265
-7.084166446743351
1.3694927975804616
1.3694927975804616
29.266568303849045
242.29878126080914
-2.0119709001490635
-0.3212390512843011
-0.3212390512843011
-4.548068673446208
1.3694927975804616
-0.3212390512843011
-1.1666049757166823
-2.0119709001490635
-7.929532371175733
-11.310996068905258
40.25632532147
-1.1666049757166823
4.750956495309987
-1.1666049757166823
-6.238800522310971
2.214858722012843
3.0602246464452243
-1.1666049757166823
-1.1666049757166823
-2.0119709001490635
-2.0119709001490635
-2.857336824581445
-4.548068673446208
-4.548068673446208
190.7314598704339
0.5241268731480803
139.16413848005863
-2.0119709001490635
-1.1666049757166823
-0.3212390512843011
-2.0119709001490635
-5.393434597878589
-2.0119709001490635
-1.1666049757166823
-7.084166446743351
41.947057170334766
29.266568303849045
-2.0119709001490635
2.214858722012843
-3.7027027490138265
-3.7027027490138265
-1.1666049757166823
-5.393434597878589
3.9055905708776057
-1.1666049757166823
-6.238800522310971
4.750956495309987
3.0602246464452243
-1.1666049757166823
1.3694927975804616
-4.548068673446208
-1.1666049757166823
0.5241268731480803
107.04023335162813
-2.0119709001490635
1.3694927975804616
41.947057170334766
-7.084166446743351
101.96803780503384
-0.3212390512843011
-2.0119709001490635
39.41095939703762
2.214858722012843
-1.1666049757166823
2.214858722012843
2.214858722012843
306.54659151767015
-6.238800522310971
42.792423094767145
-4.548068673446208
-7.084166446743351
-7.084166446743351
-1.1666049757166823
28.421202379416666
1.3694927975804616
-4.548068673446208
-4.548068673446208
-2.857336824581445
2.214858722012843
2.214858722012843
-1.1666049757166823
-3.7027027490138265
0.5241268731480803
-3.7027027490138265
2.214858722012843
-0.3212390512843011
2.214858722012843
2.214858722012843
3.0602246464452243
-4.548068673446208
1.3694927975804616
-0.3212390512843011
3.9055905708776057
-7.084166446743351
-4.548068673446208
-0.3212390512843011
-3.7027027490138265
32.64803200157857
-28.218314557552887
30.95730015271381
-1.1666049757166823
-7.084166446743351
7.287054268607131
-1.1666049757166823
-4.548068673446208
-7.084166446743351
-2.0119709001490635
299.78366412221106
-3.7027027490138265
-3.7027027490138265
-0.3212390512843011
2.214858722012843
-7.084166446743351
-4.548068673446208
3.9055905708776057
88.44218301411574
-2.0119709001490635
-4.548068673446208
-15.537825691067166
3.0602246464452243
-3.7027027490138265
44.48315494363191
260.05146567388914
-2.0119709001490635
-1.1666049757166823
1.3694927975804616
-4.548068673446208
41.947057170334766
-7.084166446743351
-4.548068673446208
-0.3212390512843011
43.63778901919953
-24.83685085982336
1.3694927975804616
298.9382981977787
-0.3212390512843011
3.9055905708776057
2.214858722012843
-11.310996068905258
-6.238800522310971
-2.0119709001490635
98.58657410730432
-7.084166446743351
4.750956495309987
-2.0119709001490635
69.84413267660335
-9.620264220040497
-0.3212390512843011
-1.1666049757166823
62.23583935671192
-2.0119709001490635
-1.1666049757166823
333.59830109950633
2.214858722012843
501.8261200615502
4.750956495309987
-6.238800522310971
1.3694927975804616
3.0602246464452243
-1.1666049757166823
116.33925852038432
-5.393434597878589
-1.1666049757166823
-0.3212390512843011
-6.238800522310971
3.0602246464452243
-1.1666049757166823
-4.548068673446208
1.3694927975804616
-2.0119709001490635
-2.0119709001490635
-15.537825691067166
-7.084166446743351
44.48315494363191
-1.1666049757166823
163.6797502885977
-4.548068673446208
-1.1666049757166823
1.3694927975804616
42.792423094767145
-2.0119709001490635
-3.7027027490138265
3.0602246464452243
-6.238800522310971
-2.0119709001490635
439.269041653554
-4.548068673446208
-0.3212390512843011
142.54560217778814
4.750956495309987
-4.548068673446208
-2.0119709001490635
1.3694927975804616
-7.084166446743351
-2.0119709001490635
-4.548068673446208
-2.0119709001490635
-5.393434597878589
-4.548068673446208
3.0602246464452243
241.45341533637676
0.5241268731480803
4.750956495309987
1.3694927975804616
-3.7027027490138265
-3.7027027490138265
46.173886792496674
-0.3212390512843011
2.214858722012843
-0.3212390512843011
-0.3212390512843011
46.173886792496674
-3.7027027490138265
2.214858722012843
-5.393434597878589
-1.1666049757166823
312.4641529886968
-1.1666049757166823
-4.548068673446208
62.23583935671192
-0.3212390512843011
-5.393434597878589
-2.0119709001490635
-7.084166446743351
4.750956495309987
-6.238800522310971
1.3694927975804616
-0.3212390512843011
3.9055905708776057
0.5241268731480803
-4.548068673446208
-6.238800522310971
-7.084166446743351
-4.548068673446208
-0.3212390512843011
1.3694927975804616
-3.7027027490138265
0.5241268731480803
-2.0119709001490635
5.596322419742369
-4.548068673446208
-6.238800522310971
-2.0119709001490635
1.3694927975804616
-6.238800522310971
42.792423094767145
-4.548068673446208
-3.7027027490138265
3.0602246464452243
-7.084166446743351
1.3694927975804616
47.86461864136144
-7.084166446743351
27.575836454984284
-18.07392346436431
-2.0119709001490635
315.8456166864263
-1.1666049757166823
-0.3212390512843011
3.9055905708776057
-3.7027027490138265
-2.0119709001490635
-2.0119709001490635
-2.0119709001490635
-2.0119709001490635
383.4748906410168
-1.1666049757166823
-1.1666049757166823
2.214858722012843
-2.0119709001490635
36.87486162374048
1.3694927975804616
-4.548068673446208
-7.084166446743351
-3.7027027490138265
42.792423094767145
-3.7027027490138265
5.596322419742369
112.9577948226548
-1.1666049757166823
-2.0119709001490635
-0.3212390512843011
-2.0119709001490635
-7.929532371175733
-2.0119709001490635
36.87486162374048
0.5241268731480803
-2.0119709001490635
-1.1666049757166823
-8.774898295608114
-0.3212390512843011
-1.1666049757166823
4.750956495309987
-2.857336824581445
-0.3212390512843011
3.0602246464452243
-0.3212390512843011
-0.3212390512843011
41.10169124590239
3.0602246464452243
324.2992759307501
2.214858722012843
42.792423094767145
-2.0119709001490635
-8.774898295608114
-2.0119709001490635
-3.7027027490138265
4.750956495309987
-5.393434597878589
-2.0119709001490635
41.947057170334766
-4.548068673446208
-1.1666049757166823
-2.0119709001490635
-1.1666049757166823
43.63778901919953
-3.7027027490138265
-3.7027027490138265
47.01925271692905
1.3694927975804616
-4.548068673446208
-2.0119709001490635
5.596322419742369
-13.847093842202403
-0.3212390512843011
-0.3212390512843011
-2.0119709001490635
-2.0119709001490635
-4.548068673446208
-3.7027027490138265
2.214858722012843
0.5241268731480803
-5.393434597878589
407.9905024495559
-1.1666049757166823
-4.548068673446208
4.750956495309987
-1.1666049757166823
44.48315494363191
-2.0119709001490635
2.214858722012843
1.3694927975804616
-2.0119709001490635
2.214858722012843
-1.1666049757166823
1.3694927975804616
-13.847093842202403
26.7304705305519
-2.0119709001490635
0.5241268731480803
-7.084166446743351
-5.393434597878589
-1.1666049757166823
3.0602246464452243
-10.465630144472877
-2.0119709001490635
1.3694927975804616
40.25632532147
-0.3212390512843011
345.43342404155965
-7.084166446743351
-0.3212390512843011
-2.0119709001490635
-10.465630144472877
-0.3212390512843011
-3.7027027490138265
-0.3212390512843011
-4.548068673446208
-9.620264220040497
-7.084166446743351
2.214858722012843
52.936814187955726
195.80365541702818
-1.1666049757166823
-0.3212390512843011
1.3694927975804616
-1.1666049757166823
-0.3212390512843011
41.947057170334766
-5.393434597878589
10.668517966336656
4.750956495309987
-0.3212390512843011
-7.929532371175733
-7.084166446743351
-20.610021237661453
-5.393434597878589
-5.393434597878589
-4.548068673446208
-5.393434597878589
-2.0119709001490635
-1.1666049757166823
-2.0119709001490635
2.214858722012843
-11.310996068905258
29.266568303849045
2.214858722012843
-0.3212390512843011
-0.3212390512843011
3.9055905708776057
-2.857336824581445
-1.1666049757166823
-2.857336824581445
1.3694927975804616
-6.238800522310971
2.214858722012843
-2.0119709001490635
3.0602246464452243
-13.00172791777002
-5.393434597878589
3.9055905708776057
-6.238800522310971
-17.228557539931927
-3.7027027490138265
-1.1666049757166823
-9.620264220040497
-2.857336824581445
-5.393434597878589
-2.0119709001490635
-5.393434597878589
46.173886792496674
-13.847093842202403
408.83586837398826
2.214858722012843
-54.42465821495671
-4.548068673446208
-5.393434597878589
-3.7027027490138265
47.01925271692905
0.5241268731480803
-23.99148493539098
-7.084166446743351
3.0602246464452243
-9.620264220040497
-7.084166446743351
-4.548068673446208
-2.0119709001490635
28.421202379416666
-7.084166446743351
1.3694927975804616
141.70023625335577
41.947057170334766
-2.0119709001490635
-4.548068673446208
-7.929532371175733
6.44168834417475
-2.0119709001490635
-2.0119709001490635
-6.238800522310971
-7.084166446743351
-2.0119709001490635
1.3694927975804616
-4.548068673446208
-7.084166446743351
79.14315784535954
2.214858722012843
-7.084166446743351
-7.084166446743351
-0.3212390512843011
46.173886792496674
-1.1666049757166823
2.214858722012843
-6.238800522310971
-3.7027027490138265
224.54609684772913
-4.548068673446208
-14.692459766634784
-0.3212390512843011
391.92854988534066
-2.0119709001490635
-1.1666049757166823
320.0724463085882
-3.7027027490138265
-12.15636199333764
76.6070600720624
-1.1666049757166823
-3.7027027490138265
-1.1666049757166823
-4.548068673446208
4.750956495309987
2.214858722012843
-1.1666049757166823
-4.548068673446208
35.184129774875714
-2.0119709001490635
-7.929532371175733
-3.7027027490138265
-5.393434597878589
-0.3212390512843011
-0.3212390512843011
35.184129774875714
-7.929532371175733
47.01925271692905
-2.0119709001490635
42.792423094767145
43.63778901919953
-2.0119709001490635
47.86461864136144
1.3694927975804616
-5.393434597878589
1.3694927975804616
-1.1666049757166823
1.3694927975804616
-5.393434597878589
-3.7027027490138265
-0.3212390512843011
2.214858722012843
1.3694927975804616
51.24608233909096
-2.0119709001490635
3.0602246464452243
-3.7027027490138265
-0.3212390512843011
0.5241268731480803
-0.3212390512843011
-1.1666049757166823
2.214858722012843
-1.1666049757166823
-2.0119709001490635
41.947057170334766
42.792423094767145
-3.7027027490138265
-2.0119709001490635
-1.1666049757166823
-16.38319161549955
-0.3212390512843011
34.338763850443335
-5.393434597878589
2.214858722012843
-2.0119709001490635
2.214858722012843
-0.3212390512843011
-7.084166446743351
1.3694927975804616
