0.32529886860332996
-4.161582077649401
-1.9181416045230353
-6.405022550775766
1.4470191051665127
-4.161582077649401
-1.9181416045230353
-4.161582077649401
-4.161582077649401
208.9652628693553
-0.7964213679598526
-7.526742787338948
-3.039861841086218
1.4470191051665127
-6.405022550775766
0.32529886860332996
0.32529886860332996
-4.161582077649401
-1.9181416045230353
-4.161582077649401
-0.7964213679598526
-4.161582077649401
-10.891903497028496
0.32529886860332996
0.32529886860332996
423.2138280529232
4.81217981485606
76.60227495489976
-3.039861841086218
2.568739341729695
-1.9181416045230353
-0.7964213679598526
-3.039861841086218
-1.9181416045230353
-4.161582077649401
-3.039861841086218
-6.405022550775766
-1.9181416045230353
82.21087613771566
101.28012015928977
-1.9181416045230353
350.30201267631634
-4.161582077649401
0.32529886860332996
-19.86566538953396
3.6904595782928777
1.4470191051665127
-1.9181416045230353
-10.891903497028496
-8.648463023902131
-3.039861841086218
-4.161582077649401
0.32529886860332996
-3.039861841086218
-1.9181416045230353
-1.9181416045230353
-10.891903497028496
2.568739341729695
0.32529886860332996
-1.9181416045230353
81.08915590115248
-12.013623733591679
-1.9181416045230353
-1.9181416045230353
-4.161582077649401
-3.039861841086218
103.52356063241614
-6.405022550775766
0.32529886860332996
-6.405022550775766
-3.039861841086218
-1.9181416045230353
-12.013623733591679
-0.7964213679598526
-4.161582077649401
92.3063582667843
-16.50050467984441
-1.9181416045230353
4.81217981485606
-4.161582077649401
-4.161582077649401
87.81947732053158
-7.526742787338948
-13.135343970154862
-3.039861841086218
0.32529886860332996
79.9674356645893
0.32529886860332996
-3.039861841086218
-1.9181416045230353
5.9339000514192435
-29.9611475186026
10.420780997671974
248.22547114906672
1.4470191051665127
-9.770183260465314
0.32529886860332996
-1.9181416045230353
0.32529886860332996
-0.7964213679598526
-0.7964213679598526
4.81217981485606
-7.526742787338948
2.568739341729695
0.32529886860332996
-1.9181416045230353
1.4470191051665127
1.4470191051665127
-9.770183260465314
-4.161582077649401
100.15839992272659
-15.378784443281226
1.4470191051665127
0.32529886860332996
-0.7964213679598526
-3.039861841086218
-7.526742787338948
0.32529886860332996
-7.526742787338948
5.9339000514192435
1.4470191051665127
-4.161582077649401
-3.039861841086218
-3.039861841086218
-5.283302314212583
-1.9181416045230353
-3.039861841086218
-7.526742787338948
-19.86566538953396
0.32529886860332996
7.055620287982426
-9.770183260465314
-9.770183260465314
-1.9181416045230353
0.32529886860332996
-0.7964213679598526
2.568739341729695
0.32529886860332996
-1.9181416045230353
4.81217981485606
4.81217981485606
-7.526742787338948
-1.9181416045230353
0.32529886860332996
0.32529886860332996
-3.039861841086218
0.32529886860332996
1.4470191051665127
-0.7964213679598526
-7.526742787338948
-12.013623733591679
-12.013623733591679
-12.013623733591679
-0.7964213679598526
0.32529886860332996
-6.405022550775766
-1.9181416045230353
2.568739341729695
-1.9181416045230353
2.568739341729695
-1.9181416045230353
2.568739341729695
-3.039861841086218
0.32529886860332996
88.94119755709475
-6.405022550775766
-4.161582077649401
1.4470191051665127
-1.9181416045230353
-3.039861841086218
-5.283302314212583
-7.526742787338948
-3.039861841086218
-1.9181416045230353
-3.039861841086218
-4.161582077649401
-7.526742787338948
2.568739341729695
-1.9181416045230353
-0.7964213679598526
3.6904595782928777
-1.9181416045230353
-7.526742787338948
-7.526742787338948
-3.039861841086218
-3.039861841086218
-10.891903497028496
0.32529886860332996
-23.230826099223506
-0.7964213679598526
0.32529886860332996
-4.161582077649401
-6.405022550775766
-0.7964213679598526
177.5570962455862
37.342066675188356
-1.9181416045230353
-4.161582077649401
-6.405022550775766
-7.526742787338948
0.32529886860332996
-1.9181416045230353
-1.9181416045230353
2.568739341729695
-4.161582077649401
-12.013623733591679
-6.405022550775766
-4.161582077649401
-4.161582077649401
2.568739341729695
-6.405022550775766
0.32529886860332996
-1.9181416045230353
330.11104841817905
2.568739341729695
-3.039861841086218
1.4470191051665127
-10.891903497028496
-1.9181416045230353
3.6904595782928777
36.22034643862518
-12.013623733591679
-1.9181416045230353
-1.9181416045230353
-0.7964213679598526
-6.405022550775766
0.32529886860332996
1.4470191051665127
-4.161582077649401
-3.039861841086218
36.22034643862518
-3.039861841086218
-3.039861841086218
91.18463803022112
-7.526742787338948
-1.9181416045230353
1.4470191051665127
-3.039861841086218
241.49514972968763
0.32529886860332996
-0.7964213679598526
-1.9181416045230353
-0.7964213679598526
-3.039861841086218
1.4470191051665127
-1.9181416045230353
-1.9181416045230353
-1.9181416045230353
0.32529886860332996
-1.9181416045230353
-12.013623733591679
3.6904595782928777
0.32529886860332996
-15.378784443281226
-1.9181416045230353
-4.161582077649401
-4.161582077649401
-0.7964213679598526
-1.9181416045230353
-14.257064206718045
-9.770183260465314
0.32529886860332996
-1.9181416045230353
-4.161582077649401
-18.743945152970774
-4.161582077649401
-14.257064206718045
-1.9181416045230353
-4.161582077649401
-1.9181416045230353
-13.135343970154862
1.4470191051665127
-0.7964213679598526
1.4470191051665127
94.54979873991067
0.32529886860332996
-3.039861841086218
175.31365577245984
-1.9181416045230353
2.568739341729695
-3.039861841086218
5.9339000514192435
-1.9181416045230353
405.2663042679123
110.25388205179523
2.568739341729695
110.25388205179523
2.568739341729695
-3.039861841086218
-15.378784443281226
-4.161582077649401
-0.7964213679598526
-7.526742787338948
-4.161582077649401
-0.7964213679598526
-3.039861841086218
-1.9181416045230353
0.32529886860332996
-1.9181416045230353
-0.7964213679598526
-3.039861841086218
0.32529886860332996
-7.526742787338948
78.84571542802611
-5.283302314212583
-12.013623733591679
0.32529886860332996
79.9674356645893
271.7815961168935
-17.622224916407593
1.4470191051665127
1.4470191051665127
1.4470191051665127
-1.9181416045230353
-5.283302314212583
33.97690596549881
3.6904595782928777
2.568739341729695
31.733465492372446
-1.9181416045230353
459.10887562294505
-0.7964213679598526
-1.9181416045230353
-3.039861841086218
-1.9181416045230353
-4.161582077649401
-6.405022550775766
-1.9181416045230353
-4.161582077649401
287.4856794287781
-3.039861841086218
-1.9181416045230353
-4.161582077649401
32.85518572893562
-14.257064206718045
-4.161582077649401
1.4470191051665127
-8.648463023902131
-9.770183260465314
-1.9181416045230353
1.4470191051665127
4.81217981485606
-1.9181416045230353
-4.161582077649401
436.6744708916814
201.11322121341303
-1.9181416045230353
-15.378784443281226
1.4470191051665127
-7.526742787338948
33.97690596549881
-3.039861841086218
-4.161582077649401
-3.039861841086218
-4.161582077649401
0.32529886860332996
-1.9181416045230353
-0.7964213679598526
-0.7964213679598526
0.32529886860332996
3.6904595782928777
83.33259637427885
0.32529886860332996
-4.161582077649401
0.32529886860332996
1.4470191051665127
1.4470191051665127
1.4470191051665127
-0.7964213679598526
-1.9181416045230353
0.32529886860332996
-4.161582077649401
-4.161582077649401
-3.039861841086218
-33.32630822829215
-7.526742787338948
0.32529886860332996
3.6904595782928777
-7.526742787338948
-1.9181416045230353
-1.9181416045230353
-1.9181416045230353
-4.161582077649401
100.15839992272659
-1.9181416045230353
1.4470191051665127
4.81217981485606
-1.9181416045230353
-14.257064206718045
-1.9181416045230353
1.4470191051665127
-4.161582077649401
-4.161582077649401
-1.9181416045230353
1.4470191051665127
428.8224292357391
-6.405022550775766
-1.9181416045230353
-0.7964213679598526
-14.257064206718045
25.003144072993347
-4.161582077649401
-4.161582077649401
-1.9181416045230353
2.568739341729695
-3.039861841086218
1.4470191051665127
-5.283302314212583
-6.405022550775766
0.32529886860332996
-12.013623733591679
-3.039861841086218
0.32529886860332996
1.4470191051665127
129.32312607336934
-42.30007012079761
49.68098927738337
3.6904595782928777
0.32529886860332996
-4.161582077649401
1.4470191051665127
-23.230826099223506
-1.9181416045230353
2.568739341729695
-5.283302314212583
0.32529886860332996
2.568739341729695
-24.352546335786688
0.32529886860332996
4.81217981485606
1.4470191051665127
-0.7964213679598526
-6.405022550775766
2.568739341729695
-3.039861841086218
0.32529886860332996
-20.98738562609714
-7.526742787338948
1.4470191051665127
-1.9181416045230353
2.568739341729695
-1.9181416045230353
-3.039861841086218
-1.9181416045230353
1.4470191051665127
-5.283302314212583
-6.405022550775766
-4.161582077649401
0.32529886860332996
-4.161582077649401
-7.526742787338948
-3.039861841086218
-3.039861841086218
-1.9181416045230353
2.568739341729695
-3.039861841086218
-7.526742787338948
-8.648463023902131
-19.86566538953396
-4.161582077649401
-3.039861841086218
-1.9181416045230353
378.3450185903959
-3.039861841086218
1.4470191051665127
-0.7964213679598526
-7.526742787338948
-3.039861841086218
0.32529886860332996
-1.9181416045230353
-4.161582077649401
-3.039861841086218
-12.013623733591679
2.568739341729695
-1.9181416045230353
4.81217981485606
-0.7964213679598526
-3.039861841086218
-1.9181416045230353
1.4470191051665127
-4.161582077649401
-4.161582077649401
1.4470191051665127
0.32529886860332996
0.32529886860332996
-1.9181416045230353
-3.039861841086218
78.84571542802611
-0.7964213679598526
0.32529886860332996
1.4470191051665127
211.2087033424817
0.32529886860332996
-6.405022550775766
-1.9181416045230353
-4.161582077649401
3.6904595782928777
-1.9181416045230353
-6.405022550775766
130.44484630993253
-0.7964213679598526
-3.039861841086218
-4.161582077649401
-3.039861841086218
0.32529886860332996
1.4470191051665127
-10.891903497028496
-6.405022550775766
-7.526742787338948
-1.9181416045230353
-7.526742787338948
-1.9181416045230353
-6.405022550775766
0.32529886860332996
1.4470191051665127
2.568739341729695
-7.526742787338948
-1.9181416045230353
-3.039861841086218
-3.039861841086218
0.32529886860332996
2.568739341729695
-6.405022550775766
-1.9181416045230353
1.4470191051665127
1.4470191051665127
0.32529886860332996
0.32529886860332996
1.4470191051665127
-5.283302314212583
-1.9181416045230353
-1.9181416045230353
-0.7964213679598526
2.568739341729695
-4.161582077649401
-1.9181416045230353
0.32529886860332996
-1.9181416045230353
-7.526742787338948
-10.891903497028496
0.32529886860332996
0.32529886860332996
-4.161582077649401
-3.039861841086218
0.32529886860332996
-3.039861841086218
-9.770183260465314
-1.9181416045230353
3.6904595782928777
-4.161582077649401
-3.039861841086218
0.32529886860332996
2.568739341729695
-7.526742787338948
-0.7964213679598526
-8.648463023902131
-17.622224916407593
-5.283302314212583
-0.7964213679598526
-1.9181416045230353
-1.9181416045230353
-4.161582077649401
0.32529886860332996
33.97690596549881
3.6904595782928777
-15.378784443281226
-10.891903497028496
-7.526742787338948
3.6904595782928777
-3.039861841086218
7.055620287982426
2.568739341729695
-0.7964213679598526
-6.405022550775766
-7.526742787338948
97.91495944960022
1.4470191051665127
1.4470191051665127
150.63581056806981
0.32529886860332996
0.32529886860332996
-3.039861841086218
0.32529886860332996
-7.526742787338948
5.9339000514192435
-1.9181416045230353
-1.9181416045230353
0.32529886860332996
-3.039861841086218
-16.50050467984441
2.568739341729695
0.32529886860332996
145.0272093852539
-0.7964213679598526
-1.9181416045230353
-33.32630822829215
-1.9181416045230353
1.4470191051665127
-1.9181416045230353
-9.770183260465314
123.71452489055342
2.568739341729695
-13.135343970154862
-8.648463023902131
-1.9181416045230353
4.81217981485606
-1.9181416045230353
-14.257064206718045
-1.9181416045230353
69.87195353552066
-22.10910586266032
-5.283302314212583
-3.039861841086218
1.4470191051665127
-1.9181416045230353
133.81000701962208
-10.891903497028496
0.32529886860332996
-8.648463023902131
-6.405022550775766
-6.405022550775766
-4.161582077649401
-0.7964213679598526
-4.161582077649401
31.733465492372446
-1.9181416045230353
-4.161582077649401
0.32529886860332996
0.32529886860332996
-1.9181416045230353
-0.7964213679598526
-6.405022550775766
1.4470191051665127
-5.283302314212583
-1.9181416045230353
-0.7964213679598526
-4.161582077649401
-10.891903497028496
0.32529886860332996
1.4470191051665127
-9.770183260465314
0.32529886860332996
-3.039861841086218
-0.7964213679598526
-24.352546335786688
0.32529886860332996
-3.039861841086218
-3.039861841086218
0.32529886860332996
-1.9181416045230353
-1.9181416045230353
-1.9181416045230353
4.81217981485606
-1.9181416045230353
76.60227495489976
29.49002501924608
-1.9181416045230353
1.4470191051665127
-3.039861841086218
-10.891903497028496
0.32529886860332996
3.6904595782928777
-3.039861841086218
-7.526742787338948
1.4470191051665127
-4.161582077649401
-1.9181416045230353
-1.9181416045230353
1.4470191051665127
-0.7964213679598526
1.4470191051665127
1.4470191051665127
-7.526742787338948
1.4470191051665127
-1.9181416045230353
-8.648463023902131
1.4470191051665127
1.4470191051665127
-6.405022550775766
-10.891903497028496
-1.9181416045230353
207.84354263279212
-3.039861841086218
-4.161582077649401
-9.770183260465314
-7.526742787338948
-15.378784443281226
-7.526742787338948
0.32529886860332996
-6.405022550775766
35.09862620206199
1.4470191051665127
-6.405022550775766
1.4470191051665127
2.568739341729695
3.6904595782928777
-6.405022550775766
0.32529886860332996
-3.039861841086218
-3.039861841086218
0.32529886860332996
-6.405022550775766
1.4470191051665127
1.4470191051665127
1.4470191051665127
2.568739341729695
-3.039861841086218
-3.039861841086218
-6.405022550775766
-1.9181416045230353
-3.039861841086218
-7.526742787338948
-0.7964213679598526
-0.7964213679598526
352.5454531494427
-1.9181416045230353
-6.405022550775766
-0.7964213679598526
-3.039861841086218
-3.039861841086218
0.32529886860332996
0.32529886860332996
0.32529886860332996
-4.161582077649401
-9.770183260465314
1.4470191051665127
0.32529886860332996
1.4470191051665127
73.23711424521021
-5.283302314212583
-3.039861841086218
2.568739341729695
-1.9181416045230353
-1.9181416045230353
0.32529886860332996
1.4470191051665127
2.568739341729695
0.32529886860332996
-3.039861841086218
-3.039861841086218
0.32529886860332996
0.32529886860332996
-6.405022550775766
186.53085813809167
1.4470191051665127
-1.9181416045230353
0.32529886860332996
-14.257064206718045
-1.9181416045230353
4.81217981485606
1.4470191051665127
1.4470191051665127
1.4470191051665127
28.368304782682895
119.2276439443007
-5.283302314212583
-5.283302314212583
-1.9181416045230353
-6.405022550775766
-0.7964213679598526
-15.378784443281226
3.6904595782928777
0.32529886860332996
-3.039861841086218
-1.9181416045230353
0.32529886860332996
1.4470191051665127
289.7291199019045
-12.013623733591679
-3.039861841086218
-10.891903497028496
-14.257064206718045
-4.161582077649401
477.05639940795595
100.15839992272659
232.52138783718215
-0.7964213679598526
-5.283302314212583
1.4470191051665127
-3.039861841086218
-0.7964213679598526
2.568739341729695
171.9484950627703
-0.7964213679598526
0.32529886860332996
2.568739341729695
-4.161582077649401
-0.7964213679598526
-10.891903497028496
-13.135343970154862
-1.9181416045230353
-1.9181416045230353
-1.9181416045230353
-1.9181416045230353
-1.9181416045230353
-6.405022550775766
-0.7964213679598526
-3.039861841086218
-1.9181416045230353
0.32529886860332996
0.32529886860332996
-19.86566538953396
-1.9181416045230353
-3.039861841086218
216.8173045252976
-1.9181416045230353
-4.161582077649401
-3.039861841086218
0.32529886860332996
-1.9181416045230353
-9.770183260465314
-1.9181416045230353
73.23711424521021
-9.770183260465314
-4.161582077649401
-1.9181416045230353
-1.9181416045230353
-1.9181416045230353
-4.161582077649401
-3.039861841086218
0.32529886860332996
0.32529886860332996
-6.405022550775766
-1.9181416045230353
-3.039861841086218
0.32529886860332996
3.6904595782928777
-4.161582077649401
5.9339000514192435
7.055620287982426
0.32529886860332996
-8.648463023902131
-8.648463023902131
-6.405022550775766
-5.283302314212583
-1.9181416045230353
1.4470191051665127
0.32529886860332996
-8.648463023902131
1.4470191051665127
1.4470191051665127
115.86248323461115
-25.474266572349872
5.9339000514192435
-3.039861841086218
-3.039861841086218
-5.283302314212583
-0.7964213679598526
-4.161582077649401
-4.161582077649401
-1.9181416045230353
2.568739341729695
0.32529886860332996
-5.283302314212583
1.4470191051665127
0.32529886860332996
2.568739341729695
-4.161582077649401
-0.7964213679598526
191.01773908434438
0.32529886860332996
-6.405022550775766
-1.9181416045230353
-4.161582077649401
-4.161582077649401
-9.770183260465314
359.2757745688218
-5.283302314212583
-5.283302314212583
3.6904595782928777
-1.9181416045230353
-6.405022550775766
-6.405022550775766
0.32529886860332996
0.32529886860332996
1.4470191051665127
-4.161582077649401
-4.161582077649401
-6.405022550775766
0.32529886860332996
0.32529886860332996
-3.039861841086218
-1.9181416045230353
-6.405022550775766
33.97690596549881
0.32529886860332996
2.568739341729695
-1.9181416045230353
0.32529886860332996
-6.405022550775766
1.4470191051665127
1.4470191051665127
-10.891903497028496
-6.405022550775766
-10.891903497028496
-1.9181416045230353
-7.526742787338948
-3.039861841086218
-9.770183260465314
-4.161582077649401
-20.98738562609714
-1.9181416045230353
-1.9181416045230353
-1.9181416045230353
1.4470191051665127
2.568739341729695
0.32529886860332996
0.32529886860332996
-4.161582077649401
-3.039861841086218
432.18758994542867
2.568739341729695
-1.9181416045230353
-1.9181416045230353
-8.648463023902131
-6.405022550775766
-12.013623733591679
0.32529886860332996
-3.039861841086218
0.32529886860332996
-1.9181416045230353
-4.161582077649401
4.81217981485606
1.4470191051665127
-3.039861841086218
0.32529886860332996
-3.039861841086218
1.4470191051665127
-8.648463023902131
0.32529886860332996
-0.7964213679598526
-3.039861841086218
-1.9181416045230353
1.4470191051665127
101.28012015928977
-1.9181416045230353
-3.039861841086218
-1.9181416045230353
-0.7964213679598526
-3.039861841086218
-17.622224916407593
0.32529886860332996
90.06291779365795
0.32529886860332996
-7.526742787338948
-3.039861841086218
-1.9181416045230353
156.24441175088575
-14.257064206718045
-6.405022550775766
0.32529886860332996
1.4470191051665127
-7.526742787338948
4.81217981485606
-6.405022550775766
-8.648463023902131
0.32529886860332996
1.4470191051665127
-1.9181416045230353
-3.039861841086218
0.32529886860332996
-3.039861841086218
0.32529886860332996
-3.039861841086218
-12.013623733591679
-1.9181416045230353
1.4470191051665127
1.4470191051665127
-10.891903497028496
-8.648463023902131
1.4470191051665127
0.32529886860332996
-4.161582077649401
-1.9181416045230353
-1.9181416045230353
-4.161582077649401
-4.161582077649401
-8.648463023902131
-4.161582077649401
-8.648463023902131
-5.283302314212583
2.568739341729695
-4.161582077649401
4.81217981485606
-9.770183260465314
-3.039861841086218
-1.9181416045230353
119.2276439443007
4.81217981485606
-3.039861841086218
-3.039861841086218
-12.013623733591679
-0.7964213679598526
-4.161582077649401
-0.7964213679598526
127.07968560024297
2.568739341729695
-3.039861841086218
-1.9181416045230353
3.6904595782928777
120.34936418086387
-4.161582077649401
2.568739341729695
-1.9181416045230353
0.32529886860332996
105.7670011055425
-7.526742787338948
289.7291199019045
-0.7964213679598526
-9.770183260465314
1.4470191051665127
112.4973225249216
1.4470191051665127
-1.9181416045230353
-6.405022550775766
-1.9181416045230353
-1.9181416045230353
-8.648463023902131
36.22034643862518
-0.7964213679598526
-10.891903497028496
-7.526742787338948
-6.405022550775766
5.9339000514192435
-1.9181416045230353
454.62199467669234
-4.161582077649401
-3.039861841086218
-38.934909411108066
42.95066785800427
-3.039861841086218
-5.283302314212583
-4.161582077649401
1.4470191051665127
-16.50050467984441
-1.9181416045230353
-3.039861841086218
-0.7964213679598526
3.6904595782928777
0.32529886860332996
-4.161582077649401
-3.039861841086218
-7.526742787338948
-4.161582077649401
-7.526742787338948
-1.9181416045230353
-1.9181416045230353
-10.891903497028496
0.32529886860332996
-0.7964213679598526
35.09862620206199
-8.648463023902131
-5.283302314212583
-10.891903497028496
2.568739341729695
-16.50050467984441
2.568739341729695
-3.039861841086218
4.81217981485606
-1.9181416045230353
-3.039861841086218
5.9339000514192435
-3.039861841086218
0.32529886860332996
-3.039861841086218
1.4470191051665127
3.6904595782928777
1.4470191051665127
0.32529886860332996
-1.9181416045230353
-1.9181416045230353
309.92008416004177
0.32529886860332996
-3.039861841086218
2.568739341729695
-1.9181416045230353
1.4470191051665127
3.6904595782928777
1.4470191051665127
-0.7964213679598526
-1.9181416045230353
-9.770183260465314
2.568739341729695
-13.135343970154862
-1.9181416045230353
-1.9181416045230353
-1.9181416045230353
-4.161582077649401
0.32529886860332996
-5.283302314212583
-1.9181416045230353
-6.405022550775766
-4.161582077649401
-6.405022550775766
0.32529886860332996
-3.039861841086218
2.568739341729695
-12.013623733591679
4.81217981485606
-1.9181416045230353
-1.9181416045230353
-7.526742787338948
-6.405022550775766
-4.161582077649401
2.568739341729695
-4.161582077649401
85.5760368474052
461.35231609607143
-1.9181416045230353
-3.039861841086218
3.6904595782928777
1.4470191051665127
2.568739341729695
0.32529886860332996
-0.7964213679598526
2.568739341729695
-3.039861841086218
-6.405022550775766
-3.039861841086218
0.32529886860332996
363.7626555150745
-3.039861841086218
0.32529886860332996
102.40184039585296
-3.039861841086218
-1.9181416045230353
0.32529886860332996
-4.161582077649401
3.6904595782928777
-0.7964213679598526
1.4470191051665127
-5.283302314212583
0.32529886860332996
0.32529886860332996
-3.039861841086218
-5.283302314212583
2.568739341729695
-3.039861841086218
-1.9181416045230353
1.4470191051665127
-0.7964213679598526
1.4470191051665127
-7.526742787338948
-3.039861841086218
0.32529886860332996
37.342066675188356
-1.9181416045230353
-1.9181416045230353
-1.9181416045230353
-4.161582077649401
-1.9181416045230353
-4.161582077649401
-5.283302314212583
-8.648463023902131
-0.7964213679598526
105.7670011055425
-1.9181416045230353
-3.039861841086218
-3.039861841086218
0.32529886860332996
0.32529886860332996
-1.9181416045230353
-1.9181416045230353
-10.891903497028496
-0.7964213679598526
0.32529886860332996
-4.161582077649401
0.32529886860332996
-6.405022550775766
-3.039861841086218
5.9339000514192435
224.6693461812399
-1.9181416045230353
-1.9181416045230353
-1.9181416045230353
3.6904595782928777
0.32529886860332996
0.32529886860332996
-1.9181416045230353
131.5665665464957
-1.9181416045230353
-3.039861841086218
-1.9181416045230353
-1.9181416045230353
1.4470191051665127
2.568739341729695
193.26117955747077
1.4470191051665127
336.84136983755815
-0.7964213679598526
-1.9181416045230353
-0.7964213679598526
5.9339000514192435
-4.161582077649401
0.32529886860332996
-1.9181416045230353
-7.526742787338948
81.08915590115248
-3.039861841086218
-8.648463023902131
5.9339000514192435
-0.7964213679598526
-1.9181416045230353
2.568739341729695
-1.9181416045230353
-3.039861841086218
-1.9181416045230353
-3.039861841086218
-1.9181416045230353
-1.9181416045230353
1.4470191051665127
91.18463803022112
-5.283302314212583
-3.039861841086218
1.4470191051665127
-5.283302314212583
-1.9181416045230353
-1.9181416045230353
3.6904595782928777
-1.9181416045230353
-5.283302314212583
-9.770183260465314
-0.7964213679598526
-9.770183260465314
-7.526742787338948
0.32529886860332996
1.4470191051665127
32.85518572893562
7.055620287982426
-5.283302314212583
-3.039861841086218
-4.161582077649401
-0.7964213679598526
0.32529886860332996
1.4470191051665127
-6.405022550775766
0.32529886860332996
2.568739341729695
1.4470191051665127
-1.9181416045230353
-0.7964213679598526
95.67151897647385
4.81217981485606
4.81217981485606
4.81217981485606
0.32529886860332996
-1.9181416045230353
-4.161582077649401
-1.9181416045230353
-6.405022550775766
-1.9181416045230353
0.32529886860332996
-36.691468937981696
44.07238809456745
-3.039861841086218
-6.405022550775766
-3.039861841086218
0.32529886860332996
-0.7964213679598526
-1.9181416045230353
-4.161582077649401
-6.405022550775766
251.59063185875627
-3.039861841086218
2.568739341729695
-1.9181416045230353
-6.405022550775766
271.7815961168935
-1.9181416045230353
-4.161582077649401
-3.039861841086218
1.4470191051665127
-23.230826099223506
0.32529886860332996
1.4470191051665127
-0.7964213679598526
-6.405022550775766
160.73129269713846
-4.161582077649401
78.84571542802611
-0.7964213679598526
-4.161582077649401
-8.648463023902131
0.32529886860332996
-0.7964213679598526
-1.9181416045230353
-29.9611475186026
-0.7964213679598526
-7.526742787338948
0.32529886860332996
1.4470191051665127
-3.039861841086218
-16.50050467984441
0.32529886860332996
-4.161582077649401
2.568739341729695
-6.405022550775766
-0.7964213679598526
-1.9181416045230353
-1.9181416045230353
-10.891903497028496
-4.161582077649401
1.4470191051665127
-4.161582077649401
438.91791136480776
0.32529886860332996
-7.526742787338948
2.568739341729695
-34.448028464855334
0.32529886860332996
-8.648463023902131
1.4470191051665127
0.32529886860332996
-4.161582077649401
-3.039861841086218
429.9441494723023
-3.039861841086218
2.568739341729695
-1.9181416045230353
-1.9181416045230353
-4.161582077649401
-1.9181416045230353
-1.9181416045230353
1.4470191051665127
0.32529886860332996
-10.891903497028496
-1.9181416045230353
0.32529886860332996
-1.9181416045230353
0.32529886860332996
1.4470191051665127
-4.161582077649401
-1.9181416045230353
1.4470191051665127
0.32529886860332996
-3.039861841086218
1.4470191051665127
-4.161582077649401
-1.9181416045230353
-19.86566538953396
-3.039861841086218
-1.9181416045230353
-3.039861841086218
-0.7964213679598526
-6.405022550775766
3.6904595782928777
3.6904595782928777
-0.7964213679598526
148.39237009494346
-4.161582077649401
87.81947732053158
-12.013623733591679
-1.9181416045230353
119.2276439443007
-8.648463023902131
4.81217981485606
0.32529886860332996
2.568739341729695
-5.283302314212583
91.18463803022112
0.32529886860332996
0.32529886860332996
1.4470191051665127
2.568739341729695
1.4470191051665127
-3.039861841086218
-0.7964213679598526
1.4470191051665127
1.4470191051665127
151.757530804633
344.69341149350043
-7.526742787338948
-8.648463023902131
1.4470191051665127
-6.405022550775766
-0.7964213679598526
70.99367377208384
-0.7964213679598526
3.6904595782928777
-4.161582077649401
0.32529886860332996
-1.9181416045230353
-1.9181416045230353
3.6904595782928777
3.6904595782928777
-4.161582077649401
-3.039861841086218
1.4470191051665127
150.63581056806981
0.32529886860332996
-0.7964213679598526
2.568739341729695
-1.9181416045230353
1.4470191051665127
0.32529886860332996
355.91061385913224
0.32529886860332996
140.54032843900117
-3.039861841086218
-4.161582077649401
-6.405022550775766
-9.770183260465314
3.6904595782928777
-4.161582077649401
0.32529886860332996
-4.161582077649401
-1.9181416045230353
38.46378691175154
-27.717707045476235
-7.526742787338948
-7.526742787338948
143.90548914869072
-3.039861841086218
-1.9181416045230353
-1.9181416045230353
-3.039861841086218
-1.9181416045230353
101.28012015928977
0.32529886860332996
-10.891903497028496
-1.9181416045230353
-4.161582077649401
4.81217981485606
-6.405022550775766
-0.7964213679598526
-1.9181416045230353
-7.526742787338948
-3.039861841086218
-1.9181416045230353
0.32529886860332996
-1.9181416045230353
-0.7964213679598526
-3.039861841086218
-3.039861841086218
-3.039861841086218
-4.161582077649401
-3.039861841086218
-9.770183260465314
-1.9181416045230353
3.6904595782928777
-1.9181416045230353
-5.283302314212583
-3.039861841086218
-13.135343970154862
87.81947732053158
-13.135343970154862
-1.9181416045230353
-1.9181416045230353
73.23711424521021
-1.9181416045230353
0.32529886860332996
4.81217981485606
-3.039861841086218
-7.526742787338948
-14.257064206718045
0.32529886860332996
-1.9181416045230353
182.04397719183893
-16.50050467984441
-5.283302314212583
0.32529886860332996
1.4470191051665127
148.39237009494346
-6.405022550775766
-4.161582077649401
-14.257064206718045
-4.161582077649401
1.4470191051665127
2.568739341729695
-4.161582077649401
-6.405022550775766
499.4908041392196
4.81217981485606
137.17516772931162
0.32529886860332996
199.99150097684986
87.81947732053158
-9.770183260465314
115.86248323461115
-4.161582077649401
2.568739341729695
182.04397719183893
-1.9181416045230353
4.81217981485606
146.1489296218171
-4.161582077649401
-5.283302314212583
-16.50050467984441
1.4470191051665127
1.4470191051665127
-1.9181416045230353
-5.283302314212583
1.4470191051665127
136.05344749274843
0.32529886860332996
-1.9181416045230353
-3.039861841086218
-3.039861841086218
-1.9181416045230353
0.32529886860332996
-15.378784443281226
33.97690596549881
-3.039861841086218
-1.9181416045230353
-15.378784443281226
-7.526742787338948
73.23711424521021
-3.039861841086218
-14.257064206718045
0.32529886860332996
2.568739341729695
1.4470191051665127
0.32529886860332996
-19.86566538953396
-7.526742787338948
1.4470191051665127
-4.161582077649401
-7.526742787338948
0.32529886860332996
-4.161582077649401
1.4470191051665127
0.32529886860332996
-16.50050467984441
-12.013623733591679
-1.9181416045230353
4.81217981485606
0.32529886860332996
1.4470191051665127
-7.526742787338948
-1.9181416045230353
83.33259637427885
-1.9181416045230353
0.32529886860332996
-7.526742787338948
76.60227495489976
1.4470191051665127
-4.161582077649401
-3.039861841086218
419.84866734323367
-13.135343970154862
-4.161582077649401
-0.7964213679598526
-3.039861841086218
0.32529886860332996
-4.161582077649401
-1.9181416045230353
-3.039861841086218
2.568739341729695
-10.891903497028496
-4.161582077649401
3.6904595782928777
-1.9181416045230353
0.32529886860332996
-0.7964213679598526
0.32529886860332996
-3.039861841086218
-6.405022550775766
-1.9181416045230353
119.2276439443007
0.32529886860332996
-3.039861841086218
0.32529886860332996
-9.770183260465314
0.32529886860332996
0.32529886860332996
-1.9181416045230353
-15.378784443281226
-1.9181416045230353
0.32529886860332996
-7.526742787338948
-1.9181416045230353
-3.039861841086218
73.23711424521021
-3.039861841086218
2.568739341729695
-13.135343970154862
82.21087613771566
74.35883448177339
-6.405022550775766
132.68828678305889
-4.161582077649401
-3.039861841086218
4.81217981485606
95.67151897647385
-19.86566538953396
-4.161582077649401
2.568739341729695
-4.161582077649401
-4.161582077649401
-1.9181416045230353
-4.161582077649401
-7.526742787338948
-3.039861841086218
-3.039861841086218
-10.891903497028496
1.4470191051665127
3.6904595782928777
-10.891903497028496
-10.891903497028496
0.32529886860332996
-3.039861841086218
1.4470191051665127
111.37560228835841
-4.161582077649401
-0.7964213679598526
1.4470191051665127
-0.7964213679598526
-3.039861841086218
-0.7964213679598526
-4.161582077649401
-10.891903497028496
171.9484950627703
100.15839992272659
1.4470191051665127
-5.283302314212583
170.8267748262071
471.44779822514005
72.11539400864702
0.32529886860332996
1.4470191051665127
-14.257064206718045
-4.161582077649401
-13.135343970154862
92.3063582667843
-6.405022550775766
-10.891903497028496
0.32529886860332996
-12.013623733591679
-1.9181416045230353
-6.405022550775766
-1.9181416045230353
1.4470191051665127
-1.9181416045230353
1.4470191051665127
-0.7964213679598526
148.39237009494346
-3.039861841086218
1.4470191051665127
1.4470191051665127
-5.283302314212583
0.32529886860332996
1.4470191051665127
-4.161582077649401
-5.283302314212583
-3.039861841086218
355.91061385913224
2.568739341729695
-4.161582077649401
0.32529886860332996
-4.161582077649401
96.79323921303704
0.32529886860332996
288.6073996653413
-0.7964213679598526
-3.039861841086218
-3.039861841086218
-4.161582077649401
-9.770183260465314
-7.526742787338948
-1.9181416045230353
3.6904595782928777
-1.9181416045230353
3.6904595782928777
280.755358009399
92.3063582667843
-3.039861841086218
-3.039861841086218
0.32529886860332996
1.4470191051665127
-0.7964213679598526
-1.9181416045230353
-1.9181416045230353
-8.648463023902131
-1.9181416045230353
-3.039861841086218
-3.039861841086218
-7.526742787338948
-1.9181416045230353
-15.378784443281226
-5.283302314212583
-1.9181416045230353
-8.648463023902131
1.4470191051665127
-1.9181416045230353
-3.039861841086218
-4.161582077649401
-1.9181416045230353
-4.161582077649401
