158.0
160.0
161.0
158.0
160.0
199.0
155.0
200.0
157.0
200.0
154.0
159.0
160.0
198.0
155.0
198.0
157.0
197.0
198.0
154.0
198.0
160.0
199.0
157.0
156.0
154.0
158.0
201.0
426.0
161.0
200.0
152.0
145.0
155.0
200.0
157.0
197.0
160.0
203.0
154.0
200.0
152.0
200.0
160.0
198.0
154.0
200.0
157.0
200.0
150.0
503.0
154.0
202.0
154.0
201.0
160.0
198.0
162.0
208.0
151.0
200.0
150.0
156.0
160.0
197.0
162.0
162.0
199.0
157.0
154.0
357.0
158.0
200.0
156.0
153.0
155.0
198.0
156.0
196.0
154.0
201.0
154.0
198.0
161.0
157.0
152.0
200.0
162.0
198.0
157.0
200.0
146.0
197.0
153.0
200.0
164.0
198.0
152.0
160.0
199.0
444.0
155.0
199.0
152.0
198.0
160.0
199.0
160.0
201.0
157.0
199.0
160.0
160.0
202.0
160.0
198.0
153.0
200.0
161.0
202.0
160.0
198.0
154.0
202.0
221.0
160.0
198.0
150.0
197.0
156.0
200.0
159.0
160.0
201.0
146.0
200.0
157.0
203.0
157.0
198.0
157.0
152.0
156.0
202.0
156.0
157.0
157.0
201.0
157.0
150.0
197.0
156.0
198.0
157.0
201.0
162.0
200.0
155.0
157.0
200.0
151.0
199.0
156.0
157.0
155.0
194.0
161.0
200.0
153.0
157.0
198.0
155.0
202.0
154.0
198.0
157.0
200.0
154.0
199.0
158.0
197.0
160.0
199.0
158.0
200.0
157.0
153.0
200.0
153.0
201.0
156.0
200.0
157.0
200.0
142.0
201.0
157.0
157.0
198.0
151.0
200.0
157.0
152.0
200.0
155.0
198.0
157.0
198.0
156.0
198.0
154.0
197.0
156.0
208.0
154.0
202.0
151.0
203.0
162.0
156.0
199.0
152.0
199.0
156.0
197.0
158.0
200.0
160.0
198.0
165.0
198.0
157.0
197.0
156.0
200.0
155.0
158.0
202.0
157.0
158.0
157.0
162.0
142.0
196.0
161.0
160.0
157.0
154.0
153.0
157.0
201.0
155.0
150.0
157.0
155.0
198.0
154.0
199.0
152.0
202.0
154.0
199.0
155.0
198.0
155.0
158.0
199.0
157.0
201.0
150.0
196.0
151.0
199.0
156.0
202.0
242.0
198.0
160.0
201.0
154.0
156.0
200.0
155.0
200.0
147.0
160.0
197.0
158.0
200.0
154.0
201.0
156.0
200.0
160.0
201.0
150.0
150.0
157.0
157.0
199.0
158.0
198.0
155.0
158.0
156.0
155.0
202.0
140.0
199.0
155.0
155.0
197.0
160.0
199.0
155.0
198.0
149.0
200.0
156.0
201.0
155.0
197.0
159.0
198.0
150.0
158.0
154.0
201.0
157.0
162.0
200.0
161.0
156.0
202.0
158.0
199.0
154.0
198.0
156.0
162.0
160.0
199.0
162.0
154.0
199.0
157.0
197.0
158.0
200.0
156.0
152.0
158.0
146.0
155.0
154.0
196.0
161.0
199.0
158.0
197.0
154.0
199.0
150.0
202.0
157.0
157.0
154.0
198.0
154.0
149.0
161.0
155.0
153.0
200.0
158.0
157.0
197.0
158.0
200.0
155.0
201.0
155.0
155.0
156.0
157.0
201.0
154.0
198.0
157.0
199.0
154.0
154.0
202.0
153.0
155.0
202.0
144.0
201.0
160.0
160.0
160.0
156.0
197.0
154.0
197.0
254.0
200.0
168.0
197.0
154.0
157.0
156.0
153.0
157.0
196.0
155.0
150.0
199.0
147.0
194.0
159.0
161.0
198.0
162.0
200.0
152.0
198.0
154.0
197.0
160.0
198.0
158.0
154.0
200.0
157.0
197.0
150.0
157.0
198.0
156.0
197.0
154.0
199.0
155.0
198.0
160.0
200.0
158.0
155.0
200.0
158.0
200.0
146.0
154.0
199.0
157.0
146.0
154.0
151.0
200.0
156.0
159.0
140.0
204.0
160.0
150.0
151.0
160.0
200.0
157.0
200.0
382.0
198.0
199.0
155.0
198.0
144.0
198.0
156.0
170.0
157.0
200.0
158.0
142.0
200.0
160.0
154.0
154.0
158.0
155.0
146.0
198.0
158.0
160.0
198.0
158.0
161.0
199.0
158.0
161.0
200.0
504.0
198.0
157.0
160.0
198.0
154.0
200.0
154.0
157.0
156.0
157.0
157.0
198.0
153.0
156.0
196.0
156.0
160.0
197.0
140.0
202.0
148.0
200.0
157.0
198.0
156.0
152.0
200.0
156.0
161.0
154.0
201.0
157.0
201.0
160.0
198.0
136.0
198.0
157.0
157.0
203.0
155.0
158.0
198.0
162.0
198.0
161.0
203.0
149.0
201.0
157.0
160.0
156.0
162.0
205.0
160.0
155.0
153.0
198.0
158.0
200.0
153.0
200.0
545.0
157.0
200.0
158.0
201.0
150.0
157.0
158.0
199.0
162.0
150.0
200.0
159.0
198.0
158.0
200.0
157.0
152.0
202.0
152.0
197.0
154.0
202.0
157.0
202.0
153.0
148.0
197.0
156.0
202.0
154.0
153.0
198.0
158.0
197.0
149.0
198.0
156.0
200.0
160.0
154.0
198.0
234.0
160.0
200.0
154.0
198.0
154.0
198.0
151.0
198.0
154.0
325.0
154.0
200.0
153.0
200.0
155.0
157.0
198.0
158.0
160.0
196.0
162.0
150.0
198.0
152.0
201.0
152.0
200.0
151.0
137.0
201.0
151.0
158.0
153.0
156.0
154.0
149.0
197.0
156.0
200.0
161.0
158.0
198.0
157.0
157.0
157.0
199.0
158.0
198.0
156.0
157.0
151.0
197.0
154.0
157.0
153.0
198.0
157.0
201.0
154.0
155.0
153.0
198.0
157.0
156.0
149.0
198.0
156.0
201.0
156.0
158.0
201.0
157.0
196.0
156.0
201.0
164.0
200.0
161.0
199.0
161.0
196.0
153.0
150.0
200.0
159.0
161.0
202.0
162.0
197.0
156.0
160.0
198.0
158.0
197.0
160.0
160.0
163.0
162.0
198.0
157.0
198.0
226.0
201.0
158.0
197.0
157.0
201.0
157.0
158.0
199.0
152.0
155.0
198.0
152.0
202.0
160.0
201.0
161.0
200.0
155.0
376.0
157.0
203.0
153.0
200.0
158.0
197.0
153.0
201.0
145.0
205.0
153.0
200.0
157.0
160.0
157.0
203.0
154.0
202.0
158.0
161.0
201.0
154.0
155.0
201.0
157.0
198.0
150.0
142.0
205.0
160.0
198.0
159.0
156.0
221.0
158.0
198.0
157.0
196.0
153.0
197.0
158.0
202.0
202.0
199.0
161.0
266.0
155.0
529.0
157.0
196.0
158.0
157.0
203.0
159.0
201.0
157.0
198.0
158.0
160.0
197.0
154.0
159.0
196.0
154.0
198.0
149.0
157.0
198.0
155.0
199.0
156.0
154.0
198.0
160.0
153.0
154.0
200.0
156.0
151.0
201.0
154.0
155.0
154.0
202.0
155.0
203.0
221.0
157.0
202.0
155.0
155.0
199.0
157.0
156.0
467.0
157.0
201.0
157.0
163.0
158.0
157.0
160.0
150.0
201.0
158.0
201.0
155.0
200.0
162.0
197.0
144.0
200.0
155.0
200.0
159.0
201.0
156.0
201.0
160.0
154.0
154.0
159.0
197.0
161.0
198.0
157.0
200.0
161.0
201.0
157.0
201.0
162.0
161.0
160.0
198.0
157.0
202.0
160.0
202.0
160.0
196.0
157.0
199.0
152.0
162.0
201.0
157.0
198.0
154.0
157.0
157.0
159.0
198.0
155.0
156.0
201.0
151.0
203.0
157.0
200.0
156.0
197.0
160.0
198.0
158.0
154.0
197.0
160.0
200.0
157.0
199.0
150.0
198.0
155.0
200.0
160.0
200.0
155.0
150.0
200.0
148.0
197.0
158.0
153.0
157.0
156.0
200.0
156.0
146.0
200.0
153.0
200.0
205.0
197.0
155.0
152.0
157.0
160.0
200.0
160.0
198.0
160.0
198.0
160.0
153.0
197.0
155.0
200.0
154.0
200.0
146.0
200.0
160.0
154.0
160.0
200.0
158.0
199.0
155.0
153.0
200.0
154.0
196.0
152.0
158.0
199.0
160.0
201.0
218.0
197.0
155.0
201.0
161.0
153.0
201.0
156.0
196.0
154.0
201.0
158.0
152.0
155.0
200.0
156.0
202.0
155.0
194.0
152.0
154.0
152.0
153.0
199.0
160.0
197.0
160.0
199.0
155.0
162.0
153.0
198.0
158.0
154.0
157.0
198.0
155.0
156.0
198.0
160.0
200.0
160.0
155.0
160.0
149.0
197.0
160.0
202.0
159.0
201.0
160.0
202.0
160.0
160.0
159.0
198.0
157.0
199.0
137.0
149.0
202.0
155.0
201.0
156.0
198.0
160.0
198.0
199.0
156.0
200.0
154.0
200.0
158.0
200.0
157.0
155.0
162.0
148.0
200.0
160.0
200.0
160.0
155.0
197.0
155.0
202.0
156.0
198.0
158.0
162.0
200.0
158.0
201.0
158.0
204.0
349.0
156.0
201.0
149.0
200.0
158.0
199.0
153.0
155.0
202.0
150.0
157.0
150.0
202.0
158.0
151.0
198.0
158.0
141.0
200.0
152.0
202.0
154.0
160.0
160.0
155.0
158.0
198.0
156.0
198.0
162.0
198.0
158.0
157.0
198.0
166.0
157.0
200.0
154.0
203.0
153.0
155.0
201.0
155.0
193.0
155.0
197.0
157.0
198.0
156.0
197.0
160.0
202.0
153.0
198.0
152.0
153.0
162.0
200.0
218.0
199.0
147.0
202.0
164.0
160.0
153.0
156.0
162.0
198.0
158.0
160.0
159.0
198.0
157.0
202.0
154.0
198.0
156.0
202.0
150.0
200.0
147.0
204.0
156.0
199.0
157.0
153.0
205.0
163.0
154.0
201.0
158.0
199.0
157.0
201.0
156.0
200.0
201.0
150.0
147.0
200.0
162.0
200.0
156.0
200.0
153.0
202.0
162.0
201.0
157.0
199.0
158.0
201.0
153.0
197.0
155.0
200.0
160.0
197.0
157.0
161.0
202.0
157.0
197.0
143.0
157.0
157.0
198.0
158.0
158.0
198.0
153.0
198.0
164.0
199.0
154.0
157.0
156.0
202.0
158.0
157.0
198.0
334.0
198.0
147.0
160.0
155.0
198.0
157.0
157.0
201.0
160.0
196.0
151.0
200.0
149.0
202.0
153.0
204.0
158.0
202.0
157.0
160.0
198.0
501.0
149.0
199.0
161.0
157.0
157.0
157.0
156.0
203.0
158.0
156.0
200.0
155.0
198.0
144.0
200.0
149.0
198.0
158.0
201.0
157.0
194.0
160.0
158.0
200.0
157.0
197.0
414.0
198.0
156.0
201.0
157.0
158.0
153.0
157.0
160.0
199.0
158.0
199.0
155.0
199.0
148.0
201.0
157.0
157.0
141.0
156.0
195.0
158.0
160.0
197.0
154.0
201.0
161.0
156.0
151.0
155.0
157.0
201.0
158.0
150.0
198.0
158.0
203.0
147.0
201.0
153.0
198.0
157.0
160.0
151.0
201.0
155.0
201.0
163.0
160.0
158.0
157.0
202.0
158.0
201.0
157.0
160.0
201.0
160.0
155.0
202.0
251.0
154.0
146.0
157.0
198.0
158.0
198.0
158.0
198.0
161.0
160.0
158.0
135.0
201.0
154.0
157.0
164.0
161.0
201.0
151.0
201.0
157.0
200.0
160.0
158.0
153.0
155.0
215.0
308.0
155.0
155.0
198.0
154.0
196.0
149.0
157.0
198.0
157.0
201.0
156.0
214.0
157.0
198.0
158.0
201.0
153.0
203.0
156.0
144.0
158.0
198.0
161.0
157.0
157.0
200.0
154.0
150.0
200.0
160.0
156.0
223.0
157.0
160.0
157.0
198.0
164.0
154.0
201.0
158.0
152.0
157.0
201.0
160.0
158.0
153.0
160.0
201.0
157.0
200.0
148.0
156.0
200.0
157.0
144.0
200.0
157.0
198.0
153.0
200.0
158.0
155.0
155.0
160.0
154.0
157.0
197.0
201.0
157.0
201.0
224.0
158.0
199.0
155.0
199.0
157.0
154.0
158.0
204.0
155.0
145.0
200.0
160.0
204.0
151.0
160.0
157.0
157.0
198.0
159.0
155.0
197.0
155.0
160.0
140.0
203.0
160.0
154.0
202.0
158.0
200.0
160.0
202.0
159.0
149.0
200.0
160.0
198.0
160.0
200.0
156.0
199.0
158.0
198.0
156.0
158.0
199.0
157.0
156.0
152.0
199.0
158.0
197.0
156.0
156.0
200.0
157.0
156.0
155.0
157.0
154.0
163.0
201.0
155.0
150.0
203.0
164.0
198.0
161.0
197.0
161.0
157.0
201.0
157.0
156.0
157.0
153.0
196.0
160.0
156.0
141.0
200.0
253.0
150.0
200.0
154.0
160.0
203.0
154.0
201.0
158.0
201.0
156.0
156.0
154.0
153.0
203.0
153.0
202.0
152.0
156.0
200.0
157.0
153.0
153.0
199.0
156.0
154.0
199.0
157.0
156.0
155.0
199.0
153.0
156.0
159.0
151.0
201.0
151.0
158.0
197.0
216.0
182.0
197.0
152.0
202.0
157.0
199.0
160.0
149.0
199.0
160.0
201.0
149.0
201.0
153.0
154.0
198.0
158.0
158.0
200.0
158.0
199.0
155.0
199.0
155.0
157.0
201.0
158.0
198.0
158.0
198.0
160.0
201.0
162.0
155.0
199.0
157.0
197.0
158.0
154.0
155.0
155.0
202.0
152.0
158.0
160.0
200.0
155.0
157.0
150.0
158.0
200.0
155.0
158.0
161.0
197.0
157.0
154.0
157.0
151.0
153.0
162.0
156.0
200.0
155.0
154.0
202.0
153.0
205.0
158.0
155.0
200.0
146.0
198.0
155.0
157.0
198.0
158.0
155.0
194.0
155.0
201.0
154.0
197.0
157.0
162.0
200.0
150.0
194.0
135.0
205.0
156.0
198.0
154.0
198.0
156.0
196.0
157.0
201.0
157.0
156.0
202.0
157.0
198.0
153.0
199.0
156.0
155.0
199.0
154.0
201.0
154.0
198.0
161.0
158.0
198.0
413.0
155.0
198.0
152.0
197.0
149.0
204.0
151.0
200.0
151.0
201.0
154.0
198.0
152.0
156.0
160.0
200.0
157.0
154.0
200.0
161.0
198.0
162.0
200.0
203.0
198.0
157.0
202.0
156.0
160.0
200.0
150.0
198.0
150.0
201.0
153.0
203.0
147.0
155.0
199.0
205.0
155.0
198.0
150.0
198.0
153.0
155.0
200.0
154.0
201.0
160.0
154.0
200.0
155.0
153.0
222.0
200.0
153.0
200.0
158.0
197.0
157.0
160.0
202.0
158.0
198.0
155.0
202.0
153.0
200.0
154.0
197.0
154.0
201.0
148.0
158.0
200.0
160.0
198.0
157.0
202.0
157.0
201.0
156.0
207.0
158.0
201.0
160.0
160.0
202.0
155.0
198.0
154.0
200.0
157.0
199.0
154.0
199.0
156.0
198.0
157.0
198.0
153.0
198.0
157.0
199.0
155.0
200.0
157.0
154.0
200.0
158.0
155.0
198.0
153.0
158.0
155.0
151.0
197.0
160.0
199.0
161.0
200.0
154.0
158.0
199.0
160.0
201.0
153.0
195.0
148.0
200.0
155.0
200.0
160.0
201.0
158.0
204.0
153.0
197.0
153.0
200.0
144.0
201.0
157.0
219.0
157.0
156.0
155.0
158.0
157.0
160.0
198.0
148.0
200.0
153.0
147.0
156.0
198.0
533.0
155.0
200.0
155.0
198.0
161.0
201.0
154.0
157.0
198.0
161.0
199.0
152.0
200.0
155.0
153.0
201.0
154.0
202.0
157.0
201.0
157.0
157.0
138.0
156.0
202.0
148.0
201.0
151.0
203.0
142.0
198.0
157.0
200.0
157.0
200.0
157.0
198.0
159.0
201.0
154.0
202.0
160.0
200.0
156.0
157.0
202.0
160.0
156.0
159.0
197.0
157.0
202.0
153.0
198.0
138.0
200.0
157.0
201.0
160.0
160.0
155.0
196.0
154.0
200.0
160.0
200.0
154.0
200.0
157.0
146.0
156.0
157.0
198.0
162.0
200.0
161.0
200.0
154.0
156.0
201.0
158.0
199.0
162.0
199.0
160.0
198.0
139.0
201.0
163.0
155.0
157.0
198.0
158.0
157.0
196.0
155.0
203.0
198.0
153.0
202.0
154.0
201.0
156.0
200.0
162.0
203.0
159.0
150.0
154.0
139.0
156.0
199.0
289.0
154.0
202.0
160.0
156.0
200.0
159.0
201.0
155.0
198.0
159.0
199.0
158.0
152.0
155.0
158.0
157.0
156.0
199.0
157.0
155.0
200.0
155.0
200.0
160.0
201.0
158.0
200.0
151.0
154.0
155.0
202.0
158.0
155.0
201.0
150.0
158.0
197.0
157.0
199.0
157.0
201.0
158.0
156.0
156.0
200.0
158.0
160.0
155.0
160.0
199.0
157.0
201.0
155.0
202.0
157.0
201.0
161.0
198.0
155.0
198.0
155.0
202.0
161.0
200.0
154.0
202.0
160.0
387.0
159.0
156.0
161.0
158.0
198.0
158.0
150.0
157.0
150.0
197.0
155.0
200.0
156.0
200.0
156.0
205.0
153.0
205.0
153.0
196.0
153.0
202.0
224.0
155.0
200.0
158.0
199.0
158.0
197.0
156.0
202.0
156.0
199.0
152.0
202.0
152.0
197.0
157.0
199.0
149.0
200.0
160.0
157.0
203.0
153.0
202.0
157.0
158.0
148.0
202.0
150.0
155.0
199.0
153.0
201.0
160.0
201.0
158.0
198.0
147.0
156.0
160.0
155.0
158.0
200.0
158.0
199.0
162.0
197.0
157.0
197.0
156.0
200.0
154.0
156.0
151.0
199.0
161.0
197.0
157.0
158.0
191.0
153.0
198.0
156.0
198.0
158.0
155.0
205.0
155.0
198.0
159.0
160.0
199.0
153.0
176.0
157.0
156.0
159.0
196.0
155.0
195.0
155.0
202.0
157.0
158.0
202.0
536.0
200.0
157.0
157.0
197.0
155.0
398.0
198.0
156.0
197.0
155.0
158.0
198.0
160.0
197.0
154.0
199.0
158.0
159.0
158.0
157.0
154.0
203.0
157.0
200.0
155.0
202.0
154.0
198.0
160.0
202.0
154.0
200.0
149.0
200.0
157.0
198.0
153.0
197.0
152.0
201.0
162.0
201.0
153.0
199.0
158.0
201.0
154.0
160.0
198.0
157.0
200.0
156.0
160.0
202.0
155.0
201.0
158.0
199.0
134.0
199.0
158.0
200.0
161.0
200.0
155.0
157.0
153.0
154.0
198.0
161.0
196.0
157.0
161.0
198.0
163.0
198.0
159.0
200.0
201.0
198.0
151.0
201.0
156.0
193.0
157.0
161.0
152.0
155.0
198.0
155.0
198.0
157.0
200.0
158.0
154.0
160.0
160.0
198.0
158.0
154.0
156.0
160.0
199.0
155.0
157.0
157.0
198.0
150.0
200.0
158.0
201.0
154.0
157.0
201.0
155.0
200.0
157.0
201.0
160.0
198.0
155.0
154.0
149.0
157.0
198.0
157.0
148.0
198.0
154.0
157.0
201.0
156.0
295.0
159.0
197.0
157.0
201.0
158.0
201.0
152.0
155.0
200.0
159.0
200.0
155.0
199.0
157.0
162.0
151.0
203.0
158.0
200.0
156.0
157.0
201.0
156.0
153.0
160.0
155.0
202.0
160.0
200.0
160.0
197.0
163.0
198.0
157.0
202.0
154.0
160.0
200.0
151.0
199.0
160.0
199.0
153.0
200.0
157.0
154.0
199.0
148.0
140.0
207.0
156.0
201.0
150.0
200.0
154.0
158.0
199.0
162.0
152.0
157.0
153.0
157.0
198.0
163.0
158.0
200.0
155.0
198.0
156.0
199.0
159.0
197.0
158.0
198.0
160.0
200.0
157.0
201.0
155.0
157.0
197.0
153.0
201.0
147.0
197.0
161.0
197.0
156.0
158.0
201.0
155.0
165.0
199.0
153.0
201.0
156.0
196.0
152.0
155.0
202.0
153.0
200.0
160.0
200.0
147.0
201.0
157.0
272.0
155.0
200.0
154.0
160.0
202.0
154.0
161.0
154.0
153.0
165.0
200.0
161.0
197.0
158.0
206.0
158.0
197.0
154.0
201.0
153.0
202.0
157.0
158.0
198.0
155.0
201.0
157.0
155.0
157.0
197.0
157.0
162.0
200.0
152.0
156.0
157.0
158.0
157.0
157.0
151.0
151.0
200.0
156.0
148.0
162.0
201.0
149.0
160.0
199.0
150.0
198.0
157.0
198.0
160.0
160.0
157.0
197.0
154.0
197.0
163.0
156.0
199.0
158.0
162.0
156.0
200.0
157.0
201.0
153.0
202.0
148.0
197.0
158.0
201.0
154.0
200.0
149.0
200.0
155.0
198.0
252.0
157.0
200.0
154.0
157.0
198.0
156.0
200.0
161.0
156.0
157.0
199.0
153.0
158.0
201.0
157.0
201.0
153.0
154.0
200.0
157.0
203.0
148.0
198.0
160.0
153.0
201.0
490.0
158.0
153.0
154.0
151.0
197.0
148.0
202.0
154.0
160.0
198.0
158.0
160.0
162.0
197.0
157.0
157.0
160.0
158.0
151.0
160.0
199.0
158.0
156.0
160.0
152.0
155.0
198.0
154.0
200.0
161.0
155.0
198.0
157.0
157.0
154.0
153.0
154.0
201.0
157.0
154.0
197.0
157.0
151.0
200.0
157.0
157.0
154.0
199.0
163.0
157.0
199.0
157.0
197.0
155.0
157.0
201.0
149.0
203.0
150.0
201.0
150.0
198.0
160.0
156.0
162.0
202.0
156.0
202.0
156.0
197.0
158.0
157.0
156.0
200.0
155.0
151.0
157.0
200.0
157.0
150.0
157.0
200.0
154.0
156.0
161.0
199.0
559.0
160.0
155.0
198.0
158.0
157.0
157.0
200.0
154.0
155.0
151.0
201.0
152.0
151.0
195.0
158.0
202.0
130.0
198.0
149.0
200.0
157.0
157.0
203.0
157.0
153.0
201.0
159.0
202.0
157.0
160.0
202.0
157.0
157.0
157.0
150.0
157.0
199.0
158.0
201.0
160.0
491.0
161.0
197.0
157.0
160.0
148.0
157.0
156.0
199.0
152.0
198.0
158.0
161.0
155.0
197.0
154.0
198.0
160.0
154.0
202.0
155.0
200.0
155.0
158.0
150.0
154.0
199.0
160.0
197.0
157.0
200.0
155.0
156.0
145.0
202.0
157.0
150.0
200.0
156.0
197.0
159.0
158.0
198.0
144.0
200.0
153.0
140.0
201.0
162.0
537.0
154.0
200.0
156.0
201.0
149.0
199.0
161.0
200.0
158.0
202.0
162.0
202.0
153.0
199.0
158.0
155.0
157.0
200.0
157.0
155.0
160.0
146.0
200.0
160.0
160.0
197.0
158.0
160.0
201.0
160.0
160.0
199.0
155.0
201.0
156.0
203.0
152.0
201.0
155.0
200.0
160.0
158.0
198.0
272.0
158.0
157.0
158.0
155.0
157.0
200.0
160.0
199.0
156.0
197.0
153.0
199.0
156.0
200.0
137.0
200.0
157.0
200.0
156.0
146.0
202.0
158.0
209.0
165.0
157.0
202.0
157.0
160.0
202.0
198.0
160.0
198.0
155.0
198.0
157.0
198.0
159.0
157.0
154.0
199.0
156.0
196.0
154.0
203.0
154.0
203.0
163.0
197.0
155.0
155.0
197.0
153.0
156.0
198.0
153.0
198.0
157.0
196.0
158.0
201.0
301.0
157.0
149.0
158.0
156.0
201.0
160.0
200.0
154.0
203.0
157.0
200.0
154.0
153.0
200.0
286.0
160.0
158.0
200.0
147.0
154.0
157.0
155.0
199.0
152.0
200.0
153.0
196.0
161.0
198.0
157.0
154.0
156.0
198.0
160.0
198.0
252.0
157.0
197.0
154.0
160.0
197.0
160.0
202.0
159.0
162.0
198.0
157.0
162.0
158.0
198.0
136.0
203.0
161.0
199.0
157.0
153.0
156.0
155.0
198.0
161.0
158.0
466.0
155.0
200.0
315.0
153.0
200.0
160.0
201.0
158.0
160.0
159.0
200.0
156.0
198.0
149.0
146.0
198.0
158.0
197.0
158.0
197.0
157.0
197.0
151.0
154.0
147.0
200.0
156.0
202.0
155.0
157.0
198.0
156.0
198.0
152.0
202.0
153.0
200.0
156.0
197.0
158.0
156.0
155.0
201.0
153.0
198.0
160.0
200.0
157.0
160.0
202.0
154.0
132.0
204.0
157.0
203.0
160.0
151.0
157.0
154.0
202.0
158.0
197.0
161.0
227.0
160.0
154.0
158.0
200.0
157.0
200.0
158.0
200.0
244.0
158.0
153.0
198.0
152.0
199.0
154.0
199.0
154.0
199.0
157.0
153.0
200.0
157.0
198.0
159.0
156.0
199.0
155.0
198.0
159.0
197.0
154.0
157.0
202.0
150.0
155.0
152.0
153.0
157.0
200.0
153.0
200.0
157.0
200.0
155.0
197.0
150.0
144.0
160.0
201.0
158.0
201.0
156.0
197.0
154.0
199.0
251.0
156.0
196.0
154.0
201.0
554.0
150.0
200.0
161.0
202.0
157.0
196.0
150.0
161.0
203.0
160.0
198.0
160.0
198.0
158.0
202.0
160.0
201.0
160.0
201.0
158.0
198.0
159.0
201.0
162.0
155.0
197.0
157.0
152.0
198.0
278.0
152.0
161.0
198.0
155.0
198.0
160.0
198.0
163.0
158.0
157.0
198.0
157.0
196.0
154.0
160.0
154.0
198.0
157.0
162.0
197.0
162.0
156.0
200.0
156.0
158.0
147.0
197.0
137.0
152.0
197.0
156.0
161.0
200.0
155.0
156.0
202.0
156.0
157.0
198.0
156.0
158.0
200.0
155.0
153.0
200.0
157.0
197.0
160.0
198.0
157.0
160.0
158.0
152.0
202.0
156.0
156.0
197.0
155.0
201.0
157.0
197.0
150.0
198.0
153.0
148.0
202.0
150.0
148.0
201.0
157.0
199.0
138.0
154.0
160.0
198.0
154.0
198.0
154.0
200.0
154.0
198.0
162.0
155.0
197.0
157.0
198.0
161.0
202.0
161.0
154.0
198.0
164.0
150.0
200.0
161.0
201.0
157.0
200.0
157.0
202.0
154.0
148.0
160.0
194.0
160.0
272.0
154.0
158.0
154.0
158.0
201.0
153.0
298.0
158.0
201.0
140.0
154.0
201.0
151.0
200.0
154.0
154.0
198.0
157.0
198.0
158.0
198.0
156.0
157.0
197.0
157.0
197.0
155.0
202.0
160.0
198.0
160.0
197.0
156.0
156.0
157.0
200.0
153.0
157.0
200.0
157.0
198.0
154.0
156.0
201.0
154.0
198.0
157.0
202.0
156.0
198.0
155.0
198.0
153.0
200.0
154.0
198.0
152.0
201.0
153.0
197.0
160.0
201.0
160.0
160.0
198.0
154.0
198.0
148.0
197.0
141.0
201.0
154.0
160.0
197.0
156.0
205.0
157.0
160.0
198.0
156.0
202.0
156.0
198.0
154.0
146.0
196.0
275.0
163.0
198.0
154.0
161.0
157.0
155.0
155.0
198.0
159.0
154.0
152.0
202.0
156.0
198.0
160.0
154.0
205.0
157.0
146.0
199.0
155.0
198.0
161.0
337.0
157.0
196.0
152.0
150.0
202.0
157.0
199.0
155.0
197.0
138.0
199.0
158.0
197.0
156.0
199.0
165.0
160.0
153.0
198.0
148.0
156.0
201.0
198.0
146.0
154.0
193.0
158.0
198.0
157.0
201.0
158.0
199.0
161.0
156.0
157.0
199.0
154.0
197.0
157.0
150.0
199.0
157.0
155.0
205.0
147.0
203.0
153.0
198.0
148.0
157.0
200.0
166.0
238.0
157.0
201.0
156.0
111.0
210.0
142.0
161.0
198.0
163.0
160.0
198.0
158.0
153.0
163.0
219.0
153.0
157.0
154.0
197.0
159.0
197.0
162.0
151.0
197.0
160.0
151.0
200.0
156.0
202.0
157.0
200.0
201.0
197.0
155.0
200.0
154.0
199.0
155.0
198.0
158.0
158.0
156.0
152.0
160.0
158.0
158.0
201.0
149.0
629.0
158.0
200.0
156.0
197.0
156.0
152.0
151.0
196.0
153.0
201.0
161.0
154.0
205.0
203.0
161.0
163.0
531.0
153.0
153.0
200.0
160.0
200.0
157.0
199.0
152.0
199.0
162.0
201.0
155.0
154.0
155.0
200.0
157.0
201.0
148.0
158.0
155.0
153.0
198.0
160.0
158.0
198.0
154.0
198.0
157.0
196.0
393.0
154.0
200.0
153.0
157.0
154.0
199.0
154.0
160.0
158.0
149.0
204.0
157.0
203.0
161.0
200.0
157.0
196.0
261.0
150.0
152.0
202.0
162.0
198.0
157.0
197.0
154.0
210.0
158.0
197.0
201.0
201.0
158.0
154.0
153.0
154.0
201.0
157.0
200.0
155.0
199.0
161.0
196.0
152.0
157.0
198.0
156.0
201.0
155.0
198.0
160.0
158.0
152.0
157.0
156.0
197.0
157.0
197.0
157.0
154.0
154.0
200.0
155.0
198.0
157.0
197.0
152.0
200.0
153.0
197.0
162.0
199.0
156.0
202.0
147.0
200.0
147.0
198.0
162.0
200.0
162.0
197.0
157.0
199.0
154.0
153.0
198.0
156.0
201.0
153.0
201.0
158.0
197.0
156.0
165.0
197.0
156.0
154.0
199.0
157.0
198.0
160.0
402.0
156.0
199.0
158.0
153.0
201.0
153.0
199.0
149.0
201.0
158.0
153.0
154.0
156.0
200.0
155.0
160.0
160.0
157.0
202.0
162.0
199.0
158.0
158.0
200.0
154.0
199.0
439.0
154.0
200.0
157.0
205.0
155.0
157.0
388.0
160.0
157.0
157.0
198.0
153.0
201.0
157.0
158.0
202.0
160.0
158.0
200.0
155.0
204.0
160.0
202.0
155.0
155.0
161.0
156.0
200.0
146.0
158.0
155.0
158.0
160.0
197.0
158.0
159.0
198.0
146.0
200.0
153.0
201.0
155.0
199.0
155.0
200.0
159.0
197.0
158.0
200.0
159.0
208.0
161.0
198.0
160.0
200.0
152.0
200.0
157.0
200.0
156.0
158.0
200.0
155.0
198.0
154.0
154.0
198.0
161.0
200.0
154.0
199.0
161.0
197.0
155.0
157.0
205.0
157.0
196.0
155.0
197.0
160.0
199.0
156.0
198.0
165.0
201.0
152.0
154.0
146.0
152.0
198.0
158.0
194.0
158.0
151.0
198.0
161.0
157.0
159.0
200.0
155.0
198.0
158.0
198.0
158.0
150.0
198.0
157.0
197.0
154.0
154.0
201.0
158.0
154.0
200.0
157.0
157.0
198.0
160.0
156.0
196.0
157.0
203.0
155.0
152.0
198.0
144.0
146.0
200.0
151.0
205.0
160.0
235.0
157.0
154.0
157.0
197.0
151.0
153.0
199.0
157.0
196.0
161.0
157.0
200.0
160.0
198.0
150.0
157.0
200.0
154.0
199.0
158.0
156.0
201.0
158.0
200.0
157.0
157.0
199.0
157.0
144.0
203.0
161.0
158.0
199.0
155.0
198.0
163.0
157.0
202.0
160.0
200.0
158.0
157.0
197.0
148.0
200.0
157.0
162.0
152.0
197.0
151.0
157.0
198.0
154.0
198.0
146.0
199.0
155.0
200.0
155.0
158.0
156.0
199.0
159.0
200.0
154.0
199.0
155.0
200.0
158.0
153.0
203.0
156.0
197.0
158.0
156.0
196.0
154.0
262.0
134.0
206.0
151.0
158.0
200.0
225.0
156.0
200.0
148.0
199.0
153.0
197.0
154.0
198.0
154.0
200.0
160.0
200.0
157.0
160.0
150.0
203.0
153.0
157.0
162.0
425.0
155.0
199.0
158.0
154.0
155.0
197.0
155.0
157.0
199.0
162.0
200.0
154.0
197.0
150.0
203.0
158.0
157.0
195.0
154.0
158.0
201.0
155.0
158.0
311.0
158.0
200.0
150.0
153.0
197.0
158.0
200.0
144.0
201.0
155.0
199.0
157.0
152.0
200.0
160.0
200.0
534.0
161.0
201.0
157.0
198.0
149.0
161.0
158.0
199.0
155.0
156.0
149.0
150.0
202.0
154.0
197.0
157.0
201.0
156.0
150.0
202.0
157.0
199.0
155.0
81.0
202.0
158.0
200.0
142.0
155.0
197.0
443.0
155.0
198.0
154.0
162.0
196.0
157.0
155.0
199.0
153.0
153.0
162.0
197.0
158.0
202.0
157.0
154.0
197.0
160.0
200.0
146.0
201.0
159.0
198.0
157.0
154.0
199.0
156.0
198.0
155.0
200.0
150.0
198.0
157.0
198.0
152.0
200.0
159.0
195.0
157.0
157.0
197.0
154.0
157.0
152.0
158.0
194.0
160.0
160.0
198.0
157.0
198.0
137.0
204.0
150.0
152.0
196.0
156.0
157.0
156.0
197.0
157.0
213.0
160.0
160.0
155.0
199.0
155.0
197.0
158.0
158.0
200.0
160.0
152.0
197.0
157.0
157.0
157.0
156.0
157.0
199.0
158.0
198.0
160.0
153.0
198.0
150.0
201.0
157.0
154.0
197.0
154.0
200.0
153.0
159.0
161.0
200.0
156.0
200.0
160.0
155.0
199.0
155.0
161.0
197.0
154.0
160.0
199.0
151.0
157.0
158.0
200.0
158.0
202.0
157.0
198.0
213.0
196.0
157.0
162.0
197.0
162.0
199.0
150.0
199.0
156.0
157.0
160.0
158.0
200.0
161.0
157.0
200.0
199.0
157.0
154.0
200.0
157.0
155.0
152.0
200.0
149.0
158.0
157.0
160.0
151.0
156.0
202.0
157.0
199.0
154.0
161.0
199.0
161.0
158.0
154.0
161.0
154.0
161.0
158.0
157.0
199.0
158.0
198.0
160.0
200.0
157.0
152.0
198.0
158.0
198.0
156.0
199.0
157.0
155.0
202.0
153.0
197.0
155.0
198.0
154.0
196.0
153.0
154.0
201.0
158.0
198.0
160.0
201.0
154.0
198.0
158.0
197.0
155.0
200.0
150.0
195.0
156.0
161.0
159.0
201.0
157.0
199.0
150.0
201.0
149.0
198.0
160.0
243.0
157.0
151.0
199.0
157.0
160.0
201.0
157.0
200.0
156.0
153.0
196.0
160.0
148.0
200.0
144.0
200.0
154.0
202.0
157.0
162.0
201.0
161.0
197.0
158.0
153.0
158.0
153.0
203.0
160.0
157.0
158.0
200.0
158.0
198.0
158.0
158.0
156.0
202.0
162.0
199.0
158.0
202.0
165.0
145.0
200.0
157.0
202.0
148.0
200.0
157.0
198.0
164.0
200.0
149.0
153.0
157.0
153.0
158.0
165.0
158.0
156.0
151.0
200.0
162.0
200.0
555.0
200.0
209.0
197.0
158.0
154.0
160.0
199.0
155.0
171.0
197.0
150.0
201.0
160.0
163.0
199.0
161.0
198.0
158.0
198.0
148.0
156.0
481.0
153.0
197.0
164.0
162.0
157.0
162.0
200.0
155.0
154.0
208.0
160.0
200.0
162.0
157.0
200.0
404.0
160.0
201.0
149.0
154.0
199.0
153.0
197.0
157.0
158.0
161.0
155.0
202.0
154.0
202.0
157.0
154.0
200.0
161.0
160.0
201.0
154.0
157.0
197.0
154.0
202.0
156.0
153.0
197.0
157.0
157.0
163.0
158.0
154.0
200.0
156.0
205.0
160.0
153.0
200.0
154.0
201.0
154.0
201.0
160.0
198.0
159.0
196.0
141.0
197.0
157.0
196.0
156.0
155.0
199.0
158.0
198.0
161.0
198.0
157.0
200.0
155.0
158.0
217.0
163.0
200.0
161.0
200.0
155.0
200.0
157.0
200.0
160.0
156.0
198.0
160.0
155.0
198.0
162.0
203.0
162.0
153.0
202.0
160.0
162.0
198.0
155.0
200.0
149.0
202.0
153.0
157.0
199.0
137.0
205.0
157.0
160.0
197.0
154.0
131.0
206.0
153.0
161.0
156.0
275.0
245.0
157.0
196.0
157.0
158.0
203.0
156.0
203.0
157.0
157.0
156.0
155.0
197.0
146.0
198.0
158.0
153.0
160.0
152.0
196.0
161.0
160.0
200.0
155.0
155.0
156.0
202.0
155.0
164.0
162.0
158.0
157.0
154.0
202.0
154.0
148.0
160.0
157.0
150.0
196.0
158.0
198.0
154.0
199.0
156.0
198.0
157.0
200.0
161.0
160.0
155.0
198.0
157.0
198.0
157.0
156.0
201.0
157.0
160.0
200.0
155.0
195.0
157.0
200.0
154.0
128.0
198.0
410.0
464.0
197.0
157.0
154.0
150.0
197.0
158.0
201.0
157.0
198.0
160.0
199.0
161.0
158.0
157.0
203.0
157.0
199.0
107.0
229.0
156.0
198.0
154.0
160.0
195.0
160.0
160.0
202.0
272.0
158.0
157.0
156.0
157.0
153.0
199.0
157.0
157.0
160.0
162.0
162.0
198.0
164.0
199.0
157.0
200.0
558.0
157.0
196.0
157.0
201.0
154.0
218.0
197.0
160.0
200.0
163.0
199.0
152.0
157.0
200.0
160.0
202.0
154.0
197.0
152.0
197.0
164.0
161.0
200.0
155.0
200.0
160.0
156.0
199.0
157.0
157.0
198.0
154.0
152.0
201.0
149.0
197.0
156.0
156.0
163.0
199.0
155.0
202.0
158.0
196.0
155.0
197.0
159.0
161.0
151.0
200.0
151.0
201.0
153.0
200.0
152.0
202.0
153.0
198.0
155.0
198.0
158.0
200.0
152.0
200.0
160.0
200.0
157.0
198.0
155.0
159.0
201.0
155.0
197.0
154.0
192.0
161.0
200.0
157.0
197.0
155.0
198.0
158.0
200.0
161.0
202.0
160.0
160.0
151.0
201.0
161.0
200.0
156.0
158.0
196.0
150.0
197.0
158.0
159.0
156.0
160.0
151.0
161.0
200.0
153.0
200.0
153.0
200.0
158.0
203.0
158.0
202.0
160.0
201.0
161.0
154.0
160.0
199.0
154.0
202.0
158.0
156.0
199.0
154.0
197.0
164.0
202.0
155.0
157.0
161.0
199.0
160.0
202.0
155.0
158.0
198.0
161.0
201.0
140.0
199.0
158.0
156.0
199.0
157.0
198.0
148.0
200.0
155.0
198.0
155.0
203.0
154.0
200.0
155.0
200.0
154.0
199.0
152.0
153.0
201.0
160.0
199.0
157.0
152.0
265.0
197.0
156.0
202.0
161.0
153.0
157.0
157.0
160.0
145.0
200.0
157.0
197.0
163.0
200.0
150.0
201.0
157.0
199.0
150.0
157.0
158.0
160.0
155.0
199.0
153.0
201.0
153.0
197.0
160.0
202.0
156.0
153.0
158.0
160.0
155.0
197.0
155.0
155.0
160.0
201.0
147.0
199.0
160.0
200.0
149.0
200.0
153.0
200.0
157.0
196.0
154.0
201.0
161.0
199.0
157.0
199.0
157.0
200.0
158.0
198.0
157.0
153.0
153.0
200.0
155.0
202.0
158.0
197.0
152.0
139.0
201.0
150.0
200.0
155.0
198.0
142.0
150.0
160.0
155.0
198.0
155.0
199.0
153.0
146.0
143.0
197.0
157.0
198.0
152.0
198.0
153.0
198.0
154.0
150.0
197.0
157.0
199.0
150.0
156.0
201.0
161.0
198.0
162.0
197.0
158.0
154.0
198.0
157.0
201.0
157.0
200.0
159.0
199.0
150.0
198.0
158.0
158.0
159.0
156.0
202.0
151.0
200.0
160.0
201.0
155.0
198.0
160.0
157.0
153.0
202.0
153.0
156.0
156.0
201.0
158.0
153.0
198.0
156.0
197.0
160.0
198.0
157.0
161.0
156.0
202.0
196.0
155.0
197.0
154.0
144.0
200.0
157.0
201.0
153.0
153.0
197.0
161.0
157.0
196.0
162.0
200.0
159.0
157.0
154.0
200.0
156.0
157.0
200.0
352.0
150.0
200.0
158.0
158.0
198.0
158.0
198.0
154.0
200.0
158.0
150.0
202.0
228.0
157.0
200.0
163.0
196.0
157.0
156.0
201.0
158.0
196.0
156.0
198.0
156.0
195.0
150.0
197.0
152.0
152.0
154.0
198.0
316.0
146.0
160.0
157.0
153.0
158.0
202.0
154.0
199.0
160.0
198.0
150.0
200.0
157.0
157.0
199.0
156.0
157.0
200.0
227.0
157.0
202.0
151.0
198.0
160.0
157.0
163.0
199.0
150.0
200.0
158.0
196.0
144.0
198.0
155.0
198.0
160.0
155.0
200.0
152.0
202.0
153.0
198.0
157.0
198.0
157.0
160.0
161.0
157.0
196.0
155.0
199.0
154.0
155.0
198.0
155.0
198.0
157.0
201.0
152.0
202.0
156.0
155.0
197.0
148.0
201.0
160.0
232.0
153.0
201.0
160.0
161.0
155.0
157.0
150.0
154.0
199.0
149.0
205.0
160.0
198.0
157.0
157.0
200.0
155.0
156.0
194.0
152.0
154.0
158.0
155.0
146.0
202.0
154.0
203.0
154.0
154.0
198.0
156.0
164.0
154.0
160.0
152.0
149.0
198.0
151.0
198.0
152.0
202.0
153.0
160.0
198.0
149.0
153.0
200.0
156.0
157.0
198.0
153.0
198.0
160.0
148.0
199.0
155.0
198.0
146.0
199.0
157.0
157.0
200.0
160.0
154.0
150.0
198.0
386.0
152.0
200.0
153.0
173.0
201.0
154.0
203.0
153.0
201.0
141.0
202.0
158.0
155.0
199.0
157.0
146.0
201.0
161.0
198.0
158.0
200.0
158.0
155.0
198.0
154.0
159.0
157.0
148.0
200.0
149.0
158.0
200.0
157.0
198.0
158.0
157.0
198.0
157.0
150.0
198.0
155.0
160.0
156.0
202.0
154.0
198.0
150.0
200.0
157.0
151.0
198.0
160.0
201.0
156.0
157.0
197.0
150.0
200.0
156.0
146.0
200.0
157.0
154.0
201.0
142.0
200.0
151.0
196.0
156.0
200.0
157.0
202.0
160.0
202.0
155.0
153.0
198.0
142.0
158.0
198.0
154.0
154.0
197.0
161.0
155.0
153.0
203.0
157.0
157.0
154.0
157.0
201.0
158.0
198.0
159.0
201.0
154.0
197.0
161.0
157.0
156.0
155.0
157.0
154.0
200.0
161.0
200.0
160.0
155.0
197.0
154.0
197.0
159.0
154.0
154.0
202.0
158.0
199.0
162.0
148.0
162.0
198.0
159.0
200.0
158.0
158.0
150.0
202.0
157.0
200.0
158.0
161.0
154.0
199.0
150.0
198.0
153.0
200.0
151.0
199.0
154.0
147.0
157.0
198.0
163.0
159.0
200.0
157.0
158.0
198.0
137.0
199.0
157.0
200.0
157.0
152.0
157.0
198.0
157.0
201.0
159.0
160.0
158.0
161.0
198.0
160.0
160.0
198.0
155.0
156.0
195.0
157.0
153.0
199.0
436.0
157.0
200.0
161.0
201.0
162.0
157.0
200.0
155.0
200.0
149.0
157.0
205.0
156.0
199.0
279.0
150.0
198.0
157.0
200.0
160.0
144.0
205.0
155.0
200.0
153.0
158.0
198.0
155.0
202.0
158.0
157.0
157.0
198.0
156.0
200.0
156.0
200.0
161.0
201.0
159.0
154.0
200.0
157.0
200.0
155.0
198.0
157.0
200.0
149.0
198.0
155.0
201.0
565.0
160.0
201.0
161.0
198.0
162.0
160.0
160.0
157.0
198.0
154.0
199.0
160.0
155.0
201.0
156.0
201.0
157.0
200.0
157.0
160.0
158.0
198.0
157.0
202.0
155.0
218.0
157.0
156.0
151.0
197.0
154.0
146.0
200.0
160.0
200.0
149.0
147.0
197.0
156.0
200.0
161.0
200.0
158.0
197.0
157.0
158.0
155.0
202.0
151.0
154.0
198.0
156.0
200.0
153.0
201.0
160.0
154.0
199.0
155.0
200.0
154.0
158.0
156.0
200.0
157.0
155.0
154.0
158.0
159.0
157.0
161.0
198.0
154.0
157.0
199.0
161.0
160.0
197.0
156.0
197.0
163.0
154.0
156.0
155.0
199.0
156.0
153.0
198.0
161.0
154.0
157.0
155.0
157.0
149.0
200.0
158.0
151.0
151.0
337.0
153.0
198.0
158.0
161.0
152.0
200.0
157.0
158.0
164.0
202.0
159.0
198.0
156.0
198.0
156.0
199.0
160.0
202.0
150.0
154.0
203.0
159.0
160.0
199.0
157.0
155.0
202.0
163.0
198.0
161.0
152.0
153.0
201.0
155.0
150.0
198.0
156.0
157.0
155.0
164.0
154.0
157.0
200.0
149.0
200.0
159.0
200.0
159.0
201.0
156.0
201.0
153.0
154.0
198.0
568.0
157.0
154.0
155.0
152.0
158.0
198.0
153.0
198.0
205.0
164.0
199.0
160.0
200.0
160.0
199.0
156.0
200.0
161.0
199.0
157.0
197.0
154.0
198.0
158.0
154.0
200.0
156.0
160.0
200.0
160.0
200.0
160.0
201.0
158.0
199.0
157.0
201.0
154.0
157.0
154.0
160.0
145.0
197.0
160.0
154.0
148.0
160.0
159.0
199.0
161.0
196.0
162.0
156.0
200.0
153.0
202.0
160.0
200.0
155.0
160.0
158.0
198.0
158.0
201.0
157.0
159.0
160.0
197.0
158.0
156.0
202.0
154.0
198.0
159.0
198.0
152.0
158.0
154.0
200.0
159.0
200.0
149.0
199.0
149.0
158.0
156.0
198.0
153.0
204.0
160.0
197.0
156.0
199.0
245.0
142.0
157.0
197.0
156.0
204.0
154.0
155.0
198.0
154.0
152.0
199.0
141.0
197.0
142.0
197.0
227.0
163.0
154.0
199.0
149.0
198.0
150.0
157.0
200.0
157.0
200.0
157.0
198.0
160.0
194.0
158.0
155.0
200.0
162.0
154.0
199.0
162.0
201.0
158.0
200.0
155.0
201.0
157.0
155.0
198.0
158.0
202.0
156.0
160.0
198.0
155.0
201.0
157.0
466.0
156.0
154.0
157.0
159.0
202.0
150.0
155.0
194.0
160.0
196.0
158.0
159.0
200.0
154.0
198.0
156.0
199.0
155.0
152.0
157.0
199.0
155.0
201.0
158.0
201.0
156.0
197.0
151.0
202.0
157.0
155.0
153.0
199.0
152.0
151.0
203.0
158.0
199.0
156.0
197.0
156.0
153.0
153.0
155.0
153.0
149.0
198.0
158.0
148.0
202.0
157.0
154.0
161.0
201.0
159.0
199.0
155.0
155.0
155.0
154.0
198.0
154.0
201.0
160.0
154.0
157.0
199.0
155.0
160.0
157.0
157.0
202.0
155.0
157.0
197.0
157.0
202.0
151.0
156.0
198.0
162.0
151.0
198.0
149.0
160.0
154.0
153.0
199.0
157.0
199.0
149.0
157.0
156.0
200.0
160.0
198.0
159.0
164.0
203.0
158.0
201.0
160.0
160.0
203.0
158.0
202.0
157.0
160.0
198.0
155.0
198.0
158.0
160.0
157.0
200.0
149.0
154.0
201.0
144.0
152.0
153.0
199.0
161.0
156.0
210.0
159.0
162.0
200.0
157.0
200.0
160.0
199.0
157.0
199.0
158.0
160.0
208.0
160.0
158.0
213.0
160.0
155.0
158.0
165.0
197.0
157.0
154.0
152.0
155.0
203.0
146.0
157.0
198.0
153.0
157.0
154.0
197.0
161.0
157.0
157.0
161.0
158.0
202.0
157.0
161.0
198.0
151.0
199.0
157.0
154.0
200.0
157.0
158.0
157.0
201.0
156.0
200.0
125.0
203.0
156.0
156.0
157.0
197.0
155.0
199.0
155.0
147.0
201.0
155.0
153.0
201.0
157.0
154.0
160.0
153.0
202.0
159.0
155.0
161.0
161.0
149.0
203.0
155.0
157.0
198.0
149.0
221.0
154.0
157.0
198.0
157.0
159.0
149.0
198.0
162.0
151.0
156.0
157.0
160.0
201.0
155.0
202.0
148.0
151.0
193.0
160.0
202.0
151.0
150.0
198.0
158.0
155.0
197.0
160.0
200.0
161.0
160.0
149.0
201.0
160.0
200.0
216.0
160.0
156.0
198.0
154.0
199.0
153.0
199.0
157.0
155.0
198.0
157.0
202.0
155.0
157.0
199.0
155.0
194.0
156.0
157.0
199.0
158.0
160.0
200.0
155.0
202.0
160.0
198.0
160.0
155.0
154.0
199.0
157.0
199.0
161.0
162.0
157.0
201.0
154.0
200.0
153.0
158.0
157.0
157.0
139.0
201.0
157.0
160.0
201.0
156.0
161.0
200.0
156.0
144.0
202.0
157.0
152.0
160.0
199.0
156.0
202.0
151.0
160.0
161.0
238.0
160.0
199.0
154.0
200.0
160.0
199.0
157.0
202.0
155.0
202.0
160.0
381.0
157.0
200.0
158.0
160.0
156.0
198.0
155.0
200.0
160.0
157.0
156.0
155.0
200.0
158.0
197.0
154.0
203.0
151.0
200.0
154.0
149.0
133.0
201.0
216.0
153.0
153.0
202.0
160.0
198.0
154.0
202.0
158.0
198.0
246.0
149.0
160.0
157.0
151.0
198.0
155.0
160.0
153.0
201.0
160.0
200.0
157.0
200.0
157.0
200.0
341.0
160.0
201.0
155.0
197.0
156.0
202.0
156.0
203.0
160.0
153.0
201.0
159.0
203.0
168.0
199.0
152.0
198.0
153.0
154.0
154.0
198.0
153.0
158.0
157.0
200.0
158.0
199.0
157.0
162.0
156.0
157.0
152.0
201.0
251.0
152.0
155.0
200.0
154.0
160.0
200.0
155.0
197.0
159.0
160.0
226.0
157.0
201.0
158.0
161.0
157.0
200.0
154.0
155.0
156.0
199.0
147.0
202.0
161.0
201.0
154.0
199.0
156.0
160.0
161.0
197.0
156.0
198.0
165.0
156.0
156.0
156.0
155.0
202.0
150.0
200.0
160.0
154.0
200.0
149.0
154.0
161.0
198.0
153.0
198.0
154.0
198.0
161.0
160.0
158.0
202.0
152.0
154.0
202.0
153.0
154.0
198.0
153.0
158.0
198.0
156.0
158.0
201.0
154.0
160.0
151.0
201.0
157.0
202.0
158.0
201.0
162.0
198.0
156.0
199.0
160.0
201.0
156.0
156.0
198.0
153.0
157.0
156.0
157.0
154.0
201.0
160.0
157.0
155.0
160.0
157.0
202.0
161.0
158.0
200.0
155.0
164.0
158.0
200.0
160.0
201.0
160.0
198.0
158.0
160.0
201.0
160.0
202.0
157.0
156.0
156.0
394.0
150.0
200.0
161.0
198.0
160.0
199.0
155.0
200.0
160.0
200.0
146.0
155.0
198.0
147.0
202.0
163.0
158.0
156.0
159.0
158.0
155.0
164.0
152.0
200.0
200.0
160.0
156.0
200.0
149.0
202.0
160.0
160.0
202.0
156.0
158.0
197.0
155.0
157.0
157.0
155.0
156.0
200.0
155.0
158.0
154.0
157.0
161.0
199.0
161.0
200.0
160.0
202.0
157.0
197.0
153.0
198.0
150.0
200.0
155.0
200.0
512.0
159.0
160.0
156.0
143.0
199.0
157.0
198.0
162.0
154.0
153.0
198.0
158.0
154.0
151.0
155.0
152.0
196.0
157.0
155.0
157.0
198.0
157.0
157.0
196.0
158.0
198.0
152.0
168.0
152.0
200.0
141.0
200.0
157.0
196.0
158.0
202.0
157.0
161.0
198.0
160.0
160.0
203.0
157.0
202.0
157.0
198.0
153.0
161.0
141.0
157.0
197.0
155.0
146.0
203.0
159.0
160.0
197.0
155.0
160.0
201.0
157.0
201.0
160.0
198.0
155.0
198.0
154.0
321.0
154.0
200.0
525.0
154.0
157.0
161.0
155.0
155.0
196.0
157.0
155.0
199.0
162.0
157.0
160.0
147.0
157.0
200.0
160.0
203.0
156.0
201.0
162.0
162.0
200.0
158.0
154.0
156.0
160.0
202.0
158.0
157.0
200.0
165.0
201.0
158.0
161.0
157.0
160.0
200.0
163.0
161.0
200.0
157.0
199.0
157.0
156.0
158.0
162.0
157.0
160.0
202.0
162.0
198.0
156.0
152.0
202.0
153.0
200.0
161.0
160.0
157.0
202.0
160.0
201.0
146.0
161.0
199.0
160.0
202.0
273.0
154.0
162.0
198.0
149.0
198.0
162.0
201.0
150.0
200.0
246.0
194.0
147.0
201.0
147.0
200.0
144.0
194.0
156.0
198.0
156.0
156.0
200.0
154.0
154.0
155.0
161.0
195.0
153.0
197.0
313.0
158.0
157.0
160.0
198.0
153.0
161.0
158.0
200.0
159.0
160.0
204.0
156.0
198.0
157.0
198.0
160.0
146.0
200.0
160.0
198.0
156.0
197.0
154.0
160.0
144.0
157.0
202.0
149.0
160.0
154.0
153.0
157.0
159.0
200.0
391.0
160.0
153.0
237.0
197.0
157.0
158.0
149.0
154.0
156.0
201.0
154.0
196.0
151.0
149.0
199.0
181.0
199.0
158.0
158.0
199.0
157.0
153.0
200.0
160.0
199.0
157.0
202.0
160.0
198.0
156.0
502.0
226.0
157.0
200.0
160.0
200.0
149.0
153.0
156.0
154.0
200.0
155.0
202.0
149.0
200.0
160.0
200.0
238.0
158.0
203.0
152.0
198.0
158.0
202.0
154.0
157.0
154.0
157.0
202.0
158.0
136.0
160.0
200.0
157.0
199.0
157.0
200.0
157.0
201.0
158.0
200.0
156.0
202.0
162.0
158.0
199.0
158.0
198.0
152.0
201.0
154.0
158.0
200.0
160.0
160.0
155.0
160.0
197.0
157.0
200.0
160.0
200.0
156.0
200.0
221.0
199.0
148.0
146.0
197.0
159.0
200.0
150.0
196.0
154.0
198.0
156.0
156.0
201.0
157.0
198.0
158.0
154.0
197.0
151.0
197.0
158.0
160.0
150.0
200.0
162.0
157.0
198.0
157.0
202.0
155.0
200.0
146.0
202.0
157.0
226.0
160.0
157.0
200.0
157.0
198.0
244.0
156.0
200.0
145.0
149.0
197.0
154.0
157.0
199.0
157.0
205.0
154.0
198.0
158.0
200.0
159.0
199.0
143.0
203.0
156.0
197.0
159.0
198.0
160.0
158.0
200.0
158.0
153.0
199.0
158.0
149.0
201.0
160.0
198.0
155.0
197.0
157.0
198.0
156.0
528.0
154.0
197.0
154.0
196.0
154.0
155.0
202.0
149.0
156.0
153.0
160.0
201.0
155.0
199.0
158.0
198.0
141.0
197.0
157.0
159.0
157.0
155.0
147.0
154.0
155.0
201.0
160.0
157.0
160.0
197.0
158.0
202.0
157.0
279.0
158.0
201.0
152.0
155.0
199.0
144.0
198.0
156.0
160.0
153.0
198.0
161.0
202.0
157.0
157.0
148.0
200.0
157.0
162.0
158.0
280.0
156.0
198.0
149.0
200.0
154.0
198.0
153.0
153.0
201.0
155.0
158.0
200.0
160.0
198.0
157.0
159.0
157.0
201.0
154.0
269.0
158.0
157.0
200.0
160.0
198.0
155.0
198.0
161.0
158.0
199.0
153.0
152.0
141.0
197.0
160.0
195.0
158.0
199.0
158.0
199.0
161.0
154.0
153.0
154.0
199.0
160.0
198.0
158.0
157.0
199.0
158.0
196.0
153.0
202.0
157.0
197.0
157.0
157.0
156.0
154.0
153.0
198.0
146.0
202.0
155.0
155.0
273.0
155.0
201.0
198.0
160.0
201.0
159.0
198.0
163.0
201.0
155.0
163.0
160.0
154.0
197.0
156.0
153.0
158.0
200.0
157.0
155.0
198.0
152.0
156.0
161.0
197.0
160.0
202.0
157.0
158.0
157.0
200.0
164.0
161.0
197.0
155.0
197.0
158.0
198.0
160.0
157.0
197.0
146.0
204.0
149.0
198.0
155.0
160.0
200.0
154.0
199.0
152.0
202.0
150.0
199.0
156.0
197.0
156.0
200.0
158.0
198.0
157.0
200.0
157.0
201.0
146.0
200.0
155.0
155.0
200.0
162.0
158.0
200.0
157.0
198.0
150.0
596.0
157.0
197.0
154.0
153.0
158.0
158.0
199.0
155.0
156.0
200.0
157.0
200.0
155.0
197.0
157.0
198.0
155.0
200.0
153.0
200.0
231.0
152.0
201.0
144.0
157.0
158.0
154.0
160.0
199.0
154.0
198.0
156.0
197.0
156.0
162.0
197.0
156.0
206.0
154.0
158.0
217.0
154.0
155.0
156.0
200.0
154.0
197.0
156.0
157.0
202.0
156.0
200.0
160.0
204.0
164.0
201.0
162.0
198.0
157.0
198.0
160.0
150.0
157.0
202.0
140.0
200.0
157.0
154.0
200.0
155.0
202.0
158.0
203.0
157.0
198.0
160.0
157.0
159.0
198.0
154.0
200.0
153.0
203.0
151.0
198.0
161.0
200.0
158.0
199.0
155.0
199.0
146.0
201.0
281.0
297.0
160.0
200.0
160.0
198.0
147.0
196.0
157.0
149.0
200.0
161.0
155.0
200.0
155.0
154.0
199.0
149.0
198.0
158.0
201.0
142.0
158.0
198.0
159.0
149.0
154.0
201.0
154.0
155.0
199.0
158.0
155.0
157.0
199.0
158.0
160.0
260.0
157.0
