132.0
128.0
123.0
126.0
130.0
165.0
123.0
168.0
126.0
170.0
193.0
127.0
128.0
171.0
129.0
167.0
129.0
166.0
162.0
126.0
173.0
125.0
170.0
129.0
130.0
123.0
122.0
168.0
124.0
125.0
172.0
119.0
110.0
119.0
169.0
126.0
168.0
132.0
169.0
126.0
170.0
122.0
170.0
122.0
173.0
114.0
174.0
132.0
167.0
505.0
118.0
119.0
173.0
125.0
174.0
125.0
166.0
285.0
122.0
118.0
169.0
124.0
121.0
132.0
162.0
125.0
131.0
174.0
120.0
202.0
121.0
123.0
169.0
194.0
213.0
129.0
171.0
124.0
162.0
123.0
170.0
123.0
171.0
130.0
130.0
120.0
166.0
123.0
167.0
126.0
167.0
117.0
174.0
123.0
166.0
125.0
169.0
122.0
128.0
172.0
121.0
128.0
169.0
122.0
165.0
125.0
169.0
126.0
171.0
128.0
169.0
127.0
129.0
167.0
126.0
168.0
125.0
169.0
126.0
168.0
132.0
170.0
124.0
173.0
128.0
126.0
160.0
122.0
171.0
125.0
170.0
130.0
128.0
166.0
113.0
173.0
132.0
169.0
123.0
177.0
123.0
273.0
120.0
168.0
130.0
124.0
126.0
167.0
126.0
117.0
166.0
125.0
166.0
123.0
171.0
128.0
164.0
125.0
126.0
169.0
118.0
170.0
129.0
206.0
119.0
166.0
131.0
165.0
197.0
126.0
167.0
120.0
173.0
116.0
166.0
125.0
166.0
120.0
170.0
125.0
168.0
125.0
173.0
125.0
168.0
130.0
122.0
168.0
122.0
172.0
128.0
168.0
128.0
171.0
109.0
170.0
131.0
125.0
169.0
118.0
166.0
126.0
123.0
165.0
125.0
166.0
126.0
170.0
126.0
168.0
130.0
168.0
121.0
177.0
129.0
167.0
127.0
171.0
130.0
125.0
165.0
117.0
168.0
128.0
167.0
131.0
169.0
126.0
167.0
128.0
166.0
132.0
171.0
124.0
169.0
125.0
129.0
170.0
125.0
128.0
125.0
196.0
105.0
172.0
124.0
124.0
122.0
122.0
122.0
121.0
171.0
129.0
117.0
120.0
125.0
169.0
125.0
170.0
118.0
171.0
121.0
168.0
125.0
171.0
120.0
125.0
166.0
128.0
169.0
121.0
166.0
119.0
170.0
131.0
170.0
126.0
163.0
123.0
170.0
193.0
129.0
170.0
125.0
168.0
114.0
128.0
160.0
129.0
167.0
122.0
166.0
118.0
165.0
133.0
169.0
571.0
118.0
123.0
127.0
166.0
125.0
166.0
126.0
129.0
128.0
122.0
170.0
114.0
169.0
122.0
126.0
166.0
121.0
174.0
128.0
165.0
121.0
171.0
120.0
165.0
123.0
166.0
129.0
165.0
118.0
130.0
120.0
169.0
125.0
127.0
168.0
131.0
124.0
170.0
129.0
169.0
128.0
168.0
124.0
122.0
130.0
168.0
126.0
122.0
166.0
122.0
169.0
129.0
170.0
125.0
120.0
126.0
653.0
205.0
119.0
168.0
130.0
167.0
129.0
170.0
126.0
174.0
115.0
173.0
332.0
128.0
123.0
169.0
126.0
131.0
129.0
126.0
119.0
169.0
125.0
125.0
166.0
126.0
166.0
125.0
169.0
124.0
118.0
128.0
120.0
172.0
125.0
166.0
123.0
172.0
126.0
123.0
170.0
125.0
121.0
168.0
116.0
172.0
224.0
129.0
130.0
122.0
164.0
125.0
172.0
124.0
171.0
129.0
168.0
126.0
121.0
125.0
128.0
125.0
163.0
123.0
119.0
170.0
117.0
170.0
130.0
126.0
168.0
126.0
165.0
123.0
165.0
126.0
165.0
125.0
166.0
124.0
121.0
168.0
130.0
166.0
524.0
127.0
169.0
126.0
164.0
129.0
164.0
123.0
166.0
125.0
171.0
124.0
122.0
169.0
125.0
165.0
116.0
124.0
166.0
123.0
115.0
115.0
122.0
169.0
130.0
128.0
110.0
169.0
125.0
118.0
118.0
125.0
170.0
129.0
170.0
129.0
165.0
123.0
126.0
174.0
113.0
170.0
128.0
125.0
126.0
171.0
127.0
106.0
172.0
124.0
124.0
121.0
129.0
126.0
116.0
168.0
130.0
122.0
165.0
125.0
125.0
167.0
126.0
126.0
167.0
114.0
170.0
121.0
121.0
168.0
124.0
169.0
123.0
122.0
118.0
125.0
126.0
169.0
123.0
126.0
171.0
125.0
125.0
166.0
107.0
171.0
118.0
162.0
125.0
168.0
122.0
125.0
164.0
126.0
124.0
126.0
171.0
125.0
168.0
134.0
168.0
106.0
173.0
130.0
128.0
165.0
127.0
122.0
170.0
134.0
168.0
130.0
171.0
119.0
168.0
124.0
130.0
130.0
124.0
170.0
130.0
128.0
122.0
174.0
127.0
163.0
124.0
167.0
117.0
121.0
169.0
123.0
171.0
125.0
127.0
129.0
170.0
130.0
122.0
171.0
125.0
166.0
125.0
168.0
123.0
122.0
171.0
126.0
164.0
129.0
165.0
128.0
170.0
123.0
120.0
173.0
122.0
169.0
122.0
122.0
170.0
126.0
171.0
125.0
165.0
128.0
166.0
130.0
130.0
168.0
120.0
124.0
170.0
126.0
169.0
116.0
166.0
124.0
165.0
123.0
120.0
123.0
170.0
124.0
171.0
119.0
125.0
170.0
123.0
128.0
162.0
129.0
121.0
168.0
121.0
171.0
117.0
175.0
125.0
101.0
178.0
123.0
128.0
125.0
120.0
495.0
117.0
165.0
124.0
168.0
131.0
123.0
170.0
130.0
126.0
129.0
165.0
130.0
169.0
124.0
122.0
124.0
168.0
121.0
126.0
126.0
167.0
127.0
171.0
117.0
124.0
126.0
166.0
124.0
130.0
117.0
167.0
124.0
170.0
120.0
125.0
167.0
129.0
164.0
132.0
173.0
133.0
167.0
128.0
170.0
128.0
166.0
118.0
121.0
173.0
127.0
129.0
172.0
129.0
163.0
126.0
126.0
169.0
123.0
170.0
126.0
126.0
127.0
130.0
163.0
130.0
167.0
124.0
172.0
125.0
165.0
128.0
172.0
305.0
127.0
170.0
420.0
125.0
170.0
126.0
171.0
128.0
165.0
128.0
170.0
196.0
128.0
124.0
168.0
123.0
168.0
128.0
170.0
121.0
171.0
113.0
171.0
121.0
171.0
126.0
123.0
126.0
170.0
124.0
169.0
123.0
125.0
166.0
125.0
123.0
164.0
126.0
166.0
123.0
108.0
170.0
126.0
166.0
253.0
123.0
126.0
126.0
167.0
126.0
166.0
120.0
165.0
122.0
170.0
125.0
168.0
125.0
122.0
117.0
115.0
129.0
171.0
124.0
126.0
170.0
128.0
168.0
121.0
170.0
128.0
125.0
166.0
124.0
125.0
167.0
122.0
170.0
125.0
125.0
166.0
122.0
170.0
122.0
120.0
172.0
126.0
124.0
126.0
170.0
122.0
121.0
171.0
126.0
122.0
123.0
169.0
130.0
169.0
160.0
125.0
167.0
121.0
127.0
168.0
130.0
126.0
118.0
128.0
171.0
125.0
128.0
123.0
122.0
130.0
127.0
171.0
128.0
177.0
128.0
173.0
126.0
165.0
112.0
165.0
120.0
170.0
129.0
169.0
123.0
169.0
126.0
122.0
122.0
131.0
174.0
126.0
171.0
128.0
169.0
131.0
166.0
125.0
165.0
130.0
200.0
132.0
172.0
128.0
172.0
132.0
173.0
128.0
166.0
129.0
164.0
125.0
129.0
168.0
124.0
170.0
126.0
123.0
127.0
125.0
168.0
122.0
123.0
168.0
117.0
174.0
125.0
168.0
122.0
172.0
132.0
164.0
124.0
129.0
170.0
130.0
172.0
124.0
171.0
117.0
168.0
118.0
170.0
130.0
168.0
120.0
115.0
167.0
119.0
168.0
130.0
124.0
129.0
128.0
171.0
120.0
111.0
171.0
121.0
166.0
125.0
170.0
130.0
123.0
127.0
132.0
173.0
132.0
168.0
129.0
166.0
126.0
122.0
170.0
120.0
171.0
121.0
167.0
115.0
170.0
132.0
125.0
129.0
175.0
132.0
171.0
118.0
124.0
173.0
126.0
169.0
125.0
125.0
170.0
124.0
172.0
125.0
171.0
196.0
170.0
126.0
144.0
170.0
122.0
166.0
130.0
172.0
130.0
122.0
126.0
169.0
125.0
172.0
121.0
164.0
124.0
118.0
121.0
122.0
166.0
121.0
170.0
126.0
166.0
122.0
126.0
121.0
168.0
123.0
325.0
126.0
170.0
125.0
129.0
169.0
126.0
163.0
125.0
122.0
123.0
119.0
166.0
129.0
173.0
126.0
167.0
126.0
175.0
131.0
126.0
131.0
162.0
129.0
166.0
424.0
120.0
173.0
130.0
174.0
120.0
165.0
125.0
163.0
132.0
126.0
173.0
126.0
164.0
128.0
172.0
118.0
128.0
130.0
116.0
169.0
133.0
174.0
130.0
130.0
170.0
126.0
168.0
122.0
166.0
125.0
124.0
170.0
125.0
168.0
125.0
178.0
117.0
130.0
170.0
118.0
165.0
132.0
171.0
122.0
127.0
171.0
126.0
123.0
117.0
175.0
123.0
119.0
168.0
127.0
109.0
166.0
125.0
170.0
126.0
183.0
129.0
123.0
127.0
169.0
120.0
170.0
129.0
165.0
125.0
121.0
169.0
128.0
123.0
169.0
118.0
167.0
481.0
130.0
166.0
127.0
163.0
121.0
166.0
123.0
165.0
124.0
174.0
122.0
170.0
125.0
164.0
124.0
122.0
121.0
170.0
120.0
174.0
116.0
171.0
133.0
130.0
121.0
124.0
125.0
165.0
124.0
129.0
131.0
167.0
122.0
174.0
181.0
163.0
128.0
169.0
123.0
170.0
110.0
170.0
118.0
169.0
126.0
122.0
173.0
125.0
122.0
165.0
125.0
167.0
128.0
170.0
126.0
166.0
124.0
124.0
114.0
171.0
123.0
170.0
122.0
164.0
113.0
171.0
125.0
168.0
128.0
166.0
130.0
169.0
121.0
170.0
122.0
165.0
128.0
166.0
129.0
130.0
166.0
123.0
173.0
112.0
122.0
125.0
169.0
267.0
129.0
166.0
125.0
158.0
126.0
167.0
312.0
123.0
125.0
172.0
123.0
122.0
168.0
123.0
162.0
117.0
125.0
127.0
168.0
129.0
125.0
171.0
125.0
166.0
118.0
172.0
114.0
174.0
121.0
172.0
125.0
173.0
130.0
122.0
169.0
122.0
119.0
169.0
132.0
121.0
124.0
128.0
127.0
171.0
121.0
127.0
168.0
124.0
165.0
117.0
168.0
116.0
165.0
123.0
173.0
124.0
169.0
122.0
128.0
169.0
126.0
168.0
122.0
166.0
123.0
169.0
126.0
128.0
125.0
125.0
128.0
171.0
128.0
165.0
125.0
168.0
114.0
175.0
275.0
121.0
114.0
126.0
171.0
122.0
130.0
166.0
122.0
169.0
132.0
125.0
117.0
123.0
124.0
168.0
132.0
117.0
173.0
129.0
169.0
116.0
165.0
116.0
168.0
122.0
133.0
116.0
165.0
129.0
172.0
126.0
125.0
127.0
128.0
173.0
129.0
170.0
122.0
128.0
171.0
130.0
125.0
172.0
125.0
122.0
570.0
125.0
175.0
125.0
166.0
121.0
168.0
129.0
125.0
126.0
494.0
167.0
127.0
131.0
130.0
128.0
169.0
126.0
169.0
130.0
173.0
123.0
125.0
125.0
128.0
186.0
121.0
129.0
123.0
168.0
123.0
164.0
116.0
128.0
166.0
126.0
172.0
124.0
130.0
125.0
168.0
126.0
171.0
118.0
178.0
122.0
110.0
128.0
174.0
129.0
126.0
128.0
171.0
125.0
122.0
170.0
216.0
122.0
125.0
126.0
129.0
132.0
171.0
133.0
121.0
172.0
126.0
118.0
132.0
170.0
127.0
132.0
128.0
130.0
170.0
126.0
168.0
116.0
130.0
168.0
123.0
117.0
168.0
125.0
170.0
125.0
171.0
125.0
123.0
131.0
131.0
122.0
122.0
166.0
125.0
125.0
166.0
123.0
130.0
169.0
125.0
166.0
125.0
123.0
129.0
171.0
127.0
118.0
168.0
126.0
175.0
123.0
130.0
128.0
124.0
168.0
127.0
125.0
165.0
124.0
126.0
109.0
166.0
132.0
125.0
176.0
129.0
167.0
129.0
170.0
130.0
114.0
173.0
126.0
170.0
129.0
170.0
124.0
169.0
130.0
167.0
130.0
130.0
168.0
126.0
121.0
125.0
169.0
129.0
170.0
121.0
123.0
173.0
132.0
118.0
121.0
122.0
341.0
129.0
165.0
122.0
119.0
171.0
132.0
165.0
126.0
161.0
125.0
124.0
169.0
129.0
129.0
127.0
122.0
167.0
123.0
123.0
112.0
170.0
124.0
123.0
173.0
123.0
130.0
172.0
121.0
170.0
126.0
172.0
125.0
115.0
122.0
116.0
171.0
127.0
172.0
118.0
130.0
164.0
121.0
124.0
123.0
169.0
191.0
121.0
164.0
132.0
124.0
124.0
170.0
123.0
122.0
125.0
115.0
171.0
116.0
194.0
165.0
121.0
124.0
173.0
120.0
174.0
126.0
168.0
132.0
125.0
166.0
122.0
168.0
110.0
166.0
120.0
127.0
170.0
128.0
133.0
172.0
126.0
167.0
123.0
169.0
121.0
121.0
169.0
127.0
169.0
126.0
171.0
126.0
171.0
122.0
117.0
165.0
126.0
165.0
125.0
124.0
126.0
123.0
168.0
120.0
128.0
132.0
174.0
124.0
125.0
119.0
123.0
169.0
247.0
131.0
123.0
170.0
120.0
124.0
128.0
122.0
123.0
128.0
120.0
173.0
126.0
123.0
166.0
125.0
176.0
125.0
124.0
170.0
114.0
166.0
125.0
128.0
170.0
124.0
122.0
162.0
122.0
165.0
126.0
168.0
126.0
128.0
171.0
120.0
168.0
94.0
181.0
127.0
167.0
122.0
165.0
121.0
163.0
129.0
169.0
118.0
123.0
173.0
125.0
169.0
125.0
168.0
122.0
125.0
168.0
127.0
171.0
123.0
168.0
214.0
122.0
168.0
124.0
125.0
174.0
134.0
169.0
120.0
171.0
123.0
169.0
120.0
169.0
128.0
168.0
119.0
126.0
129.0
166.0
125.0
123.0
173.0
126.0
169.0
125.0
169.0
123.0
166.0
126.0
172.0
122.0
123.0
170.0
118.0
166.0
120.0
168.0
116.0
169.0
527.0
125.0
171.0
132.0
123.0
171.0
115.0
168.0
122.0
131.0
171.0
124.0
172.0
133.0
126.0
168.0
125.0
115.0
127.0
166.0
123.0
169.0
126.0
170.0
129.0
126.0
170.0
128.0
162.0
121.0
173.0
124.0
170.0
125.0
170.0
126.0
170.0
113.0
123.0
172.0
125.0
172.0
131.0
168.0
128.0
169.0
125.0
122.0
129.0
172.0
126.0
242.0
125.0
123.0
165.0
127.0
121.0
126.0
169.0
130.0
165.0
122.0
167.0
117.0
174.0
122.0
172.0
128.0
171.0
124.0
174.0
458.0
126.0
172.0
123.0
123.0
171.0
125.0
129.0
219.0
117.0
169.0
132.0
170.0
131.0
165.0
125.0
126.0
166.0
180.0
170.0
123.0
164.0
114.0
166.0
129.0
168.0
126.0
170.0
125.0
172.0
123.0
169.0
123.0
169.0
111.0
175.0
328.0
129.0
128.0
126.0
131.0
126.0
125.0
126.0
169.0
120.0
176.0
125.0
120.0
123.0
173.0
119.0
121.0
170.0
125.0
170.0
130.0
168.0
119.0
130.0
165.0
125.0
165.0
121.0
166.0
120.0
127.0
172.0
121.0
169.0
125.0
169.0
129.0
127.0
702.0
125.0
165.0
114.0
171.0
122.0
173.0
109.0
176.0
125.0
170.0
128.0
168.0
125.0
166.0
128.0
169.0
120.0
173.0
125.0
168.0
126.0
129.0
170.0
128.0
128.0
132.0
167.0
125.0
167.0
119.0
169.0
102.0
169.0
127.0
176.0
129.0
129.0
121.0
160.0
124.0
168.0
131.0
175.0
122.0
171.0
123.0
117.0
124.0
127.0
174.0
130.0
170.0
126.0
170.0
120.0
123.0
170.0
125.0
171.0
126.0
166.0
126.0
165.0
101.0
169.0
129.0
125.0
130.0
164.0
127.0
129.0
170.0
119.0
124.0
171.0
122.0
166.0
121.0
168.0
128.0
169.0
130.0
173.0
121.0
118.0
125.0
105.0
125.0
170.0
124.0
129.0
170.0
201.0
122.0
171.0
125.0
170.0
120.0
166.0
131.0
166.0
238.0
125.0
119.0
125.0
123.0
125.0
165.0
126.0
125.0
169.0
123.0
174.0
124.0
169.0
130.0
164.0
118.0
126.0
120.0
170.0
126.0
125.0
172.0
514.0
126.0
165.0
128.0
169.0
121.0
165.0
130.0
127.0
129.0
165.0
130.0
130.0
123.0
128.0
173.0
123.0
170.0
126.0
164.0
128.0
166.0
129.0
166.0
122.0
169.0
120.0
167.0
125.0
168.0
126.0
171.0
122.0
119.0
129.0
122.0
130.0
128.0
172.0
128.0
113.0
125.0
123.0
170.0
121.0
168.0
123.0
168.0
122.0
171.0
122.0
174.0
122.0
168.0
124.0
173.0
197.0
122.0
178.0
130.0
168.0
125.0
166.0
125.0
170.0
125.0
173.0
123.0
169.0
126.0
168.0
123.0
165.0
116.0
169.0
123.0
124.0
170.0
124.0
168.0
125.0
118.0
117.0
174.0
116.0
125.0
164.0
122.0
172.0
129.0
170.0
123.0
162.0
117.0
286.0
125.0
125.0
126.0
166.0
123.0
165.0
127.0
168.0
129.0
167.0
121.0
163.0
122.0
590.0
117.0
168.0
130.0
168.0
123.0
126.0
165.0
122.0
170.0
126.0
166.0
125.0
125.0
173.0
121.0
170.0
126.0
126.0
169.0
122.0
140.0
121.0
131.0
190.0
166.0
124.0
169.0
123.0
171.0
120.0
125.0
175.0
117.0
171.0
120.0
123.0
169.0
128.0
125.0
167.0
122.0
170.0
122.0
122.0
170.0
129.0
171.0
127.0
177.0
125.0
124.0
126.0
125.0
126.0
168.0
126.0
171.0
125.0
172.0
123.0
166.0
125.0
166.0
127.0
170.0
114.0
168.0
125.0
172.0
125.0
166.0
124.0
166.0
128.0
172.0
122.0
171.0
123.0
173.0
124.0
126.0
170.0
122.0
169.0
125.0
126.0
169.0
118.0
167.0
125.0
168.0
105.0
173.0
126.0
171.0
130.0
171.0
125.0
125.0
119.0
125.0
170.0
125.0
164.0
129.0
127.0
165.0
132.0
165.0
126.0
172.0
124.0
166.0
116.0
170.0
120.0
162.0
127.0
130.0
128.0
130.0
174.0
127.0
164.0
123.0
171.0
123.0
119.0
125.0
132.0
168.0
130.0
124.0
122.0
133.0
165.0
124.0
121.0
128.0
168.0
122.0
165.0
130.0
168.0
124.0
128.0
170.0
125.0
171.0
123.0
170.0
126.0
169.0
118.0
122.0
114.0
125.0
165.0
128.0
118.0
170.0
130.0
121.0
165.0
126.0
123.0
129.0
171.0
125.0
170.0
127.0
169.0
117.0
121.0
170.0
198.0
167.0
127.0
165.0
129.0
126.0
118.0
173.0
130.0
165.0
125.0
128.0
165.0
131.0
129.0
129.0
130.0
171.0
129.0
168.0
128.0
165.0
129.0
165.0
124.0
174.0
125.0
131.0
171.0
122.0
165.0
127.0
174.0
120.0
171.0
130.0
123.0
170.0
116.0
107.0
177.0
130.0
170.0
117.0
170.0
125.0
127.0
166.0
131.0
124.0
125.0
401.0
126.0
167.0
191.0
122.0
170.0
126.0
169.0
123.0
169.0
126.0
166.0
122.0
167.0
128.0
172.0
122.0
174.0
286.0
123.0
168.0
125.0
174.0
114.0
169.0
126.0
171.0
126.0
132.0
171.0
122.0
126.0
170.0
118.0
168.0
119.0
171.0
123.0
126.0
166.0
120.0
173.0
129.0
172.0
117.0
171.0
126.0
123.0
119.0
165.0
124.0
122.0
169.0
128.0
130.0
128.0
123.0
127.0
169.0
126.0
170.0
123.0
121.0
125.0
168.0
124.0
171.0
124.0
168.0
130.0
122.0
173.0
127.0
172.0
126.0
130.0
123.0
168.0
128.0
129.0
166.0
118.0
124.0
128.0
129.0
125.0
126.0
120.0
117.0
170.0
129.0
123.0
132.0
165.0
117.0
124.0
165.0
110.0
169.0
126.0
165.0
125.0
221.0
125.0
163.0
122.0
168.0
126.0
129.0
168.0
123.0
123.0
128.0
164.0
125.0
167.0
123.0
171.0
112.0
167.0
122.0
171.0
122.0
167.0
123.0
172.0
121.0
168.0
230.0
127.0
172.0
128.0
123.0
166.0
126.0
164.0
129.0
125.0
126.0
168.0
121.0
129.0
169.0
132.0
168.0
124.0
121.0
170.0
124.0
172.0
113.0
170.0
127.0
127.0
167.0
119.0
129.0
125.0
130.0
128.0
170.0
113.0
172.0
126.0
126.0
170.0
278.0
126.0
133.0
164.0
125.0
126.0
123.0
228.0
115.0
124.0
168.0
134.0
126.0
130.0
117.0
126.0
163.0
120.0
167.0
125.0
125.0
166.0
127.0
123.0
129.0
120.0
126.0
171.0
132.0
121.0
168.0
126.0
122.0
169.0
125.0
126.0
125.0
163.0
124.0
123.0
168.0
125.0
167.0
121.0
126.0
172.0
117.0
170.0
122.0
173.0
118.0
165.0
352.0
125.0
125.0
175.0
126.0
169.0
128.0
166.0
224.0
120.0
129.0
165.0
125.0
120.0
119.0
165.0
126.0
122.0
122.0
174.0
120.0
125.0
125.0
169.0
113.0
127.0
129.0
169.0
128.0
122.0
125.0
165.0
122.0
128.0
116.0
167.0
122.0
122.0
167.0
125.0
173.0
96.0
169.0
117.0
168.0
130.0
126.0
167.0
123.0
121.0
175.0
121.0
171.0
125.0
122.0
174.0
126.0
123.0
134.0
113.0
125.0
165.0
125.0
169.0
125.0
126.0
130.0
167.0
123.0
204.0
114.0
126.0
123.0
164.0
117.0
169.0
122.0
126.0
125.0
171.0
122.0
165.0
129.0
128.0
170.0
123.0
172.0
126.0
122.0
122.0
121.0
166.0
128.0
166.0
128.0
162.0
121.0
130.0
118.0
171.0
120.0
120.0
166.0
130.0
167.0
132.0
120.0
168.0
113.0
176.0
125.0
108.0
169.0
127.0
119.0
129.0
169.0
128.0
169.0
117.0
167.0
125.0
171.0
131.0
168.0
125.0
172.0
122.0
170.0
122.0
130.0
129.0
168.0
127.0
216.0
125.0
114.0
166.0
129.0
134.0
167.0
122.0
125.0
169.0
126.0
126.0
174.0
122.0
168.0
125.0
171.0
123.0
170.0
121.0
163.0
124.0
126.0
167.0
126.0
194.0
127.0
123.0
132.0
128.0
168.0
125.0
168.0
124.0
169.0
126.0
166.0
128.0
173.0
105.0
168.0
125.0
170.0
119.0
108.0
172.0
122.0
122.0
129.0
122.0
165.0
125.0
122.0
175.0
130.0
125.0
170.0
123.0
166.0
126.0
171.0
126.0
128.0
129.0
170.0
125.0
164.0
120.0
168.0
123.0
172.0
129.0
164.0
309.0
124.0
165.0
129.0
122.0
169.0
128.0
168.0
122.0
168.0
132.0
172.0
129.0
126.0
579.0
125.0
122.0
170.0
130.0
168.0
123.0
173.0
124.0
174.0
125.0
117.0
166.0
122.0
219.0
128.0
170.0
113.0
121.0
125.0
120.0
167.0
123.0
170.0
125.0
170.0
128.0
165.0
125.0
128.0
125.0
166.0
125.0
170.0
129.0
127.0
168.0
124.0
123.0
166.0
125.0
173.0
128.0
124.0
169.0
125.0
125.0
130.0
169.0
107.0
177.0
126.0
171.0
122.0
113.0
124.0
124.0
170.0
129.0
128.0
114.0
129.0
169.0
122.0
124.0
169.0
125.0
172.0
130.0
126.0
126.0
170.0
129.0
171.0
115.0
119.0
169.0
125.0
171.0
128.0
167.0
125.0
170.0
118.0
128.0
114.0
170.0
125.0
173.0
121.0
126.0
169.0
124.0
173.0
125.0
170.0
121.0
169.0
125.0
173.0
128.0
122.0
126.0
173.0
120.0
163.0
126.0
168.0
125.0
123.0
170.0
129.0
101.0
174.0
131.0
169.0
125.0
117.0
120.0
123.0
169.0
127.0
173.0
126.0
128.0
123.0
122.0
129.0
169.0
131.0
170.0
122.0
169.0
127.0
125.0
119.0
168.0
121.0
165.0
121.0
169.0
122.0
168.0
124.0
124.0
171.0
129.0
170.0
125.0
125.0
165.0
121.0
166.0
125.0
168.0
118.0
128.0
171.0
116.0
418.0
125.0
454.0
125.0
168.0
118.0
175.0
132.0
170.0
126.0
168.0
114.0
113.0
125.0
174.0
129.0
168.0
121.0
168.0
126.0
166.0
126.0
128.0
165.0
123.0
168.0
118.0
119.0
170.0
129.0
174.0
122.0
172.0
122.0
133.0
174.0
128.0
166.0
132.0
173.0
125.0
173.0
128.0
173.0
123.0
171.0
125.0
169.0
128.0
173.0
132.0
120.0
170.0
130.0
128.0
162.0
121.0
126.0
125.0
169.0
124.0
168.0
128.0
171.0
131.0
132.0
123.0
173.0
202.0
167.0
122.0
125.0
119.0
166.0
126.0
129.0
165.0
129.0
127.0
174.0
126.0
124.0
117.0
164.0
101.0
122.0
164.0
122.0
126.0
170.0
124.0
123.0
170.0
128.0
124.0
168.0
123.0
129.0
170.0
123.0
122.0
168.0
126.0
172.0
125.0
169.0
293.0
129.0
123.0
130.0
173.0
123.0
128.0
169.0
125.0
169.0
124.0
167.0
117.0
170.0
123.0
114.0
169.0
118.0
116.0
169.0
121.0
167.0
101.0
228.0
126.0
168.0
125.0
170.0
125.0
168.0
126.0
168.0
154.0
125.0
167.0
126.0
172.0
129.0
169.0
128.0
120.0
173.0
129.0
121.0
168.0
128.0
166.0
126.0
170.0
126.0
170.0
122.0
114.0
126.0
168.0
123.0
130.0
123.0
122.0
122.0
122.0
170.0
123.0
125.0
125.0
170.0
630.0
125.0
174.0
112.0
173.0
130.0
120.0
163.0
129.0
170.0
122.0
165.0
123.0
123.0
168.0
126.0
170.0
124.0
170.0
126.0
168.0
125.0
165.0
124.0
125.0
123.0
170.0
123.0
125.0
173.0
120.0
167.0
125.0
130.0
165.0
130.0
166.0
124.0
172.0
122.0
167.0
125.0
170.0
125.0
172.0
130.0
171.0
119.0
174.0
122.0
170.0
123.0
168.0
128.0
125.0
169.0
125.0
172.0
113.0
173.0
105.0
171.0
127.0
129.0
164.0
128.0
171.0
125.0
125.0
170.0
128.0
168.0
123.0
170.0
126.0
108.0
166.0
122.0
128.0
170.0
128.0
125.0
123.0
125.0
123.0
164.0
123.0
124.0
125.0
171.0
123.0
164.0
132.0
125.0
173.0
122.0
125.0
167.0
126.0
162.0
129.0
125.0
129.0
165.0
125.0
114.0
171.0
129.0
171.0
118.0
168.0
105.0
169.0
130.0
168.0
128.0
171.0
136.0
129.0
128.0
169.0
122.0
124.0
173.0
121.0
119.0
129.0
166.0
126.0
168.0
123.0
168.0
130.0
169.0
126.0
129.0
123.0
173.0
124.0
165.0
123.0
120.0
166.0
123.0
125.0
173.0
114.0
167.0
128.0
170.0
116.0
128.0
171.0
128.0
122.0
126.0
168.0
121.0
76.0
184.0
104.0
131.0
170.0
133.0
130.0
170.0
126.0
122.0
129.0
125.0
126.0
126.0
125.0
167.0
128.0
169.0
130.0
117.0
170.0
126.0
124.0
171.0
126.0
168.0
129.0
166.0
119.0
167.0
127.0
166.0
125.0
168.0
125.0
169.0
317.0
301.0
125.0
125.0
130.0
125.0
132.0
173.0
117.0
106.0
122.0
171.0
118.0
170.0
122.0
121.0
116.0
169.0
124.0
166.0
386.0
121.0
174.0
130.0
175.0
128.0
114.0
121.0
519.0
166.0
129.0
170.0
129.0
171.0
124.0
166.0
128.0
169.0
121.0
120.0
123.0
163.0
126.0
172.0
605.0
128.0
124.0
119.0
167.0
130.0
124.0
166.0
125.0
173.0
124.0
170.0
121.0
126.0
167.0
122.0
125.0
128.0
165.0
123.0
129.0
130.0
128.0
173.0
125.0
171.0
128.0
170.0
124.0
171.0
128.0
117.0
120.0
168.0
127.0
166.0
122.0
166.0
118.0
181.0
126.0
168.0
123.0
169.0
122.0
129.0
395.0
120.0
168.0
125.0
170.0
126.0
169.0
131.0
170.0
114.0
123.0
169.0
117.0
167.0
124.0
163.0
130.0
126.0
126.0
125.0
125.0
165.0
126.0
171.0
128.0
126.0
122.0
168.0
125.0
178.0
124.0
161.0
123.0
171.0
122.0
168.0
123.0
165.0
128.0
165.0
111.0
169.0
116.0
170.0
129.0
166.0
123.0
165.0
121.0
166.0
119.0
119.0
167.0
125.0
178.0
129.0
170.0
128.0
169.0
128.0
126.0
168.0
122.0
128.0
165.0
125.0
174.0
133.0
123.0
123.0
170.0
124.0
116.0
173.0
119.0
173.0
116.0
171.0
132.0
118.0
123.0
122.0
165.0
121.0
129.0
128.0
118.0
175.0
128.0
166.0
128.0
126.0
173.0
122.0
171.0
121.0
123.0
173.0
125.0
170.0
125.0
122.0
127.0
124.0
129.0
129.0
168.0
122.0
170.0
125.0
130.0
170.0
120.0
122.0
169.0
123.0
173.0
126.0
173.0
126.0
128.0
130.0
123.0
166.0
621.0
133.0
132.0
123.0
125.0
172.0
129.0
132.0
166.0
108.0
173.0
126.0
174.0
123.0
166.0
129.0
167.0
126.0
166.0
130.0
173.0
237.0
126.0
122.0
164.0
128.0
166.0
122.0
165.0
125.0
162.0
128.0
125.0
167.0
122.0
174.0
126.0
118.0
172.0
129.0
168.0
123.0
171.0
125.0
166.0
126.0
127.0
170.0
123.0
166.0
125.0
165.0
128.0
171.0
128.0
169.0
130.0
167.0
118.0
126.0
122.0
121.0
174.0
127.0
166.0
125.0
121.0
166.0
126.0
124.0
129.0
172.0
128.0
170.0
125.0
170.0
122.0
121.0
167.0
126.0
169.0
123.0
125.0
170.0
129.0
123.0
170.0
124.0
126.0
166.0
125.0
124.0
165.0
126.0
171.0
128.0
120.0
164.0
108.0
112.0
171.0
121.0
175.0
129.0
123.0
130.0
124.0
130.0
168.0
115.0
123.0
168.0
132.0
168.0
125.0
121.0
165.0
132.0
170.0
117.0
131.0
170.0
122.0
168.0
126.0
124.0
168.0
128.0
169.0
124.0
123.0
166.0
121.0
113.0
170.0
128.0
125.0
168.0
125.0
173.0
133.0
130.0
168.0
125.0
172.0
129.0
124.0
164.0
116.0
170.0
122.0
127.0
121.0
170.0
122.0
130.0
168.0
123.0
168.0
114.0
175.0
125.0
169.0
122.0
130.0
125.0
166.0
131.0
169.0
129.0
178.0
128.0
165.0
123.0
122.0
168.0
120.0
168.0
125.0
123.0
166.0
132.0
126.0
98.0
172.0
126.0
122.0
166.0
123.0
122.0
166.0
113.0
170.0
123.0
125.0
122.0
168.0
125.0
171.0
139.0
166.0
124.0
125.0
121.0
168.0
117.0
123.0
132.0
114.0
130.0
172.0
128.0
125.0
124.0
174.0
120.0
126.0
168.0
130.0
169.0
124.0
166.0
118.0
176.0
124.0
126.0
165.0
125.0
126.0
169.0
128.0
128.0
120.0
124.0
171.0
116.0
121.0
168.0
126.0
167.0
112.0
170.0
119.0
171.0
126.0
117.0
168.0
129.0
169.0
121.0
129.0
172.0
128.0
168.0
121.0
129.0
210.0
166.0
125.0
126.0
117.0
122.0
167.0
125.0
170.0
123.0
171.0
123.0
122.0
168.0
130.0
172.0
123.0
115.0
170.0
124.0
165.0
112.0
124.0
166.0
121.0
122.0
169.0
125.0
129.0
169.0
124.0
126.0
165.0
122.0
123.0
128.0
157.0
133.0
173.0
125.0
119.0
169.0
121.0
174.0
108.0
170.0
125.0
177.0
128.0
126.0
170.0
380.0
170.0
126.0
169.0
120.0
166.0
128.0
169.0
121.0
166.0
121.0
167.0
125.0
124.0
165.0
119.0
126.0
122.0
129.0
165.0
124.0
128.0
166.0
125.0
168.0
106.0
173.0
119.0
123.0
169.0
127.0
124.0
125.0
171.0
123.0
189.0
129.0
128.0
124.0
165.0
128.0
169.0
128.0
123.0
168.0
133.0
123.0
173.0
123.0
125.0
124.0
187.0
131.0
165.0
123.0
167.0
126.0
125.0
165.0
116.0
170.0
125.0
127.0
168.0
122.0
169.0
124.0
127.0
126.0
166.0
125.0
170.0
122.0
128.0
172.0
120.0
128.0
171.0
127.0
129.0
170.0
122.0
125.0
130.0
177.0
129.0
169.0
130.0
160.0
120.0
160.0
124.0
132.0
165.0
132.0
169.0
120.0
171.0
122.0
124.0
130.0
130.0
168.0
125.0
125.0
130.0
166.0
121.0
126.0
170.0
126.0
117.0
116.0
173.0
116.0
202.0
125.0
126.0
125.0
126.0
166.0
126.0
166.0
130.0
121.0
166.0
128.0
128.0
128.0
129.0
120.0
126.0
129.0
122.0
169.0
130.0
172.0
135.0
169.0
123.0
125.0
168.0
122.0
170.0
126.0
173.0
125.0
128.0
172.0
125.0
164.0
123.0
169.0
122.0
171.0
121.0
118.0
165.0
129.0
165.0
130.0
168.0
129.0
170.0
130.0
168.0
126.0
174.0
114.0
170.0
122.0
130.0
125.0
171.0
122.0
169.0
123.0
168.0
120.0
166.0
130.0
129.0
123.0
122.0
169.0
129.0
118.0
175.0
129.0
172.0
130.0
119.0
168.0
130.0
118.0
169.0
110.0
171.0
127.0
169.0
129.0
128.0
170.0
129.0
169.0
229.0
123.0
124.0
125.0
169.0
122.0
122.0
125.0
168.0
128.0
166.0
125.0
130.0
125.0
168.0
130.0
164.0
129.0
168.0
129.0
112.0
169.0
121.0
169.0
115.0
167.0
127.0
168.0
130.0
165.0
122.0
125.0
129.0
122.0
130.0
126.0
126.0
128.0
118.0
169.0
123.0
170.0
111.0
172.0
116.0
169.0
125.0
126.0
126.0
173.0
125.0
120.0
171.0
122.0
172.0
128.0
130.0
169.0
130.0
162.0
126.0
171.0
113.0
124.0
114.0
118.0
169.0
129.0
132.0
130.0
128.0
170.0
125.0
119.0
184.0
133.0
167.0
129.0
120.0
169.0
123.0
122.0
171.0
116.0
126.0
163.0
125.0
164.0
126.0
121.0
130.0
122.0
170.0
118.0
170.0
125.0
128.0
172.0
128.0
126.0
169.0
125.0
124.0
168.0
117.0
168.0
126.0
123.0
168.0
127.0
258.0
128.0
123.0
121.0
171.0
129.0
170.0
124.0
122.0
165.0
125.0
169.0
126.0
170.0
128.0
166.0
127.0
163.0
110.0
166.0
124.0
166.0
122.0
124.0
169.0
122.0
167.0
128.0
166.0
126.0
168.0
125.0
119.0
120.0
134.0
171.0
125.0
167.0
122.0
167.0
125.0
169.0
125.0
128.0
169.0
124.0
125.0
163.0
129.0
173.0
130.0
120.0
171.0
125.0
130.0
169.0
126.0
171.0
117.0
170.0
117.0
123.0
170.0
103.0
175.0
129.0
130.0
163.0
125.0
93.0
177.0
122.0
125.0
125.0
123.0
121.0
126.0
169.0
125.0
124.0
170.0
123.0
174.0
133.0
128.0
121.0
128.0
164.0
114.0
172.0
186.0
118.0
129.0
121.0
166.0
128.0
125.0
169.0
125.0
126.0
129.0
171.0
122.0
129.0
123.0
124.0
122.0
121.0
172.0
116.0
117.0
130.0
125.0
116.0
165.0
124.0
165.0
123.0
169.0
125.0
164.0
129.0
169.0
123.0
182.0
126.0
166.0
121.0
168.0
131.0
123.0
173.0
123.0
125.0
166.0
121.0
169.0
129.0
166.0
122.0
99.0
173.0
121.0
118.0
163.0
128.0
126.0
120.0
169.0
124.0
170.0
126.0
174.0
122.0
170.0
130.0
130.0
128.0
172.0
126.0
168.0
62.0
202.0
121.0
170.0
125.0
126.0
165.0
129.0
126.0
169.0
125.0
278.0
125.0
123.0
129.0
122.0
164.0
126.0
130.0
122.0
125.0
130.0
169.0
126.0
166.0
125.0
171.0
119.0
123.0
167.0
121.0
175.0
125.0
122.0
165.0
130.0
171.0
132.0
170.0
122.0
124.0
165.0
124.0
173.0
125.0
168.0
120.0
166.0
124.0
128.0
165.0
121.0
163.0
177.0
122.0
170.0
125.0
126.0
169.0
122.0
124.0
168.0
118.0
161.0
131.0
130.0
129.0
165.0
124.0
172.0
125.0
166.0
128.0
168.0
126.0
129.0
122.0
172.0
124.0
166.0
118.0
165.0
114.0
169.0
124.0
165.0
123.0
166.0
125.0
173.0
125.0
170.0
128.0
170.0
129.0
170.0
125.0
124.0
169.0
125.0
166.0
128.0
164.0
130.0
167.0
126.0
168.0
122.0
167.0
130.0
166.0
123.0
174.0
129.0
128.0
125.0
168.0
125.0
168.0
129.0
128.0
172.0
125.0
168.0
128.0
122.0
506.0
130.0
119.0
134.0
169.0
119.0
169.0
124.0
168.0
128.0
166.0
129.0
176.0
129.0
164.0
128.0
125.0
129.0
168.0
123.0
172.0
229.0
126.0
172.0
124.0
169.0
126.0
175.0
120.0
125.0
128.0
165.0
126.0
174.0
132.0
125.0
164.0
127.0
171.0
108.0
167.0
130.0
123.0
167.0
122.0
169.0
119.0
168.0
131.0
168.0
126.0
178.0
125.0
172.0
128.0
168.0
123.0
167.0
524.0
119.0
168.0
122.0
165.0
123.0
123.0
121.0
171.0
125.0
172.0
126.0
126.0
128.0
126.0
130.0
109.0
172.0
123.0
166.0
127.0
165.0
126.0
175.0
125.0
165.0
122.0
129.0
125.0
130.0
125.0
170.0
124.0
171.0
126.0
162.0
130.0
168.0
125.0
123.0
193.0
121.0
129.0
171.0
124.0
122.0
126.0
170.0
118.0
167.0
126.0
171.0
118.0
169.0
125.0
170.0
124.0
171.0
124.0
171.0
133.0
168.0
131.0
162.0
126.0
166.0
123.0
171.0
127.0
118.0
124.0
170.0
121.0
165.0
126.0
170.0
120.0
106.0
173.0
121.0
168.0
125.0
171.0
107.0
117.0
121.0
126.0
165.0
126.0
169.0
122.0
118.0
111.0
166.0
128.0
169.0
121.0
175.0
122.0
166.0
126.0
118.0
164.0
123.0
164.0
120.0
125.0
166.0
126.0
166.0
132.0
165.0
125.0
127.0
165.0
129.0
170.0
128.0
168.0
129.0
168.0
117.0
168.0
122.0
125.0
128.0
121.0
168.0
124.0
168.0
125.0
169.0
125.0
169.0
134.0
405.0
122.0
173.0
123.0
125.0
123.0
168.0
122.0
126.0
169.0
122.0
165.0
126.0
170.0
121.0
122.0
126.0
126.0
162.0
123.0
171.0
124.0
111.0
166.0
128.0
167.0
125.0
124.0
170.0
128.0
125.0
166.0
129.0
165.0
130.0
130.0
126.0
170.0
125.0
126.0
168.0
116.0
117.0
171.0
124.0
126.0
174.0
122.0
168.0
123.0
166.0
129.0
116.0
168.0
130.0
126.0
169.0
132.0
164.0
122.0
128.0
169.0
129.0
168.0
128.0
170.0
125.0
167.0
119.0
170.0
125.0
118.0
125.0
168.0
123.0
116.0
130.0
127.0
125.0
125.0
166.0
128.0
170.0
123.0
168.0
117.0
166.0
119.0
125.0
170.0
126.0
128.0
165.0
122.0
123.0
165.0
116.0
166.0
123.0
126.0
130.0
166.0
123.0
170.0
125.0
163.0
114.0
165.0
123.0
172.0
121.0
129.0
172.0
122.0
169.0
125.0
168.0
125.0
168.0
123.0
132.0
134.0
122.0
168.0
128.0
173.0
126.0
123.0
165.0
125.0
177.0
130.0
166.0
120.0
168.0
123.0
125.0
165.0
117.0
170.0
125.0
130.0
122.0
169.0
129.0
133.0
125.0
123.0
120.0
124.0
166.0
119.0
170.0
125.0
166.0
126.0
126.0
168.0
121.0
128.0
163.0
123.0
123.0
129.0
122.0
112.0
168.0
125.0
169.0
128.0
124.0
160.0
121.0
128.0
126.0
126.0
121.0
116.0
170.0
124.0
163.0
144.0
171.0
117.0
128.0
170.0
121.0
120.0
169.0
121.0
123.0
171.0
122.0
165.0
125.0
120.0
168.0
123.0
164.0
117.0
171.0
125.0
128.0
175.0
133.0
122.0
117.0
171.0
119.0
119.0
170.0
125.0
118.0
169.0
123.0
174.0
122.0
171.0
100.0
174.0
129.0
123.0
171.0
128.0
112.0
170.0
125.0
170.0
130.0
170.0
126.0
121.0
169.0
226.0
122.0
123.0
115.0
171.0
121.0
122.0
164.0
123.0
166.0
123.0
132.0
171.0
125.0
119.0
167.0
126.0
123.0
126.0
177.0
122.0
166.0
210.0
169.0
128.0
117.0
167.0
131.0
170.0
124.0
122.0
171.0
121.0
169.0
122.0
109.0
170.0
129.0
127.0
175.0
102.0
171.0
119.0
165.0
123.0
169.0
130.0
174.0
129.0
165.0
123.0
122.0
168.0
107.0
127.0
169.0
126.0
121.0
166.0
130.0
122.0
118.0
172.0
121.0
121.0
128.0
127.0
166.0
126.0
168.0
133.0
169.0
122.0
167.0
129.0
129.0
132.0
126.0
133.0
120.0
170.0
126.0
171.0
129.0
119.0
170.0
122.0
168.0
121.0
119.0
125.0
169.0
126.0
168.0
128.0
471.0
128.0
164.0
122.0
170.0
129.0
126.0
114.0
171.0
123.0
170.0
124.0
126.0
122.0
169.0
113.0
170.0
120.0
170.0
123.0
169.0
125.0
112.0
126.0
168.0
130.0
128.0
165.0
132.0
125.0
169.0
98.0
175.0
123.0
169.0
180.0
126.0
123.0
170.0
124.0
173.0
130.0
132.0
121.0
130.0
165.0
125.0
126.0
170.0
124.0
128.0
170.0
128.0
124.0
165.0
115.0
129.0
173.0
126.0
168.0
130.0
132.0
170.0
126.0
165.0
119.0
125.0
170.0
123.0
170.0
125.0
122.0
171.0
126.0
166.0
128.0
114.0
173.0
123.0
165.0
126.0
124.0
167.0
123.0
170.0
125.0
126.0
125.0
165.0
122.0
166.0
129.0
169.0
126.0
170.0
130.0
120.0
165.0
123.0
168.0
124.0
172.0
125.0
164.0
116.0
170.0
123.0
168.0
118.0
124.0
168.0
127.0
166.0
130.0
126.0
129.0
125.0
166.0
125.0
170.0
125.0
117.0
168.0
121.0
169.0
123.0
168.0
125.0
129.0
125.0
170.0
123.0
170.0
126.0
124.0
131.0
122.0
118.0
167.0
125.0
114.0
165.0
122.0
169.0
119.0
109.0
169.0
129.0
170.0
126.0
169.0
122.0
165.0
197.0
121.0
126.0
173.0
119.0
124.0
170.0
119.0
170.0
123.0
172.0
130.0
122.0
167.0
124.0
164.0
116.0
125.0
122.0
169.0
129.0
122.0
123.0
124.0
132.0
124.0
125.0
168.0
122.0
129.0
165.0
126.0
129.0
164.0
124.0
172.0
129.0
121.0
130.0
123.0
171.0
123.0
124.0
171.0
127.0
125.0
126.0
127.0
130.0
118.0
165.0
130.0
123.0
121.0
123.0
114.0
169.0
129.0
126.0
118.0
165.0
121.0
122.0
129.0
171.0
124.0
168.0
126.0
165.0
123.0
169.0
122.0
170.0
115.0
179.0
166.0
125.0
126.0
165.0
125.0
126.0
171.0
126.0
164.0
132.0
123.0
126.0
172.0
132.0
122.0
168.0
128.0
128.0
122.0
132.0
123.0
130.0
171.0
119.0
168.0
124.0
168.0
129.0
167.0
123.0
170.0
397.0
122.0
166.0
121.0
126.0
122.0
122.0
124.0
122.0
168.0
123.0
165.0
129.0
129.0
168.0
126.0
162.0
123.0
170.0
119.0
170.0
126.0
169.0
128.0
167.0
122.0
168.0
125.0
128.0
173.0
129.0
128.0
170.0
130.0
167.0
126.0
168.0
132.0
165.0
126.0
170.0
125.0
128.0
186.0
125.0
114.0
168.0
129.0
122.0
113.0
125.0
126.0
168.0
129.0
168.0
124.0
125.0
171.0
120.0
168.0
130.0
169.0
133.0
130.0
124.0
164.0
128.0
165.0
131.0
122.0
123.0
164.0
213.0
125.0
175.0
125.0
170.0
121.0
170.0
119.0
128.0
125.0
164.0
125.0
169.0
125.0
170.0
112.0
125.0
132.0
167.0
129.0
172.0
130.0
165.0
127.0
166.0
126.0
112.0
126.0
169.0
122.0
132.0
150.0
123.0
169.0
122.0
126.0
169.0
110.0
168.0
111.0
170.0
129.0
131.0
125.0
165.0
116.0
166.0
125.0
128.0
166.0
123.0
168.0
123.0
167.0
125.0
165.0
132.0
123.0
167.0
129.0
129.0
163.0
129.0
166.0
125.0
169.0
125.0
168.0
124.0
124.0
169.0
123.0
169.0
128.0
128.0
168.0
129.0
171.0
200.0
127.0
196.0
125.0
124.0
130.0
173.0
125.0
119.0
166.0
128.0
165.0
128.0
128.0
171.0
125.0
166.0
124.0
164.0
126.0
124.0
128.0
166.0
125.0
168.0
121.0
165.0
122.0
168.0
116.0
177.0
124.0
125.0
124.0
169.0
121.0
115.0
171.0
125.0
170.0
128.0
168.0
122.0
123.0
125.0
125.0
125.0
117.0
165.0
129.0
111.0
169.0
122.0
122.0
122.0
167.0
125.0
165.0
126.0
130.0
123.0
123.0
168.0
123.0
169.0
125.0
124.0
125.0
169.0
128.0
125.0
123.0
121.0
166.0
128.0
122.0
167.0
126.0
171.0
123.0
128.0
165.0
124.0
121.0
172.0
118.0
128.0
120.0
122.0
173.0
130.0
165.0
118.0
200.0
126.0
166.0
124.0
166.0
129.0
128.0
170.0
126.0
170.0
120.0
130.0
173.0
128.0
174.0
125.0
126.0
168.0
121.0
169.0
123.0
129.0
126.0
171.0
118.0
130.0
165.0
113.0
119.0
122.0
169.0
124.0
126.0
128.0
125.0
125.0
171.0
124.0
168.0
128.0
168.0
123.0
163.0
130.0
126.0
124.0
226.0
131.0
120.0
128.0
125.0
128.0
127.0
169.0
125.0
123.0
123.0
128.0
171.0
114.0
123.0
164.0
127.0
126.0
126.0
166.0
130.0
126.0
129.0
130.0
128.0
173.0
128.0
128.0
167.0
118.0
170.0
122.0
121.0
169.0
125.0
124.0
129.0
171.0
130.0
169.0
89.0
178.0
124.0
120.0
125.0
165.0
121.0
166.0
122.0
114.0
169.0
122.0
126.0
172.0
119.0
325.0
125.0
124.0
172.0
121.0
130.0
125.0
130.0
114.0
172.0
248.0
122.0
171.0
124.0
125.0
121.0
129.0
169.0
122.0
129.0
113.0
166.0
127.0
457.0
117.0
127.0
126.0
174.0
125.0
171.0
116.0
123.0
170.0
130.0
172.0
494.0
126.0
165.0
125.0
122.0
164.0
125.0
165.0
132.0
129.0
118.0
170.0
125.0
164.0
124.0
132.0
128.0
168.0
125.0
167.0
122.0
172.0
131.0
118.0
168.0
122.0
171.0
118.0
122.0
169.0
128.0
162.0
125.0
127.0
169.0
126.0
129.0
170.0
125.0
171.0
126.0
168.0
128.0
128.0
123.0
168.0
126.0
172.0
129.0
127.0
123.0
173.0
123.0
126.0
122.0
124.0
129.0
130.0
109.0
173.0
125.0
128.0
168.0
127.0
123.0
172.0
326.0
108.0
168.0
129.0
118.0
130.0
166.0
122.0
174.0
121.0
126.0
130.0
129.0
128.0
169.0
127.0
171.0
129.0
172.0
129.0
168.0
122.0
169.0
126.0
125.0
125.0
173.0
130.0
125.0
120.0
173.0
128.0
171.0
130.0
125.0
122.0
122.0
166.0
124.0
167.0
128.0
169.0
212.0
166.0
127.0
119.0
100.0
176.0
125.0
124.0
122.0
173.0
122.0
168.0
129.0
170.0
122.0
172.0
122.0
120.0
456.0
130.0
122.0
169.0
122.0
126.0
120.0
169.0
127.0
173.0
125.0
169.0
130.0
169.0
129.0
133.0
168.0
126.0
166.0
125.0
172.0
125.0
170.0
133.0
123.0
166.0
126.0
166.0
125.0
169.0
118.0
172.0
122.0
550.0
123.0
173.0
118.0
126.0
123.0
173.0
128.0
170.0
126.0
125.0
123.0
133.0
123.0
174.0
233.0
374.0
122.0
170.0
122.0
127.0
179.0
125.0
170.0
129.0
126.0
130.0
131.0
171.0
338.0
183.0
123.0
168.0
123.0
125.0
123.0
170.0
119.0
125.0
126.0
168.0
122.0
168.0
123.0
128.0
132.0
170.0
120.0
123.0
130.0
119.0
120.0
120.0
129.0
168.0
122.0
166.0
130.0
122.0
168.0
118.0
126.0
125.0
168.0
123.0
165.0
124.0
168.0
125.0
124.0
126.0
172.0
123.0
121.0
174.0
123.0
121.0
170.0
125.0
122.0
171.0
126.0
124.0
170.0
122.0
130.0
117.0
170.0
124.0
170.0
124.0
168.0
128.0
172.0
117.0
166.0
132.0
166.0
125.0
125.0
164.0
120.0
124.0
122.0
120.0
125.0
169.0
128.0
122.0
125.0
126.0
125.0
171.0
125.0
129.0
169.0
124.0
129.0
126.0
169.0
123.0
170.0
218.0
167.0
122.0
128.0
170.0
123.0
169.0
124.0
128.0
126.0
402.0
122.0
171.0
128.0
170.0
130.0
165.0
125.0
170.0
126.0
168.0
112.0
128.0
166.0
122.0
169.0
130.0
124.0
126.0
126.0
124.0
124.0
123.0
120.0
126.0
164.0
125.0
122.0
170.0
118.0
174.0
125.0
121.0
172.0
128.0
128.0
162.0
121.0
120.0
129.0
126.0
125.0
170.0
126.0
217.0
122.0
127.0
126.0
166.0
133.0
166.0
129.0
170.0
125.0
171.0
123.0
170.0
123.0
169.0
125.0
169.0
114.0
125.0
124.0
126.0
111.0
164.0
123.0
171.0
128.0
124.0
126.0
168.0
126.0
122.0
121.0
122.0
126.0
168.0
126.0
128.0
123.0
165.0
118.0
125.0
162.0
127.0
165.0
126.0
146.0
124.0
169.0
109.0
171.0
130.0
168.0
125.0
166.0
122.0
130.0
170.0
132.0
128.0
171.0
125.0
171.0
132.0
167.0
121.0
130.0
106.0
125.0
174.0
119.0
91.0
173.0
131.0
132.0
167.0
124.0
130.0
173.0
130.0
173.0
126.0
167.0
122.0
165.0
121.0
121.0
123.0
168.0
118.0
130.0
127.0
130.0
123.0
130.0
173.0
209.0
123.0
170.0
130.0
127.0
125.0
117.0
125.0
170.0
125.0
169.0
122.0
173.0
129.0
130.0
165.0
124.0
126.0
130.0
129.0
174.0
134.0
122.0
168.0
133.0
171.0
122.0
126.0
132.0
123.0
173.0
261.0
129.0
170.0
119.0
168.0
126.0
124.0
130.0
319.0
123.0
126.0
166.0
128.0
168.0
129.0
118.0
175.0
125.0
171.0
132.0
129.0
124.0
176.0
127.0
166.0
119.0
183.0
165.0
125.0
169.0
119.0
119.0
131.0
165.0
114.0
165.0
131.0
173.0
118.0
169.0
131.0
166.0
116.0
170.0
111.0
170.0
111.0
169.0
125.0
169.0
121.0
125.0
165.0
120.0
130.0
124.0
125.0
165.0
125.0
169.0
125.0
139.0
127.0
127.0
169.0
121.0
123.0
126.0
168.0
123.0
126.0
173.0
124.0
165.0
126.0
169.0
128.0
114.0
168.0
130.0
168.0
122.0
168.0
128.0
128.0
411.0
130.0
170.0
120.0
130.0
558.0
123.0
126.0
122.0
166.0
125.0
126.0
122.0
124.0
167.0
122.0
129.0
117.0
123.0
121.0
171.0
118.0
168.0
125.0
115.0
165.0
125.0
162.0
130.0
130.0
167.0
124.0
120.0
168.0
123.0
168.0
128.0
170.0
128.0
165.0
129.0
120.0
128.0
123.0
166.0
131.0
163.0
122.0
129.0
127.0
119.0
171.0
126.0
170.0
127.0
170.0
124.0
176.0
121.0
126.0
170.0
121.0
170.0
131.0
168.0
129.0
128.0
514.0
131.0
172.0
129.0
103.0
132.0
169.0
126.0
169.0
123.0
168.0
91.0
169.0
126.0
170.0
123.0
168.0
129.0
126.0
171.0
130.0
171.0
116.0
167.0
515.0
132.0
174.0
128.0
126.0
123.0
122.0
168.0
128.0
170.0
130.0
172.0
130.0
172.0
122.0
166.0
112.0
118.0
173.0
131.0
169.0
123.0
165.0
120.0
168.0
120.0
120.0
170.0
123.0
165.0
123.0
128.0
164.0
122.0
170.0
129.0
123.0
118.0
169.0
130.0
123.0
169.0
130.0
171.0
125.0
162.0
113.0
165.0
126.0
198.0
125.0
125.0
171.0
126.0
173.0
132.0
123.0
168.0
116.0
122.0
168.0
119.0
126.0
170.0
125.0
181.0
125.0
168.0
127.0
173.0
130.0
166.0
116.0
171.0
116.0
165.0
123.0
171.0
130.0
128.0
168.0
130.0
127.0
166.0
124.0
118.0
173.0
130.0
168.0
126.0
170.0
125.0
173.0
119.0
116.0
125.0
168.0
126.0
168.0
127.0
125.0
165.0
119.0
125.0
125.0
131.0
170.0
125.0
166.0
126.0
169.0
106.0
166.0
123.0
122.0
122.0
124.0
114.0
121.0
127.0
165.0
128.0
121.0
125.0
167.0
127.0
170.0
129.0
128.0
122.0
170.0
116.0
120.0
169.0
113.0
166.0
123.0
125.0
122.0
166.0
127.0
174.0
124.0
125.0
119.0
174.0
125.0
128.0
128.0
122.0
129.0
170.0
117.0
166.0
121.0
171.0
120.0
126.0
170.0
125.0
126.0
166.0
123.0
167.0
122.0
130.0
126.0
169.0
120.0
125.0
125.0
123.0
170.0
129.0
166.0
131.0
169.0
132.0
126.0
166.0
121.0
121.0
109.0
171.0
129.0
166.0
130.0
172.0
126.0
168.0
120.0
118.0
121.0
128.0
170.0
123.0
166.0
129.0
126.0
169.0
124.0
166.0
121.0
173.0
128.0
169.0
124.0
125.0
123.0
125.0
126.0
170.0
109.0
170.0
126.0
122.0
128.0
123.0
173.0
123.0
122.0
169.0
125.0
170.0
130.0
167.0
123.0
129.0
122.0
125.0
165.0
125.0
119.0
129.0
168.0
124.0
122.0
165.0
123.0
118.0
127.0
165.0
126.0
168.0
120.0
126.0
123.0
167.0
126.0
130.0
165.0
122.0
168.0
129.0
173.0
125.0
126.0
169.0
116.0
178.0
116.0
168.0
125.0
124.0
165.0
122.0
171.0
123.0
172.0
118.0
171.0
119.0
165.0
123.0
172.0
122.0
164.0
121.0
169.0
126.0
174.0
112.0
175.0
124.0
121.0
164.0
124.0
125.0
173.0
131.0
170.0
121.0
109.0
124.0
169.0
123.0
122.0
128.0
121.0
167.0
125.0
125.0
169.0
130.0
171.0
123.0
170.0
128.0
168.0
127.0
162.0
121.0
173.0
123.0
122.0
165.0
114.0
125.0
129.0
125.0
125.0
163.0
122.0
168.0
122.0
170.0
129.0
129.0
169.0
126.0
130.0
198.0
125.0
125.0
128.0
126.0
123.0
168.0
122.0
167.0
128.0
126.0
170.0
127.0
169.0
132.0
169.0
120.0
171.0
132.0
173.0
117.0
169.0
126.0
113.0
129.0
170.0
104.0
167.0
134.0
126.0
170.0
124.0
167.0
120.0
172.0
121.0
166.0
123.0
128.0
120.0
173.0
130.0
168.0
121.0
173.0
120.0
166.0
125.0
172.0
130.0
168.0
125.0
168.0
111.0
169.0
125.0
124.0
124.0
170.0
126.0
168.0
118.0
169.0
124.0
117.0
164.0
130.0
119.0
168.0
123.0
120.0
174.0
118.0
169.0
123.0
168.0
632.0
123.0
166.0
122.0
114.0
123.0
167.0
124.0
124.0
169.0
126.0
124.0
124.0
172.0
127.0
129.0
122.0
330.0
