136.0
135.0
135.0
133.0
141.0
178.0
130.0
183.0
133.0
183.0
132.0
133.0
136.0
178.0
130.0
186.0
135.0
174.0
174.0
136.0
186.0
138.0
181.0
131.0
136.0
128.0
132.0
177.0
133.0
136.0
180.0
128.0
122.0
133.0
186.0
136.0
185.0
137.0
183.0
134.0
182.0
130.0
183.0
139.0
185.0
125.0
184.0
137.0
181.0
129.0
126.0
129.0
184.0
133.0
185.0
134.0
182.0
137.0
135.0
127.0
181.0
366.0
128.0
132.0
178.0
132.0
137.0
185.0
134.0
134.0
136.0
135.0
190.0
135.0
123.0
133.0
181.0
237.0
172.0
132.0
182.0
132.0
181.0
136.0
137.0
131.0
184.0
136.0
181.0
210.0
177.0
123.0
186.0
133.0
180.0
133.0
182.0
520.0
138.0
185.0
130.0
133.0
182.0
132.0
178.0
138.0
183.0
134.0
181.0
136.0
175.0
133.0
138.0
178.0
136.0
179.0
134.0
182.0
141.0
179.0
139.0
181.0
134.0
186.0
135.0
192.0
173.0
136.0
182.0
136.0
184.0
138.0
134.0
182.0
121.0
183.0
136.0
182.0
135.0
186.0
134.0
125.0
133.0
180.0
133.0
133.0
135.0
179.0
134.0
125.0
181.0
133.0
183.0
134.0
178.0
137.0
179.0
134.0
132.0
184.0
124.0
181.0
137.0
132.0
132.0
178.0
136.0
176.0
130.0
131.0
178.0
129.0
182.0
125.0
180.0
133.0
179.0
130.0
184.0
133.0
181.0
135.0
183.0
138.0
181.0
137.0
133.0
184.0
132.0
182.0
136.0
180.0
136.0
186.0
118.0
184.0
135.0
133.0
178.0
130.0
180.0
130.0
126.0
179.0
132.0
178.0
136.0
181.0
133.0
183.0
135.0
179.0
135.0
193.0
138.0
186.0
130.0
184.0
136.0
132.0
178.0
129.0
182.0
134.0
182.0
136.0
181.0
137.0
174.0
139.0
176.0
134.0
184.0
130.0
186.0
130.0
134.0
178.0
238.0
133.0
131.0
142.0
121.0
181.0
137.0
134.0
134.0
130.0
136.0
130.0
186.0
131.0
129.0
132.0
134.0
182.0
132.0
184.0
130.0
184.0
130.0
181.0
136.0
184.0
129.0
134.0
180.0
135.0
185.0
129.0
178.0
128.0
176.0
136.0
177.0
137.0
178.0
134.0
186.0
133.0
138.0
184.0
132.0
181.0
124.0
134.0
178.0
137.0
181.0
134.0
180.0
125.0
179.0
136.0
182.0
126.0
126.0
198.0
131.0
179.0
134.0
178.0
133.0
132.0
134.0
136.0
185.0
120.0
185.0
131.0
132.0
180.0
132.0
185.0
130.0
178.0
122.0
181.0
128.0
179.0
132.0
179.0
133.0
183.0
132.0
134.0
128.0
183.0
134.0
134.0
179.0
140.0
132.0
181.0
135.0
180.0
129.0
181.0
131.0
132.0
131.0
182.0
133.0
131.0
181.0
133.0
181.0
137.0
182.0
136.0
125.0
134.0
117.0
133.0
128.0
183.0
132.0
181.0
131.0
181.0
132.0
186.0
125.0
183.0
131.0
133.0
133.0
181.0
131.0
133.0
131.0
241.0
133.0
184.0
137.0
137.0
179.0
133.0
183.0
134.0
183.0
136.0
131.0
135.0
130.0
183.0
132.0
181.0
134.0
182.0
129.0
128.0
189.0
128.0
132.0
183.0
120.0
182.0
136.0
133.0
137.0
479.0
176.0
130.0
183.0
130.0
181.0
137.0
181.0
133.0
134.0
133.0
133.0
134.0
181.0
134.0
127.0
181.0
121.0
182.0
131.0
135.0
183.0
136.0
179.0
130.0
184.0
128.0
177.0
134.0
178.0
133.0
130.0
176.0
139.0
181.0
124.0
128.0
180.0
133.0
181.0
133.0
180.0
128.0
178.0
137.0
178.0
133.0
134.0
180.0
130.0
180.0
122.0
129.0
176.0
133.0
122.0
130.0
131.0
180.0
133.0
136.0
116.0
185.0
137.0
129.0
130.0
132.0
185.0
133.0
179.0
136.0
179.0
134.0
132.0
185.0
120.0
184.0
251.0
132.0
134.0
185.0
133.0
117.0
183.0
137.0
134.0
130.0
134.0
132.0
123.0
181.0
133.0
137.0
181.0
136.0
281.0
178.0
137.0
134.0
178.0
127.0
178.0
133.0
133.0
177.0
129.0
185.0
133.0
130.0
130.0
133.0
132.0
178.0
133.0
133.0
182.0
137.0
132.0
180.0
114.0
180.0
581.0
178.0
133.0
180.0
134.0
134.0
177.0
130.0
137.0
135.0
183.0
132.0
183.0
141.0
178.0
113.0
183.0
136.0
134.0
177.0
129.0
130.0
181.0
144.0
184.0
135.0
181.0
130.0
180.0
134.0
135.0
237.0
137.0
183.0
136.0
130.0
134.0
180.0
140.0
173.0
514.0
181.0
120.0
132.0
183.0
139.0
184.0
133.0
134.0
135.0
182.0
139.0
130.0
181.0
132.0
180.0
133.0
182.0
135.0
130.0
185.0
126.0
178.0
138.0
180.0
132.0
181.0
134.0
125.0
181.0
133.0
186.0
129.0
129.0
182.0
137.0
183.0
126.0
180.0
138.0
176.0
137.0
132.0
181.0
133.0
136.0
183.0
134.0
182.0
127.0
177.0
133.0
182.0
129.0
130.0
132.0
180.0
132.0
186.0
126.0
128.0
183.0
134.0
129.0
178.0
137.0
128.0
180.0
125.0
187.0
131.0
185.0
130.0
107.0
185.0
131.0
132.0
133.0
133.0
133.0
128.0
184.0
133.0
179.0
138.0
134.0
180.0
135.0
133.0
136.0
177.0
131.0
183.0
134.0
134.0
131.0
180.0
128.0
133.0
134.0
180.0
141.0
185.0
130.0
132.0
133.0
174.0
133.0
129.0
308.0
178.0
132.0
182.0
133.0
133.0
181.0
138.0
176.0
129.0
184.0
137.0
185.0
137.0
185.0
132.0
178.0
130.0
131.0
181.0
137.0
133.0
186.0
139.0
179.0
132.0
133.0
182.0
138.0
182.0
136.0
136.0
141.0
136.0
178.0
136.0
180.0
131.0
182.0
135.0
176.0
136.0
185.0
129.0
133.0
178.0
130.0
130.0
178.0
132.0
182.0
137.0
177.0
133.0
182.0
130.0
128.0
136.0
183.0
133.0
184.0
136.0
182.0
133.0
184.0
122.0
186.0
130.0
183.0
134.0
134.0
133.0
187.0
131.0
184.0
133.0
200.0
183.0
132.0
129.0
180.0
133.0
182.0
128.0
116.0
188.0
136.0
175.0
130.0
132.0
134.0
130.0
182.0
132.0
185.0
130.0
173.0
133.0
180.0
134.0
178.0
137.0
133.0
129.0
120.0
133.0
181.0
136.0
138.0
183.0
138.0
182.0
132.0
184.0
132.0
139.0
180.0
131.0
135.0
181.0
133.0
179.0
131.0
133.0
179.0
131.0
178.0
132.0
132.0
183.0
137.0
187.0
130.0
180.0
131.0
129.0
180.0
135.0
130.0
133.0
184.0
139.0
185.0
174.0
134.0
181.0
129.0
135.0
181.0
133.0
134.0
130.0
260.0
183.0
133.0
138.0
134.0
131.0
137.0
132.0
182.0
139.0
183.0
132.0
181.0
133.0
178.0
117.0
184.0
133.0
183.0
137.0
178.0
129.0
186.0
133.0
193.0
133.0
134.0
181.0
133.0
175.0
136.0
186.0
134.0
179.0
136.0
182.0
137.0
136.0
135.0
186.0
138.0
185.0
136.0
182.0
137.0
178.0
136.0
175.0
130.0
136.0
181.0
133.0
181.0
130.0
134.0
131.0
131.0
185.0
135.0
130.0
186.0
189.0
186.0
136.0
180.0
130.0
180.0
138.0
181.0
133.0
130.0
178.0
133.0
184.0
133.0
180.0
125.0
180.0
131.0
179.0
134.0
181.0
129.0
126.0
181.0
125.0
181.0
134.0
134.0
135.0
138.0
181.0
132.0
121.0
182.0
128.0
181.0
137.0
179.0
135.0
131.0
130.0
138.0
183.0
140.0
181.0
138.0
178.0
132.0
130.0
185.0
132.0
180.0
138.0
178.0
119.0
180.0
136.0
131.0
137.0
183.0
132.0
180.0
129.0
132.0
185.0
133.0
182.0
128.0
135.0
181.0
134.0
186.0
135.0
181.0
133.0
184.0
138.0
134.0
186.0
130.0
175.0
138.0
184.0
139.0
129.0
130.0
182.0
134.0
181.0
129.0
175.0
128.0
129.0
131.0
133.0
183.0
130.0
175.0
130.0
181.0
125.0
139.0
135.0
180.0
134.0
131.0
193.0
184.0
136.0
137.0
181.0
138.0
176.0
135.0
130.0
133.0
122.0
180.0
136.0
186.0
296.0
182.0
137.0
183.0
141.0
137.0
139.0
176.0
136.0
186.0
114.0
126.0
187.0
135.0
191.0
134.0
181.0
134.0
176.0
136.0
136.0
185.0
131.0
180.0
135.0
182.0
136.0
137.0
133.0
125.0
180.0
130.0
177.0
138.0
139.0
185.0
135.0
178.0
135.0
183.0
137.0
138.0
181.0
212.0
181.0
133.0
189.0
128.0
140.0
179.0
125.0
179.0
137.0
179.0
130.0
130.0
185.0
133.0
134.0
125.0
187.0
130.0
132.0
180.0
130.0
116.0
181.0
133.0
181.0
132.0
138.0
135.0
136.0
134.0
178.0
136.0
181.0
137.0
181.0
135.0
131.0
179.0
138.0
528.0
181.0
380.0
183.0
168.0
132.0
181.0
131.0
171.0
130.0
181.0
133.0
178.0
135.0
183.0
136.0
186.0
130.0
180.0
130.0
133.0
136.0
180.0
129.0
181.0
117.0
182.0
135.0
134.0
133.0
130.0
137.0
179.0
130.0
136.0
136.0
182.0
132.0
186.0
130.0
178.0
135.0
183.0
130.0
185.0
118.0
182.0
130.0
181.0
136.0
126.0
186.0
138.0
135.0
176.0
139.0
181.0
132.0
181.0
128.0
182.0
134.0
132.0
122.0
181.0
133.0
178.0
133.0
178.0
125.0
185.0
136.0
180.0
138.0
179.0
135.0
183.0
124.0
178.0
131.0
180.0
137.0
181.0
134.0
130.0
183.0
134.0
185.0
113.0
130.0
136.0
182.0
141.0
135.0
180.0
136.0
175.0
131.0
180.0
130.0
135.0
132.0
182.0
134.0
133.0
181.0
129.0
177.0
125.0
139.0
132.0
182.0
129.0
132.0
182.0
130.0
177.0
133.0
180.0
117.0
181.0
132.0
184.0
130.0
186.0
138.0
128.0
181.0
125.0
125.0
179.0
134.0
131.0
132.0
134.0
137.0
183.0
130.0
135.0
183.0
131.0
181.0
120.0
183.0
129.0
175.0
131.0
183.0
132.0
177.0
137.0
138.0
184.0
134.0
182.0
131.0
175.0
134.0
181.0
136.0
136.0
131.0
132.0
136.0
178.0
135.0
178.0
130.0
178.0
124.0
186.0
133.0
133.0
119.0
130.0
178.0
132.0
137.0
178.0
133.0
178.0
142.0
128.0
126.0
134.0
128.0
180.0
134.0
122.0
180.0
137.0
180.0
122.0
182.0
130.0
179.0
130.0
138.0
117.0
179.0
130.0
182.0
137.0
134.0
139.0
132.0
186.0
137.0
183.0
132.0
133.0
183.0
138.0
135.0
180.0
129.0
138.0
129.0
131.0
183.0
136.0
179.0
136.0
181.0
133.0
140.0
137.0
109.0
178.0
135.0
136.0
137.0
142.0
180.0
128.0
184.0
137.0
181.0
133.0
138.0
134.0
132.0
202.0
126.0
133.0
130.0
182.0
132.0
180.0
123.0
134.0
180.0
133.0
184.0
130.0
132.0
224.0
178.0
134.0
187.0
126.0
185.0
132.0
116.0
138.0
181.0
134.0
134.0
138.0
183.0
128.0
125.0
180.0
136.0
133.0
132.0
134.0
141.0
130.0
181.0
137.0
127.0
182.0
137.0
126.0
136.0
181.0
136.0
138.0
133.0
134.0
182.0
133.0
181.0
122.0
136.0
181.0
131.0
118.0
177.0
132.0
180.0
132.0
183.0
136.0
130.0
131.0
138.0
130.0
130.0
184.0
136.0
134.0
183.0
133.0
137.0
182.0
133.0
181.0
134.0
133.0
137.0
187.0
137.0
123.0
181.0
133.0
188.0
129.0
141.0
133.0
132.0
182.0
139.0
130.0
178.0
129.0
133.0
117.0
176.0
142.0
133.0
186.0
133.0
182.0
139.0
185.0
138.0
125.0
187.0
136.0
179.0
137.0
178.0
130.0
179.0
136.0
176.0
138.0
136.0
179.0
132.0
130.0
130.0
178.0
134.0
176.0
130.0
131.0
185.0
138.0
126.0
127.0
132.0
131.0
137.0
181.0
130.0
128.0
185.0
141.0
177.0
139.0
174.0
130.0
131.0
183.0
133.0
129.0
133.0
130.0
178.0
136.0
130.0
117.0
181.0
130.0
126.0
178.0
130.0
138.0
181.0
460.0
180.0
134.0
182.0
134.0
120.0
131.0
126.0
182.0
130.0
184.0
128.0
136.0
179.0
133.0
129.0
440.0
184.0
134.0
135.0
178.0
136.0
129.0
136.0
177.0
137.0
129.0
133.0
124.0
184.0
129.0
134.0
178.0
138.0
133.0
177.0
129.0
189.0
135.0
181.0
136.0
582.0
182.0
134.0
186.0
125.0
183.0
133.0
135.0
182.0
137.0
134.0
183.0
138.0
181.0
137.0
184.0
132.0
132.0
185.0
136.0
178.0
133.0
183.0
132.0
181.0
137.0
130.0
180.0
132.0
176.0
133.0
133.0
133.0
130.0
182.0
128.0
140.0
140.0
181.0
134.0
202.0
127.0
133.0
185.0
139.0
136.0
228.0
180.0
133.0
129.0
135.0
129.0
129.0
138.0
132.0
182.0
133.0
131.0
186.0
130.0
186.0
130.0
127.0
183.0
122.0
181.0
133.0
130.0
182.0
134.0
131.0
180.0
132.0
177.0
134.0
178.0
134.0
138.0
181.0
129.0
184.0
108.0
190.0
126.0
179.0
130.0
178.0
131.0
180.0
134.0
179.0
129.0
130.0
181.0
129.0
180.0
132.0
181.0
133.0
132.0
178.0
132.0
178.0
132.0
177.0
135.0
133.0
180.0
137.0
136.0
186.0
129.0
174.0
130.0
187.0
126.0
182.0
127.0
182.0
363.0
178.0
126.0
134.0
130.0
175.0
126.0
132.0
181.0
136.0
177.0
137.0
177.0
126.0
181.0
133.0
178.0
134.0
131.0
180.0
125.0
180.0
132.0
180.0
125.0
186.0
119.0
138.0
181.0
136.0
130.0
182.0
124.0
180.0
129.0
136.0
178.0
129.0
185.0
137.0
138.0
182.0
134.0
127.0
136.0
176.0
130.0
180.0
133.0
183.0
137.0
134.0
183.0
132.0
174.0
130.0
183.0
131.0
179.0
132.0
183.0
133.0
186.0
123.0
136.0
176.0
133.0
183.0
133.0
181.0
133.0
181.0
134.0
134.0
135.0
184.0
132.0
133.0
133.0
132.0
180.0
133.0
130.0
132.0
183.0
134.0
181.0
133.0
177.0
128.0
182.0
132.0
182.0
137.0
184.0
132.0
184.0
130.0
133.0
181.0
133.0
131.0
183.0
128.0
138.0
133.0
133.0
176.0
137.0
182.0
133.0
178.0
127.0
136.0
182.0
132.0
186.0
131.0
180.0
123.0
182.0
130.0
181.0
133.0
178.0
134.0
181.0
136.0
181.0
133.0
180.0
119.0
186.0
239.0
137.0
133.0
135.0
134.0
134.0
135.0
134.0
180.0
124.0
182.0
136.0
118.0
133.0
183.0
131.0
131.0
185.0
132.0
178.0
136.0
186.0
129.0
139.0
177.0
139.0
177.0
126.0
181.0
132.0
134.0
187.0
359.0
182.0
135.0
180.0
136.0
138.0
116.0
132.0
178.0
126.0
182.0
133.0
185.0
119.0
183.0
136.0
183.0
133.0
181.0
135.0
176.0
140.0
178.0
130.0
189.0
133.0
178.0
134.0
134.0
183.0
135.0
135.0
136.0
176.0
137.0
183.0
134.0
176.0
112.0
181.0
134.0
185.0
138.0
135.0
133.0
174.0
134.0
185.0
136.0
184.0
128.0
181.0
132.0
324.0
130.0
135.0
179.0
136.0
181.0
130.0
178.0
131.0
130.0
181.0
133.0
181.0
132.0
178.0
133.0
176.0
109.0
184.0
135.0
135.0
131.0
181.0
136.0
137.0
183.0
136.0
135.0
185.0
132.0
180.0
132.0
182.0
136.0
182.0
136.0
187.0
132.0
125.0
134.0
116.0
137.0
186.0
132.0
136.0
181.0
137.0
134.0
183.0
136.0
184.0
129.0
181.0
136.0
178.0
139.0
131.0
138.0
133.0
138.0
139.0
183.0
137.0
132.0
182.0
133.0
185.0
134.0
178.0
137.0
181.0
126.0
234.0
132.0
184.0
136.0
134.0
181.0
130.0
133.0
174.0
134.0
182.0
135.0
181.0
133.0
131.0
370.0
185.0
140.0
137.0
132.0
132.0
182.0
139.0
182.0
130.0
182.0
136.0
180.0
136.0
180.0
132.0
186.0
132.0
186.0
134.0
185.0
132.0
185.0
136.0
128.0
136.0
133.0
141.0
136.0
181.0
134.0
128.0
135.0
130.0
182.0
134.0
182.0
133.0
179.0
135.0
185.0
132.0
188.0
131.0
178.0
130.0
184.0
212.0
131.0
182.0
137.0
180.0
212.0
176.0
132.0
185.0
130.0
181.0
389.0
183.0
125.0
178.0
135.0
183.0
125.0
179.0
133.0
133.0
180.0
134.0
181.0
131.0
130.0
121.0
181.0
553.0
130.0
180.0
131.0
182.0
133.0
183.0
138.0
177.0
123.0
132.0
133.0
134.0
131.0
181.0
132.0
179.0
134.0
178.0
132.0
176.0
133.0
174.0
326.0
130.0
122.0
185.0
138.0
181.0
134.0
136.0
177.0
130.0
179.0
131.0
176.0
139.0
133.0
185.0
132.0
186.0
130.0
137.0
177.0
131.0
150.0
132.0
137.0
139.0
176.0
125.0
178.0
133.0
178.0
130.0
134.0
183.0
129.0
185.0
136.0
132.0
174.0
136.0
132.0
177.0
130.0
181.0
132.0
129.0
180.0
138.0
183.0
133.0
188.0
135.0
138.0
137.0
133.0
131.0
183.0
135.0
181.0
132.0
185.0
132.0
181.0
134.0
181.0
130.0
181.0
125.0
179.0
403.0
185.0
130.0
181.0
137.0
179.0
135.0
186.0
130.0
183.0
133.0
181.0
133.0
132.0
182.0
133.0
182.0
133.0
130.0
182.0
128.0
181.0
136.0
180.0
118.0
183.0
135.0
182.0
136.0
182.0
130.0
134.0
128.0
133.0
180.0
133.0
176.0
134.0
137.0
181.0
142.0
180.0
135.0
180.0
139.0
182.0
127.0
181.0
133.0
173.0
133.0
133.0
131.0
130.0
181.0
135.0
180.0
133.0
183.0
134.0
375.0
133.0
137.0
181.0
138.0
129.0
133.0
135.0
181.0
129.0
130.0
132.0
178.0
128.0
178.0
135.0
184.0
134.0
136.0
183.0
133.0
183.0
129.0
185.0
136.0
179.0
131.0
131.0
120.0
134.0
182.0
129.0
586.0
182.0
131.0
133.0
176.0
130.0
134.0
138.0
178.0
136.0
181.0
141.0
185.0
129.0
127.0
179.0
137.0
174.0
130.0
179.0
136.0
138.0
122.0
182.0
132.0
181.0
134.0
136.0
180.0
137.0
131.0
137.0
137.0
185.0
134.0
185.0
133.0
181.0
137.0
179.0
133.0
184.0
133.0
140.0
184.0
132.0
186.0
135.0
181.0
132.0
181.0
134.0
130.0
180.0
123.0
118.0
190.0
133.0
180.0
121.0
182.0
136.0
136.0
178.0
138.0
128.0
136.0
127.0
134.0
177.0
138.0
138.0
180.0
131.0
182.0
133.0
183.0
137.0
178.0
129.0
185.0
134.0
180.0
131.0
183.0
128.0
139.0
180.0
131.0
184.0
126.0
174.0
134.0
178.0
192.0
139.0
188.0
133.0
134.0
186.0
129.0
183.0
127.0
182.0
131.0
136.0
181.0
126.0
181.0
135.0
180.0
122.0
186.0
136.0
131.0
125.0
180.0
131.0
133.0
181.0
130.0
136.0
126.0
133.0
135.0
178.0
135.0
181.0
137.0
130.0
132.0
175.0
132.0
181.0
132.0
180.0
136.0
135.0
181.0
137.0
187.0
136.0
140.0
133.0
179.0
132.0
137.0
180.0
126.0
132.0
136.0
136.0
131.0
131.0
127.0
125.0
180.0
131.0
126.0
136.0
180.0
123.0
130.0
179.0
122.0
181.0
134.0
183.0
133.0
138.0
133.0
181.0
135.0
179.0
139.0
134.0
178.0
130.0
135.0
135.0
182.0
135.0
183.0
131.0
186.0
122.0
183.0
140.0
181.0
133.0
180.0
133.0
187.0
128.0
184.0
245.0
130.0
183.0
133.0
134.0
176.0
136.0
178.0
140.0
128.0
138.0
178.0
129.0
133.0
183.0
139.0
184.0
130.0
123.0
181.0
133.0
185.0
125.0
181.0
133.0
128.0
181.0
126.0
139.0
134.0
137.0
133.0
183.0
127.0
184.0
131.0
136.0
176.0
133.0
138.0
141.0
184.0
136.0
135.0
130.0
138.0
125.0
138.0
180.0
140.0
133.0
135.0
126.0
136.0
181.0
132.0
181.0
134.0
135.0
181.0
132.0
138.0
137.0
136.0
131.0
185.0
134.0
134.0
178.0
136.0
501.0
181.0
136.0
134.0
134.0
181.0
138.0
130.0
180.0
131.0
178.0
547.0
136.0
184.0
123.0
183.0
127.0
181.0
514.0
180.0
138.0
133.0
137.0
181.0
133.0
185.0
138.0
181.0
135.0
130.0
133.0
178.0
130.0
128.0
128.0
181.0
133.0
132.0
137.0
179.0
135.0
135.0
136.0
182.0
124.0
134.0
133.0
184.0
138.0
130.0
134.0
180.0
132.0
135.0
121.0
180.0
129.0
126.0
174.0
134.0
182.0
102.0
186.0
126.0
182.0
142.0
130.0
177.0
138.0
129.0
185.0
130.0
183.0
133.0
132.0
189.0
134.0
137.0
217.0
125.0
198.0
175.0
137.0
182.0
132.0
132.0
135.0
180.0
141.0
134.0
120.0
135.0
131.0
174.0
130.0
181.0
133.0
133.0
134.0
182.0
128.0
180.0
141.0
133.0
183.0
131.0
182.0
134.0
137.0
131.0
134.0
178.0
137.0
181.0
132.0
178.0
127.0
135.0
121.0
187.0
133.0
132.0
181.0
133.0
176.0
130.0
130.0
178.0
122.0
186.0
129.0
123.0
183.0
132.0
129.0
134.0
180.0
130.0
182.0
125.0
180.0
134.0
186.0
135.0
185.0
137.0
181.0
130.0
181.0
133.0
136.0
134.0
182.0
134.0
137.0
135.0
125.0
184.0
138.0
137.0
177.0
132.0
131.0
184.0
134.0
136.0
181.0
130.0
184.0
137.0
179.0
132.0
178.0
131.0
178.0
134.0
135.0
179.0
128.0
130.0
133.0
133.0
134.0
140.0
177.0
134.0
178.0
128.0
178.0
133.0
181.0
133.0
181.0
117.0
181.0
134.0
184.0
130.0
119.0
189.0
138.0
133.0
133.0
130.0
175.0
134.0
136.0
180.0
137.0
134.0
183.0
130.0
177.0
137.0
181.0
131.0
139.0
133.0
178.0
130.0
180.0
128.0
180.0
130.0
182.0
139.0
180.0
133.0
242.0
180.0
136.0
130.0
187.0
131.0
180.0
134.0
179.0
133.0
180.0
133.0
139.0
121.0
132.0
136.0
185.0
134.0
182.0
134.0
182.0
135.0
188.0
130.0
126.0
185.0
128.0
133.0
138.0
186.0
126.0
132.0
137.0
132.0
181.0
316.0
184.0
131.0
178.0
131.0
177.0
134.0
129.0
130.0
177.0
134.0
181.0
133.0
132.0
184.0
138.0
132.0
184.0
134.0
186.0
137.0
137.0
183.0
136.0
135.0
138.0
182.0
114.0
190.0
135.0
186.0
130.0
128.0
134.0
129.0
178.0
135.0
134.0
123.0
133.0
181.0
132.0
131.0
175.0
134.0
184.0
186.0
129.0
133.0
181.0
134.0
182.0
129.0
126.0
185.0
133.0
184.0
140.0
178.0
135.0
181.0
130.0
136.0
125.0
181.0
135.0
184.0
130.0
136.0
184.0
134.0
184.0
133.0
186.0
133.0
181.0
132.0
186.0
139.0
129.0
133.0
182.0
132.0
179.0
132.0
178.0
134.0
132.0
181.0
129.0
102.0
186.0
135.0
180.0
132.0
126.0
130.0
128.0
182.0
131.0
179.0
133.0
135.0
134.0
132.0
136.0
178.0
136.0
182.0
131.0
183.0
134.0
136.0
134.0
183.0
127.0
175.0
267.0
182.0
360.0
177.0
133.0
133.0
183.0
139.0
181.0
134.0
130.0
181.0
133.0
176.0
134.0
181.0
128.0
133.0
186.0
125.0
133.0
129.0
125.0
134.0
177.0
131.0
188.0
137.0
183.0
132.0
182.0
124.0
122.0
134.0
186.0
134.0
181.0
131.0
183.0
134.0
177.0
133.0
133.0
179.0
133.0
183.0
122.0
122.0
177.0
140.0
180.0
138.0
182.0
130.0
137.0
186.0
139.0
178.0
138.0
182.0
134.0
184.0
131.0
185.0
133.0
184.0
129.0
181.0
135.0
186.0
138.0
131.0
178.0
134.0
136.0
177.0
132.0
133.0
136.0
180.0
136.0
182.0
134.0
184.0
139.0
137.0
132.0
179.0
131.0
175.0
387.0
136.0
129.0
181.0
131.0
136.0
181.0
136.0
137.0
187.0
135.0
133.0
121.0
178.0
109.0
131.0
177.0
130.0
134.0
182.0
128.0
131.0
178.0
134.0
130.0
178.0
131.0
136.0
178.0
130.0
129.0
180.0
132.0
181.0
134.0
181.0
134.0
134.0
134.0
131.0
185.0
138.0
136.0
180.0
137.0
186.0
133.0
176.0
121.0
185.0
129.0
128.0
181.0
127.0
121.0
180.0
132.0
180.0
114.0
130.0
133.0
182.0
135.0
179.0
128.0
181.0
133.0
181.0
138.0
132.0
180.0
136.0
184.0
134.0
182.0
135.0
136.0
180.0
138.0
133.0
181.0
137.0
179.0
138.0
180.0
133.0
181.0
136.0
126.0
136.0
180.0
135.0
140.0
128.0
128.0
135.0
133.0
181.0
133.0
138.0
134.0
182.0
118.0
131.0
186.0
127.0
184.0
197.0
129.0
179.0
133.0
176.0
129.0
175.0
126.0
130.0
175.0
134.0
178.0
133.0
188.0
136.0
181.0
139.0
181.0
128.0
136.0
133.0
177.0
129.0
132.0
181.0
133.0
183.0
130.0
136.0
183.0
133.0
180.0
131.0
186.0
135.0
178.0
133.0
179.0
133.0
186.0
130.0
181.0
130.0
183.0
130.0
181.0
134.0
181.0
138.0
134.0
181.0
134.0
182.0
126.0
177.0
115.0
186.0
135.0
134.0
179.0
137.0
185.0
130.0
136.0
180.0
134.0
183.0
132.0
185.0
130.0
120.0
176.0
132.0
136.0
182.0
130.0
138.0
134.0
135.0
132.0
181.0
132.0
133.0
133.0
186.0
134.0
184.0
133.0
134.0
183.0
132.0
129.0
181.0
133.0
183.0
133.0
131.0
138.0
178.0
363.0
124.0
181.0
136.0
181.0
129.0
178.0
110.0
185.0
135.0
182.0
133.0
177.0
137.0
138.0
132.0
181.0
123.0
134.0
183.0
130.0
120.0
137.0
173.0
134.0
186.0
134.0
181.0
139.0
178.0
135.0
133.0
136.0
184.0
130.0
180.0
130.0
131.0
177.0
130.0
129.0
182.0
126.0
182.0
132.0
179.0
126.0
131.0
178.0
136.0
134.0
133.0
183.0
132.0
84.0
195.0
113.0
136.0
181.0
140.0
134.0
177.0
137.0
128.0
136.0
137.0
132.0
136.0
134.0
183.0
135.0
181.0
134.0
128.0
181.0
210.0
132.0
186.0
133.0
182.0
131.0
178.0
131.0
181.0
137.0
176.0
130.0
181.0
133.0
178.0
133.0
135.0
132.0
130.0
138.0
130.0
138.0
179.0
130.0
116.0
133.0
181.0
132.0
181.0
132.0
130.0
122.0
181.0
129.0
181.0
133.0
126.0
186.0
137.0
139.0
138.0
127.0
128.0
124.0
177.0
133.0
183.0
136.0
180.0
133.0
181.0
136.0
182.0
133.0
130.0
130.0
178.0
130.0
186.0
121.0
134.0
132.0
130.0
186.0
133.0
136.0
177.0
138.0
182.0
129.0
177.0
130.0
133.0
180.0
126.0
132.0
135.0
185.0
131.0
138.0
188.0
128.0
186.0
131.0
185.0
134.0
180.0
135.0
183.0
135.0
121.0
125.0
185.0
138.0
179.0
133.0
178.0
125.0
200.0
130.0
179.0
136.0
181.0
133.0
130.0
132.0
129.0
181.0
135.0
180.0
133.0
178.0
139.0
184.0
125.0
130.0
180.0
131.0
180.0
133.0
179.0
139.0
134.0
130.0
135.0
239.0
177.0
132.0
180.0
134.0
134.0
131.0
179.0
134.0
186.0
129.0
177.0
124.0
186.0
133.0
178.0
136.0
181.0
138.0
180.0
122.0
186.0
120.0
179.0
134.0
179.0
133.0
183.0
134.0
181.0
133.0
130.0
179.0
130.0
182.0
135.0
184.0
135.0
178.0
134.0
133.0
179.0
133.0
133.0
176.0
133.0
181.0
135.0
128.0
127.0
181.0
135.0
126.0
184.0
128.0
182.0
129.0
185.0
136.0
130.0
129.0
128.0
180.0
129.0
130.0
132.0
131.0
182.0
137.0
178.0
133.0
137.0
185.0
132.0
184.0
133.0
129.0
186.0
134.0
183.0
130.0
259.0
134.0
136.0
125.0
139.0
175.0
133.0
183.0
132.0
133.0
183.0
132.0
136.0
177.0
133.0
185.0
132.0
185.0
134.0
138.0
138.0
132.0
178.0
119.0
136.0
137.0
136.0
137.0
183.0
138.0
136.0
180.0
117.0
183.0
129.0
186.0
130.0
179.0
129.0
177.0
133.0
178.0
137.0
181.0
135.0
135.0
135.0
178.0
133.0
182.0
123.0
180.0
136.0
178.0
133.0
132.0
182.0
128.0
184.0
133.0
125.0
182.0
139.0
186.0
131.0
184.0
133.0
176.0
134.0
134.0
182.0
133.0
174.0
133.0
180.0
134.0
178.0
133.0
184.0
138.0
180.0
132.0
130.0
126.0
130.0
185.0
138.0
175.0
137.0
131.0
179.0
136.0
132.0
134.0
183.0
133.0
186.0
130.0
181.0
136.0
126.0
178.0
134.0
174.0
129.0
131.0
188.0
133.0
130.0
183.0
133.0
138.0
180.0
133.0
138.0
182.0
132.0
185.0
133.0
129.0
181.0
632.0
126.0
178.0
130.0
192.0
137.0
132.0
136.0
131.0
134.0
182.0
127.0
128.0
181.0
132.0
179.0
134.0
133.0
180.0
138.0
186.0
125.0
137.0
181.0
130.0
180.0
142.0
131.0
179.0
133.0
180.0
379.0
133.0
180.0
132.0
118.0
181.0
144.0
131.0
181.0
132.0
182.0
138.0
135.0
181.0
134.0
184.0
136.0
137.0
180.0
124.0
182.0
132.0
134.0
133.0
185.0
132.0
137.0
180.0
136.0
181.0
124.0
185.0
134.0
181.0
133.0
140.0
136.0
175.0
136.0
180.0
130.0
189.0
261.0
178.0
133.0
131.0
189.0
130.0
181.0
129.0
133.0
184.0
134.0
135.0
105.0
187.0
132.0
130.0
180.0
128.0
128.0
178.0
124.0
178.0
133.0
137.0
132.0
181.0
126.0
186.0
136.0
180.0
133.0
133.0
130.0
177.0
126.0
134.0
141.0
122.0
133.0
180.0
136.0
135.0
133.0
184.0
127.0
137.0
184.0
133.0
184.0
132.0
180.0
126.0
186.0
131.0
138.0
185.0
134.0
134.0
181.0
132.0
135.0
132.0
133.0
186.0
124.0
128.0
178.0
136.0
182.0
125.0
182.0
125.0
181.0
133.0
128.0
178.0
137.0
184.0
130.0
137.0
186.0
130.0
181.0
129.0
139.0
135.0
181.0
134.0
136.0
128.0
122.0
178.0
130.0
182.0
130.0
180.0
136.0
129.0
181.0
133.0
181.0
132.0
122.0
183.0
130.0
176.0
121.0
134.0
180.0
130.0
133.0
176.0
259.0
142.0
179.0
131.0
133.0
179.0
125.0
134.0
140.0
171.0
139.0
186.0
137.0
124.0
181.0
129.0
182.0
117.0
178.0
133.0
183.0
133.0
134.0
178.0
132.0
184.0
132.0
181.0
128.0
181.0
136.0
180.0
126.0
181.0
130.0
177.0
137.0
133.0
177.0
125.0
136.0
129.0
133.0
178.0
129.0
133.0
178.0
134.0
180.0
111.0
187.0
129.0
129.0
178.0
135.0
133.0
352.0
182.0
132.0
200.0
134.0
137.0
135.0
182.0
136.0
180.0
137.0
135.0
180.0
138.0
379.0
185.0
130.0
136.0
132.0
133.0
131.0
181.0
134.0
182.0
132.0
132.0
180.0
125.0
187.0
133.0
130.0
178.0
126.0
178.0
134.0
134.0
132.0
182.0
130.0
178.0
130.0
133.0
181.0
130.0
136.0
182.0
132.0
197.0
180.0
125.0
132.0
139.0
180.0
134.0
183.0
138.0
176.0
130.0
176.0
129.0
136.0
178.0
138.0
179.0
128.0
185.0
133.0
136.0
138.0
134.0
178.0
137.0
138.0
135.0
183.0
135.0
130.0
184.0
130.0
132.0
130.0
182.0
126.0
137.0
134.0
132.0
123.0
136.0
181.0
134.0
176.0
137.0
133.0
181.0
138.0
138.0
136.0
139.0
132.0
137.0
134.0
133.0
182.0
138.0
181.0
144.0
181.0
132.0
136.0
180.0
132.0
183.0
141.0
188.0
135.0
134.0
180.0
136.0
178.0
134.0
181.0
134.0
178.0
132.0
133.0
180.0
133.0
180.0
133.0
173.0
130.0
180.0
133.0
182.0
133.0
180.0
129.0
179.0
133.0
138.0
134.0
179.0
129.0
180.0
129.0
180.0
126.0
182.0
136.0
137.0
131.0
131.0
180.0
136.0
135.0
188.0
134.0
179.0
138.0
125.0
180.0
132.0
586.0
181.0
122.0
182.0
133.0
182.0
137.0
132.0
182.0
134.0
180.0
136.0
127.0
129.0
126.0
185.0
137.0
133.0
137.0
178.0
132.0
186.0
134.0
134.0
135.0
178.0
138.0
180.0
138.0
181.0
130.0
122.0
181.0
129.0
185.0
123.0
181.0
139.0
183.0
141.0
180.0
125.0
130.0
132.0
128.0
139.0
135.0
138.0
139.0
125.0
184.0
134.0
178.0
119.0
181.0
124.0
178.0
133.0
136.0
134.0
182.0
130.0
136.0
178.0
128.0
185.0
136.0
134.0
178.0
133.0
178.0
133.0
179.0
123.0
132.0
128.0
129.0
184.0
135.0
141.0
139.0
135.0
179.0
135.0
132.0
194.0
137.0
180.0
138.0
386.0
178.0
133.0
136.0
183.0
124.0
130.0
179.0
134.0
173.0
136.0
133.0
135.0
134.0
185.0
126.0
184.0
135.0
132.0
184.0
134.0
136.0
180.0
132.0
132.0
178.0
130.0
181.0
133.0
129.0
184.0
134.0
133.0
138.0
137.0
132.0
182.0
134.0
183.0
127.0
129.0
181.0
132.0
180.0
133.0
181.0
138.0
183.0
133.0
181.0
115.0
178.0
132.0
178.0
134.0
132.0
181.0
136.0
178.0
136.0
179.0
132.0
179.0
133.0
130.0
136.0
137.0
180.0
136.0
178.0
134.0
182.0
137.0
185.0
139.0
125.0
182.0
133.0
133.0
177.0
137.0
183.0
138.0
132.0
186.0
138.0
212.0
178.0
133.0
179.0
129.0
183.0
126.0
135.0
188.0
113.0
190.0
136.0
138.0
175.0
131.0
746.0
157.0
129.0
137.0
134.0
132.0
134.0
133.0
179.0
132.0
136.0
182.0
125.0
186.0
132.0
137.0
129.0
191.0
181.0
126.0
183.0
134.0
130.0
136.0
129.0
179.0
132.0
137.0
181.0
132.0
136.0
191.0
182.0
132.0
134.0
138.0
257.0
133.0
132.0
184.0
138.0
125.0
139.0
133.0
129.0
180.0
134.0
180.0
130.0
180.0
131.0
173.0
133.0
183.0
138.0
130.0
132.0
181.0
130.0
175.0
136.0
132.0
186.0
134.0
132.0
179.0
133.0
182.0
135.0
174.0
133.0
112.0
181.0
132.0
123.0
175.0
136.0
133.0
128.0
184.0
131.0
180.0
136.0
178.0
137.0
180.0
134.0
306.0
138.0
185.0
137.0
178.0
72.0
218.0
132.0
180.0
132.0
136.0
178.0
137.0
134.0
181.0
134.0
132.0
134.0
133.0
134.0
130.0
175.0
133.0
222.0
138.0
135.0
138.0
180.0
136.0
181.0
134.0
181.0
124.0
133.0
179.0
129.0
182.0
133.0
130.0
179.0
136.0
180.0
141.0
181.0
129.0
136.0
180.0
139.0
178.0
130.0
181.0
130.0
178.0
133.0
136.0
177.0
134.0
178.0
130.0
133.0
181.0
134.0
133.0
179.0
128.0
132.0
180.0
550.0
176.0
139.0
130.0
138.0
177.0
132.0
184.0
130.0
180.0
138.0
182.0
138.0
138.0
133.0
183.0
128.0
186.0
124.0
181.0
128.0
178.0
133.0
177.0
241.0
177.0
133.0
184.0
137.0
179.0
134.0
182.0
137.0
179.0
135.0
137.0
180.0
134.0
177.0
129.0
182.0
138.0
175.0
138.0
178.0
138.0
178.0
139.0
183.0
137.0
184.0
136.0
139.0
126.0
182.0
130.0
181.0
136.0
133.0
186.0
125.0
180.0
130.0
134.0
129.0
138.0
126.0
136.0
183.0
130.0
181.0
131.0
178.0
133.0
185.0
138.0
189.0
135.0
181.0
137.0
135.0
136.0
184.0
123.0
182.0
134.0
134.0
179.0
133.0
178.0
134.0
182.0
484.0
133.0
133.0
174.0
139.0
186.0
130.0
132.0
182.0
139.0
183.0
118.0
179.0
136.0
132.0
182.0
133.0
177.0
124.0
185.0
136.0
179.0
134.0
191.0
132.0
182.0
131.0
183.0
133.0
179.0
137.0
130.0
185.0
133.0
180.0
133.0
132.0
125.0
182.0
133.0
188.0
138.0
132.0
134.0
129.0
133.0
118.0
184.0
138.0
180.0
136.0
180.0
133.0
188.0
135.0
180.0
132.0
135.0
138.0
137.0
138.0
181.0
134.0
184.0
130.0
180.0
133.0
174.0
130.0
133.0
134.0
131.0
135.0
177.0
133.0
131.0
136.0
184.0
129.0
181.0
139.0
180.0
125.0
184.0
131.0
183.0
133.0
177.0
133.0
181.0
140.0
182.0
138.0
178.0
130.0
178.0
139.0
176.0
134.0
133.0
132.0
182.0
137.0
183.0
132.0
180.0
132.0
116.0
181.0
126.0
181.0
132.0
182.0
117.0
122.0
136.0
133.0
178.0
136.0
183.0
128.0
129.0
113.0
178.0
130.0
180.0
132.0
183.0
130.0
173.0
129.0
129.0
181.0
134.0
185.0
127.0
130.0
180.0
135.0
183.0
138.0
176.0
134.0
134.0
176.0
136.0
179.0
137.0
184.0
137.0
179.0
128.0
177.0
134.0
132.0
135.0
134.0
182.0
131.0
182.0
138.0
178.0
134.0
180.0
138.0
134.0
133.0
182.0
130.0
131.0
135.0
178.0
132.0
131.0
176.0
133.0
176.0
138.0
182.0
128.0
137.0
133.0
134.0
177.0
131.0
183.0
130.0
124.0
186.0
130.0
176.0
134.0
132.0
183.0
137.0
134.0
178.0
133.0
181.0
138.0
130.0
137.0
184.0
132.0
131.0
181.0
133.0
570.0
187.0
139.0
137.0
179.0
130.0
182.0
132.0
181.0
132.0
129.0
180.0
137.0
132.0
186.0
141.0
181.0
131.0
134.0
181.0
137.0
185.0
132.0
186.0
133.0
175.0
489.0
178.0
130.0
125.0
137.0
181.0
130.0
605.0
134.0
131.0
136.0
136.0
177.0
134.0
183.0
132.0
180.0
121.0
182.0
136.0
135.0
183.0
130.0
137.0
182.0
131.0
133.0
180.0
123.0
180.0
134.0
132.0
140.0
182.0
132.0
184.0
132.0
178.0
122.0
176.0
130.0
178.0
133.0
133.0
183.0
130.0
182.0
137.0
186.0
133.0
182.0
133.0
139.0
136.0
137.0
180.0
129.0
182.0
132.0
133.0
180.0
137.0
190.0
136.0
182.0
125.0
180.0
129.0
132.0
182.0
126.0
178.0
187.0
135.0
130.0
186.0
134.0
137.0
134.0
131.0
128.0
134.0
178.0
122.0
186.0
131.0
175.0
139.0
138.0
180.0
133.0
132.0
175.0
133.0
132.0
134.0
133.0
125.0
183.0
135.0
183.0
133.0
134.0
175.0
130.0
136.0
130.0
139.0
130.0
123.0
182.0
132.0
182.0
132.0
181.0
133.0
134.0
178.0
126.0
131.0
178.0
128.0
132.0
178.0
129.0
178.0
134.0
125.0
177.0
133.0
178.0
128.0
183.0
137.0
133.0
181.0
138.0
125.0
131.0
186.0
126.0
131.0
181.0
134.0
130.0
179.0
132.0
182.0
130.0
182.0
113.0
182.0
135.0
130.0
178.0
132.0
118.0
183.0
133.0
177.0
131.0
179.0
134.0
129.0
178.0
496.0
133.0
132.0
123.0
182.0
125.0
137.0
178.0
136.0
178.0
130.0
190.0
182.0
133.0
122.0
176.0
134.0
129.0
130.0
185.0
134.0
180.0
130.0
183.0
132.0
126.0
177.0
138.0
182.0
131.0
129.0
181.0
131.0
182.0
133.0
122.0
181.0
133.0
132.0
180.0
117.0
182.0
125.0
184.0
133.0
178.0
137.0
186.0
137.0
185.0
134.0
134.0
178.0
120.0
133.0
178.0
132.0
133.0
179.0
134.0
129.0
130.0
185.0
133.0
210.0
134.0
136.0
183.0
134.0
182.0
137.0
175.0
349.0
182.0
134.0
134.0
135.0
282.0
137.0
130.0
183.0
139.0
184.0
133.0
134.0
182.0
133.0
173.0
134.0
130.0
125.0
184.0
136.0
181.0
136.0
128.0
139.0
174.0
136.0
179.0
135.0
138.0
129.0
185.0
136.0
180.0
131.0
137.0
132.0
181.0
122.0
182.0
124.0
180.0
132.0
180.0
130.0
122.0
130.0
182.0
141.0
138.0
176.0
216.0
135.0
182.0
114.0
188.0
131.0
183.0
133.0
132.0
132.0
179.0
132.0
184.0
138.0
139.0
128.0
138.0
181.0
133.0
135.0
179.0
133.0
130.0
183.0
135.0
132.0
181.0
125.0
134.0
181.0
134.0
180.0
138.0
134.0
186.0
132.0
180.0
126.0
133.0
182.0
130.0
178.0
130.0
132.0
184.0
130.0
184.0
137.0
123.0
180.0
133.0
186.0
251.0
132.0
176.0
130.0
182.0
133.0
187.0
135.0
185.0
134.0
180.0
135.0
182.0
131.0
178.0
139.0
132.0
182.0
136.0
180.0
129.0
186.0
136.0
178.0
128.0
185.0
131.0
182.0
124.0
135.0
185.0
139.0
181.0
138.0
136.0
132.0
137.0
180.0
130.0
178.0
136.0
133.0
180.0
134.0
183.0
133.0
181.0
134.0
135.0
134.0
180.0
133.0
182.0
133.0
134.0
142.0
136.0
133.0
183.0
210.0
123.0
181.0
131.0
183.0
127.0
121.0
182.0
130.0
181.0
138.0
177.0
130.0
177.0
131.0
133.0
133.0
184.0
122.0
129.0
181.0
133.0
180.0
129.0
181.0
137.0
129.0
181.0
133.0
182.0
127.0
133.0
130.0
181.0
132.0
125.0
133.0
130.0
194.0
130.0
134.0
178.0
136.0
135.0
180.0
130.0
131.0
175.0
136.0
179.0
141.0
128.0
136.0
187.0
186.0
128.0
133.0
180.0
138.0
132.0
136.0
133.0
132.0
125.0
178.0
133.0
477.0
131.0
133.0
130.0
181.0
136.0
142.0
126.0
181.0
132.0
133.0
132.0
178.0
136.0
178.0
130.0
181.0
133.0
177.0
133.0
179.0
129.0
135.0
180.0
134.0
130.0
178.0
134.0
136.0
185.0
138.0
179.0
134.0
130.0
131.0
181.0
134.0
128.0
184.0
132.0
135.0
185.0
141.0
132.0
132.0
180.0
125.0
183.0
133.0
183.0
134.0
180.0
133.0
190.0
131.0
129.0
179.0
130.0
137.0
136.0
133.0
132.0
133.0
178.0
129.0
179.0
138.0
140.0
175.0
134.0
181.0
136.0
178.0
134.0
183.0
132.0
176.0
133.0
178.0
130.0
181.0
137.0
133.0
181.0
134.0
137.0
179.0
136.0
184.0
135.0
179.0
138.0
177.0
136.0
177.0
134.0
133.0
129.0
134.0
578.0
184.0
137.0
135.0
120.0
135.0
135.0
179.0
134.0
177.0
133.0
137.0
186.0
135.0
181.0
133.0
183.0
136.0
135.0
134.0
179.0
191.0
178.0
135.0
133.0
134.0
178.0
137.0
130.0
181.0
130.0
184.0
136.0
184.0
130.0
134.0
132.0
180.0
132.0
185.0
553.0
181.0
122.0
135.0
135.0
180.0
132.0
183.0
136.0
175.0
138.0
180.0
133.0
122.0
132.0
178.0
136.0
135.0
195.0
129.0
182.0
133.0
136.0
186.0
616.0
179.0
116.0
185.0
136.0
140.0
132.0
182.0
125.0
183.0
129.0
135.0
181.0
134.0
181.0
373.0
181.0
141.0
177.0
139.0
132.0
181.0
197.0
135.0
181.0
137.0
177.0
133.0
184.0
129.0
180.0
136.0
135.0
176.0
131.0
182.0
132.0
139.0
182.0
133.0
187.0
133.0
133.0
131.0
137.0
136.0
137.0
181.0
131.0
129.0
175.0
133.0
179.0
136.0
132.0
183.0
130.0
181.0
131.0
175.0
131.0
134.0
133.0
180.0
128.0
182.0
130.0
177.0
132.0
180.0
123.0
187.0
126.0
133.0
136.0
182.0
127.0
125.0
185.0
134.0
184.0
135.0
181.0
133.0
132.0
130.0
134.0
131.0
118.0
176.0
134.0
124.0
185.0
127.0
132.0
139.0
181.0
137.0
183.0
130.0
136.0
189.0
137.0
181.0
130.0
187.0
138.0
133.0
134.0
179.0
135.0
132.0
132.0
131.0
180.0
138.0
136.0
178.0
136.0
186.0
134.0
136.0
177.0
140.0
123.0
180.0
125.0
133.0
136.0
130.0
184.0
138.0
181.0
128.0
136.0
135.0
179.0
129.0
182.0
131.0
136.0
181.0
138.0
181.0
136.0
136.0
185.0
137.0
183.0
136.0
227.0
182.0
132.0
185.0
132.0
136.0
133.0
181.0
589.0
136.0
181.0
117.0
129.0
130.0
177.0
134.0
137.0
131.0
132.0
132.0
184.0
133.0
181.0
130.0
179.0
131.0
178.0
135.0
137.0
133.0
133.0
138.0
129.0
136.0
132.0
137.0
141.0
181.0
131.0
132.0
130.0
138.0
181.0
124.0
136.0
180.0
133.0
134.0
132.0
179.0
138.0
137.0
138.0
132.0
138.0
181.0
136.0
138.0
180.0
134.0
182.0
136.0
130.0
174.0
132.0
131.0
134.0
181.0
137.0
180.0
96.0
191.0
128.0
131.0
135.0
178.0
129.0
178.0
130.0
126.0
182.0
132.0
132.0
183.0
132.0
132.0
136.0
129.0
186.0
135.0
132.0
138.0
138.0
125.0
184.0
134.0
128.0
184.0
537.0
132.0
132.0
129.0
179.0
130.0
135.0
125.0
181.0
141.0
130.0
127.0
129.0
135.0
182.0
133.0
185.0
126.0
135.0
185.0
138.0
189.0
125.0
130.0
180.0
135.0
130.0
179.0
134.0
178.0
141.0
139.0
127.0
183.0
138.0
176.0
132.0
137.0
132.0
183.0
133.0
183.0
135.0
184.0
137.0
132.0
182.0
133.0
186.0
485.0
136.0
185.0
265.0
176.0
133.0
134.0
179.0
134.0
134.0
185.0
130.0
181.0
134.0
179.0
138.0
141.0
132.0
182.0
136.0
189.0
133.0
139.0
132.0
180.0
134.0
129.0
130.0
137.0
138.0
134.0
117.0
183.0
134.0
133.0
185.0
133.0
135.0
181.0
138.0
119.0
178.0
137.0
128.0
137.0
183.0
132.0
186.0
194.0
132.0
138.0
133.0
138.0
183.0
137.0
181.0
139.0
185.0
139.0
178.0
134.0
178.0
136.0
135.0
136.0
183.0
135.0
134.0
131.0
179.0
137.0
178.0
139.0
138.0
130.0
135.0
179.0
136.0
182.0
131.0
180.0
130.0
181.0
136.0
125.0
711.0
181.0
136.0
132.0
133.0
182.0
136.0
179.0
131.0
181.0
135.0
181.0
132.0
125.0
133.0
137.0
126.0
175.0
132.0
137.0
128.0
186.0
134.0
182.0
130.0
181.0
137.0
183.0
138.0
136.0
177.0
133.0
177.0
134.0
182.0
134.0
181.0
135.0
135.0
179.0
132.0
182.0
134.0
181.0
129.0
182.0
132.0
126.0
130.0
184.0
130.0
130.0
134.0
183.0
135.0
179.0
133.0
136.0
133.0
132.0
130.0
186.0
131.0
258.0
132.0
186.0
130.0
138.0
185.0
137.0
178.0
134.0
136.0
132.0
138.0
186.0
130.0
137.0
129.0
181.0
126.0
133.0
130.0
181.0
126.0
131.0
134.0
183.0
135.0
176.0
129.0
133.0
138.0
184.0
130.0
132.0
141.0
233.0
130.0
133.0
132.0
179.0
128.0
177.0
137.0
126.0
182.0
134.0
134.0
133.0
181.0
135.0
178.0
131.0
181.0
138.0
132.0
131.0
186.0
135.0
128.0
187.0
132.0
132.0
183.0
136.0
131.0
180.0
136.0
135.0
178.0
131.0
132.0
124.0
179.0
135.0
180.0
131.0
179.0
133.0
183.0
138.0
178.0
139.0
184.0
134.0
133.0
182.0
133.0
133.0
133.0
134.0
130.0
181.0
136.0
135.0
136.0
135.0
138.0
178.0
267.0
133.0
181.0
130.0
138.0
130.0
181.0
134.0
182.0
138.0
177.0
133.0
138.0
185.0
133.0
186.0
133.0
134.0
136.0
416.0
129.0
184.0
133.0
186.0
138.0
177.0
133.0
179.0
137.0
184.0
117.0
132.0
177.0
125.0
180.0
134.0
135.0
133.0
133.0
133.0
135.0
138.0
132.0
132.0
179.0
136.0
134.0
184.0
122.0
180.0
136.0
129.0
188.0
136.0
132.0
182.0
129.0
133.0
136.0
135.0
129.0
181.0
137.0
134.0
130.0
136.0
134.0
183.0
138.0
178.0
138.0
181.0
139.0
185.0
132.0
183.0
130.0
182.0
132.0
181.0
123.0
136.0
137.0
131.0
122.0
181.0
129.0
183.0
134.0
137.0
128.0
180.0
134.0
134.0
130.0
129.0
131.0
181.0
138.0
133.0
133.0
178.0
131.0
134.0
177.0
133.0
181.0
127.0
151.0
130.0
184.0
119.0
182.0
136.0
180.0
132.0
183.0
129.0
137.0
184.0
137.0
133.0
183.0
132.0
183.0
421.0
182.0
132.0
140.0
116.0
133.0
186.0
129.0
101.0
187.0
135.0
135.0
179.0
132.0
133.0
184.0
133.0
184.0
136.0
177.0
137.0
181.0
130.0
130.0
131.0
178.0
122.0
136.0
135.0
140.0
135.0
138.0
183.0
137.0
137.0
183.0
137.0
134.0
132.0
124.0
131.0
184.0
194.0
181.0
133.0
186.0
138.0
138.0
182.0
138.0
130.0
133.0
141.0
186.0
138.0
138.0
179.0
138.0
181.0
134.0
133.0
141.0
138.0
180.0
136.0
132.0
180.0
130.0
177.0
135.0
129.0
138.0
137.0
131.0
132.0
181.0
137.0
174.0
134.0
130.0
186.0
131.0
185.0
138.0
131.0
132.0
183.0
132.0
181.0
120.0
140.0
178.0
137.0
180.0
133.0
129.0
136.0
175.0
123.0
178.0
136.0
185.0
125.0
180.0
134.0
175.0
120.0
183.0
121.0
182.0
121.0
181.0
133.0
181.0
132.0
132.0
181.0
131.0
136.0
129.0
137.0
174.0
135.0
180.0
134.0
137.0
136.0
134.0
181.0
129.0
136.0
136.0
183.0
134.0
132.0
184.0
145.0
182.0
132.0
175.0
134.0
120.0
181.0
138.0
182.0
132.0
182.0
134.0
130.0
117.0
134.0
180.0
548.0
134.0
128.0
130.0
136.0
132.0
174.0
132.0
139.0
131.0
136.0
179.0
136.0
141.0
131.0
132.0
133.0
180.0
129.0
178.0
133.0
126.0
180.0
133.0
179.0
134.0
137.0
181.0
133.0
132.0
180.0
136.0
183.0
133.0
178.0
135.0
176.0
134.0
122.0
139.0
132.0
181.0
136.0
179.0
130.0
131.0
136.0
132.0
180.0
133.0
184.0
130.0
181.0
134.0
187.0
129.0
138.0
181.0
125.0
181.0
135.0
182.0
131.0
137.0
130.0
134.0
182.0
134.0
108.0
134.0
180.0
136.0
181.0
131.0
179.0
136.0
181.0
134.0
181.0
129.0
182.0
139.0
131.0
185.0
136.0
186.0
127.0
180.0
137.0
247.0
179.0
136.0
133.0
133.0
130.0
177.0
134.0
180.0
138.0
185.0
133.0
182.0
134.0
181.0
531.0
121.0
185.0
135.0
182.0
129.0
177.0
129.0
180.0
135.0
130.0
185.0
129.0
181.0
135.0
134.0
174.0
130.0
177.0
130.0
131.0
129.0
183.0
138.0
134.0
185.0
130.0
182.0
136.0
179.0
121.0
181.0
136.0
218.0
133.0
134.0
182.0
132.0
184.0
137.0
129.0
179.0
126.0
128.0
181.0
126.0
131.0
183.0
131.0
195.0
130.0
181.0
135.0
180.0
137.0
183.0
120.0
180.0
130.0
180.0
136.0
182.0
133.0
136.0
184.0
136.0
278.0
180.0
132.0
567.0
183.0
141.0
183.0
130.0
183.0
134.0
185.0
132.0
123.0
140.0
180.0
134.0
177.0
135.0
133.0
180.0
121.0
133.0
132.0
135.0
180.0
135.0
181.0
139.0
175.0
113.0
176.0
130.0
135.0
132.0
138.0
121.0
130.0
132.0
178.0
129.0
130.0
134.0
182.0
134.0
185.0
138.0
135.0
130.0
180.0
121.0
133.0
180.0
120.0
181.0
140.0
133.0
131.0
174.0
136.0
184.0
134.0
137.0
128.0
180.0
132.0
410.0
133.0
130.0
138.0
180.0
123.0
175.0
132.0
177.0
125.0
131.0
186.0
133.0
133.0
182.0
138.0
176.0
134.0
136.0
136.0
178.0
130.0
136.0
137.0
130.0
187.0
137.0
180.0
141.0
181.0
140.0
133.0
184.0
130.0
130.0
117.0
182.0
142.0
180.0
134.0
181.0
135.0
181.0
258.0
132.0
128.0
136.0
181.0
132.0
180.0
135.0
133.0
179.0
132.0
178.0
129.0
184.0
133.0
183.0
134.0
203.0
130.0
136.0
131.0
189.0
122.0
181.0
133.0
131.0
136.0
133.0
182.0
133.0
138.0
181.0
133.0
183.0
141.0
186.0
132.0
141.0
136.0
133.0
178.0
133.0
126.0
136.0
182.0
134.0
133.0
174.0
265.0
130.0
132.0
177.0
139.0
178.0
131.0
133.0
130.0
182.0
134.0
134.0
175.0
133.0
180.0
132.0
185.0
133.0
477.0
177.0
125.0
186.0
122.0
184.0
132.0
131.0
179.0
134.0
184.0
133.0
186.0
125.0
180.0
134.0
182.0
133.0
181.0
130.0
180.0
130.0
183.0
130.0
180.0
115.0
180.0
133.0
133.0
174.0
133.0
136.0
176.0
136.0
181.0
128.0
115.0
133.0
179.0
130.0
130.0
136.0
132.0
181.0
133.0
132.0
181.0
134.0
182.0
134.0
179.0
133.0
178.0
130.0
177.0
130.0
179.0
134.0
130.0
180.0
117.0
131.0
138.0
130.0
136.0
178.0
130.0
178.0
135.0
181.0
134.0
135.0
183.0
136.0
144.0
130.0
132.0
136.0
135.0
134.0
137.0
183.0
128.0
183.0
137.0
138.0
181.0
136.0
181.0
136.0
182.0
138.0
185.0
137.0
180.0
130.0
180.0
130.0
122.0
133.0
187.0
117.0
181.0
187.0
136.0
184.0
131.0
181.0
138.0
186.0
134.0
181.0
136.0
132.0
130.0
182.0
133.0
182.0
129.0
183.0
130.0
179.0
138.0
183.0
141.0
187.0
197.0
177.0
119.0
185.0
135.0
150.0
139.0
185.0
139.0
174.0
587.0
182.0
136.0
128.0
178.0
136.0
133.0
178.0
132.0
130.0
186.0
130.0
180.0
133.0
180.0
120.0
137.0
178.0
137.0
125.0
134.0
180.0
137.0
133.0
182.0
139.0
139.0
129.0
180.0
139.0
138.0
132.0
134.0
