109.0
107.0
109.0
103.0
109.0
139.0
108.0
142.0
104.0
143.0
105.0
110.0
107.0
135.0
104.0
144.0
109.0
137.0
136.0
171.0
141.0
109.0
141.0
107.0
113.0
112.0
105.0
138.0
110.0
104.0
138.0
108.0
104.0
98.0
142.0
198.0
139.0
112.0
142.0
104.0
140.0
107.0
140.0
102.0
142.0
110.0
139.0
109.0
141.0
101.0
108.0
100.0
144.0
371.0
144.0
109.0
137.0
107.0
110.0
107.0
140.0
107.0
105.0
109.0
139.0
105.0
116.0
137.0
109.0
107.0
109.0
108.0
141.0
109.0
105.0
107.0
141.0
109.0
137.0
91.0
137.0
107.0
140.0
111.0
106.0
107.0
139.0
114.0
139.0
107.0
138.0
107.0
138.0
106.0
138.0
108.0
141.0
109.0
104.0
139.0
108.0
110.0
137.0
104.0
139.0
101.0
142.0
382.0
144.0
111.0
139.0
102.0
106.0
142.0
109.0
142.0
105.0
140.0
107.0
136.0
217.0
138.0
490.0
142.0
106.0
114.0
137.0
109.0
138.0
109.0
139.0
100.0
205.0
139.0
98.0
142.0
114.0
142.0
108.0
142.0
101.0
108.0
109.0
142.0
108.0
112.0
109.0
137.0
113.0
101.0
140.0
108.0
138.0
104.0
141.0
110.0
139.0
109.0
110.0
140.0
101.0
141.0
107.0
107.0
109.0
137.0
110.0
137.0
109.0
106.0
137.0
106.0
145.0
111.0
138.0
114.0
142.0
107.0
141.0
110.0
138.0
106.0
141.0
109.0
140.0
109.0
104.0
137.0
98.0
139.0
121.0
137.0
109.0
144.0
109.0
139.0
109.0
106.0
141.0
107.0
138.0
104.0
101.0
133.0
101.0
138.0
107.0
140.0
93.0
142.0
99.0
138.0
76.0
151.0
98.0
144.0
98.0
143.0
108.0
101.0
137.0
106.0
137.0
107.0
137.0
109.0
139.0
109.0
138.0
109.0
141.0
107.0
141.0
102.0
141.0
107.0
109.0
138.0
112.0
102.0
107.0
111.0
109.0
141.0
113.0
108.0
112.0
110.0
105.0
104.0
141.0
106.0
107.0
105.0
109.0
139.0
106.0
136.0
108.0
138.0
104.0
138.0
109.0
142.0
110.0
101.0
139.0
109.0
138.0
106.0
138.0
108.0
140.0
109.0
139.0
110.0
136.0
107.0
139.0
110.0
113.0
138.0
100.0
142.0
106.0
106.0
133.0
109.0
141.0
102.0
141.0
110.0
138.0
110.0
139.0
102.0
107.0
108.0
110.0
139.0
109.0
137.0
107.0
110.0
105.0
109.0
141.0
105.0
138.0
105.0
503.0
141.0
102.0
140.0
108.0
139.0
106.0
142.0
107.0
140.0
108.0
139.0
107.0
138.0
105.0
109.0
101.0
141.0
107.0
107.0
137.0
114.0
112.0
138.0
102.0
139.0
108.0
142.0
109.0
107.0
111.0
141.0
112.0
104.0
140.0
94.0
139.0
114.0
146.0
106.0
109.0
101.0
109.0
107.0
109.0
137.0
106.0
135.0
108.0
142.0
114.0
141.0
104.0
138.0
108.0
108.0
108.0
141.0
106.0
105.0
106.0
112.0
105.0
140.0
111.0
110.0
140.0
106.0
140.0
107.0
138.0
107.0
98.0
107.0
111.0
139.0
107.0
134.0
107.0
139.0
109.0
108.0
145.0
110.0
541.0
141.0
106.0
139.0
112.0
109.0
109.0
112.0
133.0
109.0
139.0
106.0
139.0
113.0
141.0
110.0
107.0
110.0
106.0
106.0
133.0
110.0
106.0
137.0
109.0
140.0
108.0
100.0
141.0
106.0
139.0
105.0
141.0
105.0
140.0
107.0
138.0
110.0
101.0
142.0
109.0
136.0
106.0
109.0
138.0
99.0
138.0
105.0
136.0
109.0
140.0
108.0
136.0
106.0
114.0
141.0
112.0
139.0
109.0
110.0
138.0
112.0
104.0
104.0
106.0
140.0
106.0
106.0
106.0
144.0
109.0
104.0
107.0
110.0
140.0
107.0
139.0
114.0
137.0
107.0
109.0
142.0
109.0
141.0
107.0
108.0
106.0
141.0
108.0
110.0
138.0
110.0
107.0
104.0
108.0
107.0
107.0
138.0
112.0
106.0
140.0
110.0
110.0
138.0
108.0
106.0
138.0
109.0
141.0
109.0
132.0
144.0
106.0
144.0
110.0
104.0
109.0
107.0
107.0
139.0
102.0
109.0
140.0
110.0
106.0
140.0
108.0
140.0
109.0
140.0
109.0
137.0
106.0
111.0
137.0
109.0
110.0
106.0
140.0
111.0
139.0
165.0
139.0
109.0
141.0
114.0
106.0
137.0
110.0
98.0
141.0
108.0
138.0
106.0
141.0
109.0
138.0
110.0
105.0
112.0
109.0
142.0
160.0
110.0
106.0
144.0
111.0
138.0
105.0
141.0
109.0
102.0
139.0
107.0
139.0
105.0
105.0
109.0
138.0
112.0
109.0
141.0
105.0
136.0
112.0
144.0
111.0
109.0
138.0
106.0
137.0
112.0
141.0
104.0
142.0
108.0
104.0
140.0
106.0
144.0
111.0
100.0
138.0
107.0
145.0
109.0
135.0
113.0
136.0
108.0
107.0
136.0
104.0
94.0
141.0
107.0
140.0
110.0
140.0
109.0
139.0
105.0
112.0
112.0
144.0
98.0
141.0
109.0
99.0
141.0
110.0
109.0
134.0
110.0
106.0
140.0
103.0
141.0
108.0
143.0
108.0
106.0
143.0
107.0
108.0
102.0
105.0
113.0
107.0
138.0
106.0
138.0
109.0
108.0
137.0
109.0
110.0
108.0
144.0
106.0
138.0
107.0
108.0
109.0
141.0
109.0
108.0
106.0
140.0
110.0
138.0
102.0
107.0
106.0
136.0
103.0
104.0
108.0
141.0
107.0
140.0
106.0
108.0
141.0
109.0
137.0
106.0
141.0
109.0
141.0
110.0
142.0
108.0
140.0
111.0
102.0
138.0
108.0
109.0
143.0
111.0
138.0
107.0
109.0
144.0
107.0
138.0
104.0
112.0
109.0
113.0
142.0
111.0
136.0
107.0
136.0
110.0
135.0
98.0
142.0
113.0
110.0
138.0
108.0
106.0
139.0
104.0
139.0
106.0
139.0
109.0
139.0
108.0
101.0
108.0
137.0
107.0
141.0
109.0
140.0
110.0
144.0
106.0
137.0
108.0
140.0
105.0
100.0
90.0
147.0
107.0
139.0
104.0
112.0
142.0
107.0
109.0
136.0
98.0
139.0
105.0
109.0
139.0
100.0
136.0
109.0
113.0
109.0
112.0
138.0
108.0
138.0
105.0
138.0
105.0
136.0
110.0
143.0
104.0
109.0
108.0
104.0
107.0
142.0
109.0
101.0
139.0
107.0
141.0
100.0
142.0
109.0
114.0
144.0
105.0
103.0
137.0
103.0
135.0
107.0
109.0
138.0
104.0
134.0
106.0
110.0
139.0
104.0
105.0
105.0
136.0
109.0
109.0
139.0
110.0
106.0
110.0
138.0
109.0
144.0
133.0
106.0
139.0
107.0
108.0
140.0
112.0
107.0
106.0
112.0
138.0
109.0
108.0
113.0
109.0
109.0
107.0
135.0
107.0
139.0
101.0
138.0
107.0
138.0
111.0
140.0
105.0
139.0
112.0
139.0
102.0
138.0
112.0
108.0
110.0
97.0
144.0
106.0
141.0
109.0
139.0
112.0
138.0
110.0
139.0
111.0
113.0
113.0
142.0
102.0
137.0
109.0
144.0
102.0
138.0
108.0
138.0
106.0
107.0
139.0
112.0
141.0
109.0
107.0
107.0
98.0
137.0
109.0
109.0
139.0
103.0
141.0
108.0
137.0
110.0
141.0
112.0
134.0
90.0
107.0
137.0
106.0
145.0
109.0
142.0
105.0
141.0
106.0
140.0
114.0
141.0
107.0
108.0
138.0
112.0
140.0
107.0
98.0
109.0
299.0
141.0
105.0
108.0
139.0
104.0
145.0
106.0
140.0
107.0
105.0
107.0
109.0
138.0
106.0
137.0
106.0
138.0
237.0
104.0
139.0
221.0
138.0
104.0
139.0
105.0
141.0
110.0
106.0
114.0
143.0
110.0
141.0
116.0
113.0
139.0
109.0
139.0
104.0
181.0
144.0
109.0
138.0
109.0
138.0
108.0
142.0
110.0
110.0
142.0
105.0
133.0
108.0
142.0
110.0
108.0
94.0
139.0
103.0
141.0
114.0
136.0
105.0
109.0
113.0
106.0
136.0
112.0
139.0
108.0
137.0
108.0
107.0
96.0
142.0
101.0
102.0
108.0
138.0
107.0
109.0
137.0
106.0
137.0
109.0
110.0
109.0
103.0
140.0
108.0
142.0
106.0
140.0
106.0
141.0
109.0
108.0
110.0
137.0
109.0
141.0
111.0
107.0
144.0
110.0
141.0
109.0
137.0
97.0
140.0
111.0
111.0
140.0
111.0
138.0
108.0
142.0
108.0
200.0
107.0
105.0
136.0
110.0
144.0
111.0
107.0
136.0
109.0
142.0
104.0
141.0
109.0
113.0
137.0
110.0
138.0
89.0
145.0
104.0
112.0
146.0
109.0
142.0
113.0
138.0
105.0
100.0
142.0
106.0
107.0
104.0
143.0
106.0
110.0
138.0
107.0
106.0
141.0
89.0
142.0
99.0
110.0
109.0
108.0
107.0
138.0
109.0
138.0
111.0
139.0
105.0
106.0
141.0
109.0
110.0
141.0
110.0
144.0
109.0
109.0
141.0
105.0
134.0
106.0
138.0
109.0
137.0
100.0
144.0
102.0
139.0
112.0
136.0
108.0
109.0
109.0
144.0
100.0
140.0
109.0
144.0
110.0
109.0
109.0
114.0
109.0
138.0
105.0
109.0
547.0
141.0
109.0
146.0
101.0
141.0
108.0
145.0
107.0
140.0
106.0
144.0
110.0
138.0
114.0
109.0
142.0
111.0
112.0
140.0
111.0
140.0
100.0
141.0
113.0
138.0
108.0
106.0
106.0
138.0
109.0
135.0
108.0
142.0
114.0
144.0
111.0
137.0
107.0
142.0
110.0
144.0
108.0
138.0
95.0
141.0
106.0
138.0
113.0
110.0
140.0
100.0
140.0
106.0
105.0
111.0
141.0
109.0
109.0
138.0
106.0
136.0
108.0
139.0
106.0
109.0
102.0
137.0
104.0
97.0
137.0
108.0
137.0
112.0
109.0
105.0
136.0
109.0
110.0
139.0
109.0
133.0
100.0
141.0
112.0
142.0
110.0
140.0
106.0
146.0
109.0
109.0
140.0
112.0
106.0
138.0
115.0
105.0
106.0
109.0
110.0
133.0
107.0
109.0
139.0
109.0
141.0
109.0
142.0
108.0
141.0
105.0
142.0
110.0
138.0
110.0
112.0
138.0
100.0
139.0
107.0
136.0
112.0
140.0
106.0
106.0
109.0
109.0
109.0
138.0
109.0
137.0
107.0
140.0
107.0
144.0
111.0
102.0
107.0
557.0
139.0
107.0
106.0
138.0
108.0
138.0
107.0
110.0
107.0
109.0
104.0
141.0
106.0
107.0
138.0
108.0
143.0
105.0
139.0
104.0
142.0
108.0
111.0
108.0
140.0
106.0
141.0
107.0
109.0
104.0
111.0
142.0
109.0
138.0
110.0
113.0
140.0
111.0
106.0
146.0
107.0
106.0
102.0
407.0
142.0
108.0
137.0
111.0
142.0
109.0
113.0
110.0
109.0
137.0
111.0
110.0
108.0
106.0
141.0
106.0
141.0
109.0
139.0
106.0
154.0
109.0
66.0
156.0
109.0
105.0
160.0
138.0
105.0
138.0
109.0
109.0
142.0
104.0
141.0
108.0
106.0
110.0
137.0
110.0
141.0
622.0
138.0
107.0
109.0
113.0
138.0
109.0
106.0
113.0
141.0
104.0
504.0
142.0
110.0
103.0
110.0
105.0
109.0
107.0
139.0
112.0
106.0
139.0
105.0
101.0
111.0
138.0
109.0
109.0
98.0
109.0
141.0
107.0
138.0
108.0
108.0
141.0
106.0
106.0
137.0
109.0
138.0
107.0
141.0
109.0
107.0
106.0
107.0
107.0
107.0
136.0
109.0
111.0
141.0
104.0
110.0
138.0
105.0
134.0
104.0
107.0
106.0
144.0
109.0
110.0
141.0
97.0
141.0
106.0
110.0
110.0
96.0
139.0
113.0
166.0
138.0
110.0
110.0
106.0
138.0
438.0
104.0
142.0
111.0
139.0
110.0
141.0
109.0
109.0
140.0
115.0
139.0
106.0
142.0
109.0
141.0
109.0
140.0
111.0
107.0
138.0
87.0
105.0
110.0
138.0
111.0
142.0
105.0
88.0
141.0
104.0
101.0
102.0
103.0
109.0
111.0
139.0
270.0
104.0
141.0
112.0
141.0
111.0
134.0
103.0
105.0
138.0
109.0
96.0
109.0
109.0
142.0
106.0
107.0
97.0
140.0
108.0
107.0
141.0
105.0
112.0
140.0
114.0
142.0
110.0
137.0
110.0
107.0
110.0
111.0
141.0
107.0
145.0
105.0
105.0
138.0
104.0
105.0
110.0
145.0
107.0
111.0
138.0
110.0
109.0
109.0
137.0
108.0
107.0
111.0
109.0
138.0
107.0
107.0
137.0
108.0
107.0
139.0
109.0
144.0
106.0
139.0
110.0
107.0
136.0
102.0
142.0
110.0
144.0
109.0
98.0
141.0
109.0
107.0
141.0
106.0
136.0
102.0
140.0
110.0
97.0
143.0
101.0
135.0
111.0
141.0
109.0
144.0
106.0
106.0
136.0
103.0
135.0
106.0
103.0
109.0
109.0
137.0
109.0
110.0
106.0
139.0
105.0
109.0
113.0
108.0
140.0
109.0
108.0
113.0
141.0
103.0
102.0
108.0
109.0
107.0
109.0
109.0
137.0
99.0
102.0
141.0
101.0
145.0
107.0
84.0
145.0
109.0
136.0
106.0
107.0
141.0
203.0
107.0
135.0
106.0
138.0
105.0
140.0
106.0
106.0
138.0
111.0
139.0
110.0
144.0
105.0
138.0
105.0
138.0
110.0
136.0
185.0
137.0
110.0
110.0
141.0
109.0
135.0
107.0
139.0
109.0
106.0
139.0
104.0
140.0
94.0
137.0
109.0
107.0
137.0
111.0
109.0
139.0
108.0
137.0
103.0
143.0
105.0
142.0
109.0
144.0
109.0
137.0
109.0
102.0
109.0
139.0
99.0
107.0
144.0
111.0
140.0
108.0
133.0
104.0
137.0
93.0
144.0
105.0
106.0
139.0
111.0
140.0
106.0
141.0
113.0
142.0
106.0
108.0
141.0
111.0
483.0
140.0
105.0
141.0
110.0
106.0
138.0
105.0
141.0
110.0
109.0
140.0
108.0
107.0
110.0
141.0
108.0
142.0
109.0
139.0
112.0
109.0
141.0
106.0
137.0
101.0
144.0
98.0
139.0
107.0
137.0
103.0
141.0
107.0
111.0
138.0
109.0
144.0
108.0
141.0
107.0
137.0
109.0
106.0
111.0
139.0
432.0
109.0
109.0
110.0
135.0
106.0
106.0
110.0
137.0
106.0
140.0
106.0
138.0
110.0
140.0
104.0
141.0
110.0
143.0
100.0
141.0
109.0
110.0
142.0
111.0
107.0
137.0
110.0
110.0
109.0
93.0
138.0
111.0
141.0
108.0
139.0
107.0
110.0
139.0
110.0
142.0
106.0
141.0
106.0
144.0
106.0
142.0
109.0
138.0
110.0
140.0
106.0
138.0
110.0
141.0
106.0
139.0
116.0
108.0
107.0
111.0
109.0
110.0
109.0
109.0
142.0
107.0
141.0
107.0
109.0
109.0
139.0
110.0
107.0
138.0
106.0
136.0
193.0
144.0
107.0
180.0
139.0
112.0
138.0
102.0
139.0
106.0
100.0
142.0
109.0
141.0
104.0
141.0
107.0
104.0
110.0
104.0
138.0
106.0
141.0
108.0
141.0
109.0
142.0
106.0
143.0
104.0
138.0
112.0
136.0
108.0
139.0
107.0
139.0
110.0
141.0
270.0
110.0
139.0
107.0
110.0
108.0
138.0
109.0
146.0
107.0
140.0
106.0
141.0
110.0
138.0
109.0
108.0
109.0
139.0
103.0
143.0
108.0
141.0
110.0
138.0
105.0
100.0
107.0
107.0
137.0
109.0
141.0
107.0
140.0
110.0
105.0
141.0
106.0
145.0
105.0
139.0
104.0
141.0
108.0
138.0
105.0
111.0
117.0
137.0
106.0
109.0
141.0
106.0
105.0
140.0
93.0
138.0
97.0
140.0
109.0
141.0
108.0
142.0
99.0
105.0
109.0
105.0
105.0
140.0
106.0
110.0
135.0
105.0
107.0
138.0
114.0
141.0
109.0
138.0
109.0
137.0
109.0
109.0
114.0
107.0
107.0
102.0
140.0
105.0
98.0
142.0
111.0
138.0
108.0
139.0
105.0
137.0
111.0
110.0
96.0
142.0
107.0
109.0
136.0
108.0
109.0
134.0
103.0
142.0
108.0
139.0
109.0
104.0
112.0
141.0
112.0
113.0
107.0
108.0
140.0
104.0
143.0
110.0
137.0
111.0
138.0
108.0
139.0
108.0
141.0
108.0
141.0
110.0
142.0
109.0
144.0
113.0
105.0
108.0
108.0
114.0
107.0
139.0
101.0
106.0
104.0
109.0
134.0
109.0
140.0
104.0
136.0
109.0
148.0
685.0
101.0
108.0
138.0
98.0
142.0
183.0
106.0
141.0
108.0
140.0
109.0
138.0
107.0
138.0
101.0
141.0
107.0
139.0
112.0
137.0
113.0
140.0
107.0
136.0
110.0
111.0
140.0
107.0
140.0
167.0
109.0
99.0
140.0
109.0
112.0
142.0
107.0
144.0
106.0
141.0
109.0
136.0
110.0
108.0
110.0
107.0
109.0
136.0
110.0
141.0
106.0
136.0
106.0
140.0
111.0
136.0
106.0
112.0
107.0
141.0
107.0
137.0
106.0
110.0
136.0
108.0
141.0
107.0
139.0
112.0
112.0
142.0
111.0
141.0
102.0
107.0
141.0
106.0
155.0
107.0
102.0
110.0
140.0
108.0
136.0
109.0
141.0
106.0
111.0
141.0
109.0
138.0
104.0
112.0
139.0
104.0
108.0
140.0
101.0
140.0
109.0
109.0
144.0
113.0
134.0
279.0
144.0
108.0
105.0
110.0
101.0
108.0
142.0
105.0
138.0
108.0
143.0
102.0
138.0
108.0
141.0
107.0
140.0
109.0
141.0
109.0
138.0
109.0
141.0
107.0
140.0
104.0
144.0
106.0
136.0
221.0
139.0
109.0
102.0
137.0
337.0
142.0
110.0
110.0
139.0
97.0
138.0
102.0
141.0
108.0
141.0
105.0
142.0
338.0
138.0
109.0
113.0
104.0
103.0
142.0
111.0
141.0
108.0
108.0
133.0
113.0
136.0
104.0
141.0
107.0
140.0
108.0
144.0
112.0
133.0
102.0
367.0
104.0
111.0
142.0
109.0
139.0
108.0
141.0
106.0
108.0
109.0
106.0
134.0
113.0
109.0
107.0
109.0
138.0
109.0
106.0
111.0
144.0
106.0
140.0
106.0
137.0
108.0
107.0
140.0
98.0
138.0
108.0
141.0
109.0
138.0
109.0
107.0
105.0
107.0
138.0
107.0
114.0
142.0
110.0
110.0
140.0
107.0
109.0
107.0
136.0
106.0
141.0
112.0
141.0
109.0
110.0
140.0
110.0
138.0
108.0
133.0
109.0
110.0
106.0
139.0
109.0
138.0
111.0
102.0
140.0
106.0
108.0
106.0
106.0
141.0
107.0
138.0
112.0
139.0
111.0
136.0
251.0
141.0
109.0
110.0
141.0
105.0
137.0
109.0
140.0
106.0
141.0
109.0
109.0
140.0
107.0
81.0
148.0
104.0
143.0
110.0
144.0
100.0
108.0
141.0
112.0
104.0
110.0
107.0
109.0
139.0
112.0
106.0
138.0
109.0
139.0
107.0
138.0
107.0
137.0
107.0
138.0
108.0
146.0
107.0
144.0
106.0
109.0
137.0
105.0
140.0
109.0
138.0
109.0
144.0
107.0
110.0
142.0
106.0
97.0
144.0
110.0
137.0
106.0
138.0
98.0
108.0
142.0
106.0
137.0
110.0
139.0
113.0
138.0
105.0
104.0
101.0
142.0
93.0
107.0
143.0
112.0
109.0
105.0
108.0
106.0
141.0
106.0
142.0
113.0
104.0
103.0
137.0
100.0
142.0
101.0
139.0
110.0
110.0
137.0
98.0
141.0
112.0
112.0
106.0
140.0
110.0
112.0
141.0
106.0
160.0
112.0
106.0
108.0
110.0
106.0
107.0
137.0
103.0
109.0
107.0
136.0
106.0
100.0
139.0
108.0
137.0
94.0
134.0
109.0
107.0
105.0
137.0
106.0
141.0
112.0
107.0
141.0
106.0
108.0
108.0
141.0
107.0
144.0
110.0
139.0
110.0
140.0
110.0
138.0
98.0
138.0
108.0
137.0
112.0
138.0
223.0
105.0
138.0
108.0
109.0
137.0
114.0
141.0
105.0
105.0
109.0
144.0
113.0
109.0
140.0
106.0
141.0
109.0
108.0
141.0
98.0
143.0
104.0
141.0
108.0
100.0
138.0
109.0
109.0
104.0
102.0
109.0
140.0
110.0
139.0
108.0
110.0
139.0
110.0
111.0
112.0
133.0
174.0
109.0
107.0
113.0
110.0
157.0
141.0
111.0
108.0
108.0
106.0
106.0
137.0
100.0
139.0
107.0
108.0
136.0
109.0
112.0
110.0
109.0
105.0
142.0
98.0
113.0
137.0
111.0
104.0
138.0
113.0
110.0
105.0
136.0
106.0
107.0
138.0
104.0
136.0
109.0
105.0
139.0
106.0
145.0
104.0
139.0
105.0
137.0
110.0
113.0
90.0
141.0
96.0
139.0
112.0
138.0
110.0
109.0
105.0
141.0
107.0
106.0
103.0
142.0
106.0
102.0
110.0
141.0
108.0
109.0
111.0
140.0
109.0
111.0
107.0
140.0
108.0
107.0
109.0
137.0
106.0
105.0
106.0
142.0
106.0
107.0
139.0
108.0
137.0
105.0
142.0
106.0
137.0
110.0
105.0
138.0
109.0
112.0
138.0
109.0
141.0
110.0
112.0
142.0
109.0
105.0
109.0
107.0
112.0
140.0
102.0
138.0
216.0
109.0
100.0
139.0
110.0
108.0
106.0
106.0
105.0
134.0
103.0
145.0
111.0
112.0
106.0
137.0
106.0
137.0
106.0
112.0
141.0
105.0
139.0
104.0
105.0
106.0
106.0
141.0
109.0
138.0
105.0
136.0
105.0
112.0
107.0
141.0
114.0
100.0
136.0
104.0
135.0
112.0
106.0
137.0
111.0
147.0
103.0
107.0
137.0
108.0
109.0
108.0
140.0
108.0
138.0
104.0
144.0
106.0
141.0
111.0
141.0
100.0
140.0
99.0
139.0
107.0
113.0
106.0
138.0
108.0
112.0
106.0
107.0
141.0
110.0
109.0
137.0
109.0
186.0
140.0
107.0
111.0
139.0
104.0
138.0
111.0
139.0
98.0
141.0
106.0
142.0
107.0
109.0
144.0
112.0
104.0
106.0
106.0
110.0
109.0
136.0
106.0
140.0
95.0
144.0
107.0
138.0
101.0
138.0
107.0
141.0
109.0
136.0
110.0
109.0
141.0
105.0
105.0
104.0
106.0
139.0
110.0
111.0
139.0
108.0
106.0
135.0
107.0
136.0
104.0
137.0
109.0
110.0
106.0
137.0
112.0
140.0
105.0
140.0
104.0
142.0
111.0
141.0
109.0
109.0
138.0
110.0
108.0
141.0
106.0
137.0
108.0
139.0
107.0
141.0
111.0
105.0
110.0
110.0
107.0
144.0
109.0
138.0
105.0
140.0
78.0
145.0
108.0
108.0
139.0
104.0
110.0
109.0
140.0
108.0
107.0
106.0
110.0
139.0
112.0
139.0
102.0
141.0
98.0
137.0
108.0
113.0
106.0
140.0
106.0
140.0
131.0
105.0
141.0
107.0
110.0
138.0
109.0
141.0
110.0
110.0
141.0
113.0
105.0
106.0
142.0
106.0
144.0
102.0
141.0
108.0
109.0
107.0
108.0
137.0
202.0
108.0
109.0
109.0
142.0
106.0
106.0
136.0
107.0
143.0
111.0
110.0
109.0
139.0
115.0
141.0
107.0
99.0
144.0
105.0
139.0
111.0
137.0
110.0
138.0
108.0
106.0
109.0
138.0
106.0
141.0
105.0
108.0
134.0
114.0
142.0
113.0
141.0
104.0
142.0
110.0
143.0
114.0
106.0
108.0
140.0
107.0
139.0
107.0
142.0
113.0
108.0
141.0
111.0
100.0
141.0
112.0
137.0
110.0
101.0
110.0
495.0
142.0
101.0
139.0
108.0
105.0
104.0
109.0
115.0
139.0
103.0
141.0
106.0
139.0
103.0
106.0
113.0
141.0
105.0
137.0
109.0
141.0
107.0
139.0
103.0
111.0
146.0
539.0
142.0
112.0
109.0
136.0
107.0
137.0
108.0
136.0
109.0
116.0
141.0
106.0
110.0
108.0
106.0
108.0
141.0
109.0
141.0
107.0
140.0
112.0
140.0
108.0
109.0
166.0
144.0
105.0
139.0
106.0
137.0
101.0
136.0
109.0
107.0
138.0
520.0
141.0
107.0
102.0
141.0
113.0
142.0
108.0
139.0
102.0
110.0
137.0
104.0
138.0
199.0
138.0
108.0
145.0
116.0
139.0
109.0
139.0
110.0
139.0
112.0
141.0
108.0
106.0
137.0
109.0
113.0
139.0
106.0
107.0
108.0
141.0
107.0
139.0
108.0
138.0
109.0
105.0
104.0
137.0
109.0
136.0
104.0
110.0
104.0
137.0
105.0
102.0
139.0
109.0
98.0
141.0
108.0
107.0
104.0
137.0
104.0
109.0
136.0
109.0
113.0
139.0
106.0
102.0
140.0
109.0
108.0
140.0
98.0
111.0
140.0
105.0
108.0
139.0
111.0
139.0
111.0
135.0
106.0
110.0
107.0
99.0
140.0
103.0
110.0
139.0
104.0
143.0
106.0
139.0
110.0
141.0
104.0
105.0
139.0
112.0
109.0
141.0
108.0
138.0
101.0
108.0
108.0
134.0
103.0
142.0
106.0
144.0
98.0
140.0
106.0
112.0
138.0
110.0
138.0
114.0
142.0
106.0
142.0
141.0
116.0
109.0
140.0
111.0
136.0
108.0
139.0
93.0
144.0
109.0
109.0
109.0
138.0
103.0
111.0
108.0
107.0
111.0
109.0
142.0
107.0
113.0
109.0
140.0
107.0
100.0
141.0
107.0
139.0
108.0
109.0
135.0
99.0
141.0
111.0
139.0
103.0
107.0
135.0
108.0
141.0
517.0
145.0
110.0
142.0
107.0
138.0
109.0
107.0
106.0
138.0
523.0
106.0
139.0
102.0
141.0
109.0
113.0
141.0
106.0
141.0
532.0
147.0
107.0
141.0
105.0
139.0
505.0
139.0
102.0
139.0
106.0
140.0
107.0
142.0
107.0
141.0
110.0
110.0
140.0
109.0
139.0
107.0
139.0
109.0
144.0
110.0
99.0
138.0
110.0
141.0
106.0
112.0
133.0
116.0
144.0
105.0
142.0
104.0
106.0
139.0
102.0
102.0
141.0
99.0
110.0
101.0
109.0
106.0
138.0
108.0
109.0
101.0
144.0
109.0
139.0
109.0
109.0
144.0
112.0
108.0
141.0
109.0
141.0
107.0
106.0
103.0
137.0
110.0
102.0
140.0
109.0
142.0
106.0
146.0
104.0
138.0
188.0
141.0
107.0
140.0
111.0
257.0
111.0
138.0
106.0
100.0
142.0
104.0
106.0
107.0
133.0
100.0
139.0
108.0
138.0
98.0
139.0
112.0
112.0
111.0
137.0
100.0
137.0
113.0
104.0
136.0
105.0
437.0
143.0
108.0
141.0
110.0
141.0
112.0
105.0
138.0
104.0
107.0
108.0
135.0
106.0
106.0
146.0
106.0
110.0
140.0
112.0
109.0
134.0
107.0
105.0
111.0
114.0
106.0
107.0
170.0
138.0
105.0
137.0
107.0
106.0
141.0
108.0
108.0
142.0
109.0
142.0
104.0
139.0
104.0
141.0
104.0
136.0
108.0
136.0
106.0
138.0
111.0
109.0
105.0
112.0
109.0
110.0
109.0
138.0
106.0
106.0
106.0
142.0
107.0
141.0
111.0
230.0
111.0
141.0
111.0
143.0
109.0
112.0
145.0
106.0
106.0
110.0
110.0
111.0
106.0
136.0
102.0
138.0
108.0
142.0
105.0
141.0
107.0
141.0
106.0
106.0
105.0
134.0
109.0
141.0
104.0
111.0
107.0
109.0
144.0
113.0
107.0
139.0
106.0
143.0
107.0
136.0
109.0
110.0
137.0
106.0
105.0
104.0
141.0
105.0
109.0
108.0
96.0
141.0
104.0
139.0
106.0
141.0
85.0
140.0
107.0
105.0
110.0
141.0
108.0
133.0
114.0
135.0
61.0
162.0
110.0
136.0
102.0
139.0
109.0
110.0
107.0
107.0
138.0
107.0
141.0
112.0
142.0
109.0
137.0
108.0
106.0
139.0
107.0
141.0
110.0
142.0
112.0
110.0
108.0
98.0
106.0
138.0
94.0
136.0
107.0
109.0
106.0
137.0
106.0
141.0
110.0
133.0
98.0
138.0
102.0
139.0
108.0
140.0
106.0
138.0
105.0
143.0
106.0
138.0
106.0
135.0
96.0
136.0
112.0
141.0
109.0
107.0
138.0
106.0
144.0
111.0
139.0
111.0
138.0
108.0
110.0
139.0
109.0
107.0
138.0
104.0
141.0
105.0
107.0
106.0
138.0
102.0
109.0
141.0
109.0
141.0
106.0
138.0
106.0
109.0
108.0
106.0
140.0
107.0
112.0
113.0
112.0
141.0
112.0
142.0
108.0
109.0
138.0
107.0
142.0
112.0
109.0
140.0
104.0
141.0
105.0
105.0
111.0
102.0
107.0
165.0
139.0
109.0
144.0
106.0
88.0
141.0
107.0
110.0
134.0
80.0
143.0
109.0
139.0
104.0
112.0
102.0
105.0
136.0
107.0
113.0
110.0
105.0
104.0
139.0
109.0
105.0
136.0
108.0
145.0
107.0
141.0
110.0
139.0
98.0
136.0
107.0
140.0
100.0
138.0
111.0
106.0
106.0
140.0
110.0
139.0
107.0
137.0
110.0
137.0
109.0
107.0
137.0
106.0
144.0
109.0
106.0
139.0
199.0
135.0
110.0
140.0
109.0
139.0
114.0
102.0
143.0
106.0
137.0
204.0
137.0
113.0
139.0
105.0
137.0
116.0
137.0
107.0
106.0
99.0
107.0
141.0
109.0
134.0
112.0
111.0
136.0
109.0
107.0
112.0
139.0
110.0
137.0
102.0
140.0
115.0
110.0
136.0
114.0
137.0
110.0
101.0
141.0
107.0
109.0
141.0
111.0
475.0
139.0
101.0
112.0
137.0
102.0
139.0
108.0
110.0
141.0
107.0
106.0
140.0
77.0
146.0
112.0
105.0
110.0
104.0
108.0
138.0
107.0
111.0
139.0
109.0
136.0
111.0
110.0
136.0
109.0
142.0
108.0
112.0
141.0
103.0
141.0
108.0
94.0
141.0
107.0
140.0
109.0
113.0
138.0
110.0
108.0
141.0
112.0
107.0
138.0
105.0
142.0
106.0
108.0
141.0
106.0
141.0
113.0
111.0
140.0
109.0
141.0
110.0
109.0
105.0
141.0
105.0
108.0
139.0
108.0
138.0
110.0
144.0
107.0
138.0
105.0
110.0
105.0
139.0
112.0
138.0
80.0
149.0
110.0
139.0
106.0
90.0
145.0
109.0
139.0
106.0
109.0
139.0
109.0
106.0
106.0
140.0
106.0
106.0
139.0
104.0
106.0
141.0
104.0
136.0
107.0
110.0
110.0
138.0
90.0
140.0
109.0
138.0
97.0
106.0
106.0
140.0
97.0
100.0
109.0
109.0
107.0
142.0
105.0
102.0
108.0
144.0
107.0
100.0
140.0
109.0
141.0
106.0
142.0
87.0
141.0
114.0
111.0
136.0
106.0
92.0
144.0
106.0
108.0
106.0
110.0
142.0
109.0
107.0
137.0
108.0
133.0
111.0
139.0
104.0
138.0
97.0
108.0
139.0
111.0
142.0
110.0
103.0
141.0
109.0
139.0
105.0
105.0
108.0
139.0
106.0
111.0
110.0
106.0
138.0
108.0
141.0
112.0
141.0
185.0
108.0
141.0
98.0
137.0
106.0
105.0
143.0
112.0
139.0
105.0
108.0
139.0
112.0
113.0
134.0
110.0
109.0
142.0
107.0
106.0
136.0
109.0
108.0
109.0
136.0
97.0
140.0
109.0
93.0
140.0
97.0
144.0
106.0
141.0
107.0
144.0
112.0
109.0
138.0
112.0
140.0
107.0
141.0
105.0
137.0
111.0
141.0
103.0
143.0
102.0
141.0
113.0
107.0
132.0
104.0
104.0
107.0
107.0
138.0
117.0
112.0
144.0
108.0
138.0
104.0
147.0
109.0
105.0
133.0
109.0
101.0
109.0
142.0
58.0
162.0
109.0
112.0
110.0
140.0
96.0
136.0
103.0
109.0
144.0
109.0
106.0
142.0
106.0
106.0
114.0
108.0
109.0
139.0
109.0
138.0
105.0
107.0
136.0
111.0
140.0
106.0
111.0
138.0
106.0
141.0
105.0
109.0
107.0
140.0
105.0
137.0
112.0
107.0
139.0
106.0
103.0
142.0
109.0
109.0
139.0
106.0
114.0
111.0
139.0
106.0
139.0
104.0
137.0
110.0
136.0
108.0
106.0
139.0
109.0
139.0
98.0
138.0
103.0
109.0
109.0
180.0
141.0
105.0
108.0
106.0
146.0
224.0
104.0
141.0
110.0
109.0
106.0
141.0
105.0
110.0
103.0
106.0
96.0
107.0
141.0
110.0
138.0
114.0
106.0
141.0
106.0
104.0
103.0
110.0
107.0
109.0
108.0
109.0
144.0
104.0
143.0
110.0
141.0
112.0
107.0
139.0
109.0
138.0
110.0
145.0
107.0
97.0
141.0
106.0
140.0
109.0
140.0
111.0
139.0
113.0
103.0
139.0
106.0
139.0
109.0
137.0
105.0
142.0
107.0
137.0
110.0
139.0
106.0
141.0
109.0
105.0
112.0
140.0
99.0
138.0
105.0
140.0
104.0
141.0
109.0
108.0
105.0
108.0
142.0
99.0
109.0
144.0
108.0
139.0
250.0
107.0
140.0
106.0
112.0
141.0
101.0
138.0
109.0
146.0
106.0
113.0
141.0
104.0
139.0
110.0
107.0
107.0
78.0
141.0
105.0
109.0
110.0
136.0
109.0
142.0
105.0
114.0
112.0
144.0
109.0
137.0
106.0
142.0
114.0
105.0
141.0
106.0
141.0
107.0
143.0
109.0
141.0
111.0
138.0
107.0
109.0
111.0
104.0
107.0
109.0
107.0
111.0
108.0
138.0
106.0
138.0
107.0
138.0
108.0
137.0
110.0
112.0
109.0
141.0
104.0
105.0
140.0
105.0
141.0
110.0
109.0
140.0
110.0
144.0
108.0
140.0
107.0
104.0
109.0
114.0
146.0
104.0
111.0
109.0
108.0
141.0
105.0
692.0
105.0
118.0
139.0
197.0
109.0
142.0
110.0
108.0
142.0
106.0
104.0
136.0
110.0
136.0
109.0
104.0
96.0
93.0
140.0
108.0
145.0
108.0
353.0
139.0
108.0
110.0
140.0
106.0
100.0
138.0
90.0
141.0
98.0
227.0
144.0
107.0
106.0
107.0
104.0
102.0
138.0
101.0
140.0
105.0
106.0
142.0
107.0
137.0
105.0
137.0
104.0
139.0
112.0
138.0
106.0
135.0
106.0
137.0
106.0
113.0
139.0
105.0
139.0
111.0
139.0
111.0
139.0
105.0
111.0
107.0
114.0
137.0
107.0
137.0
109.0
139.0
109.0
144.0
106.0
104.0
139.0
109.0
109.0
137.0
104.0
141.0
110.0
111.0
140.0
109.0
109.0
135.0
104.0
139.0
110.0
141.0
109.0
203.0
140.0
102.0
144.0
112.0
109.0
138.0
105.0
103.0
144.0
105.0
106.0
110.0
106.0
109.0
111.0
139.0
110.0
402.0
141.0
105.0
142.0
105.0
111.0
93.0
108.0
141.0
106.0
139.0
111.0
105.0
109.0
106.0
139.0
112.0
109.0
139.0
108.0
110.0
107.0
143.0
105.0
112.0
110.0
112.0
105.0
90.0
144.0
109.0
105.0
110.0
107.0
106.0
134.0
106.0
138.0
219.0
137.0
103.0
137.0
105.0
138.0
109.0
106.0
108.0
138.0
103.0
138.0
109.0
112.0
143.0
106.0
106.0
141.0
107.0
141.0
106.0
140.0
104.0
107.0
142.0
104.0
106.0
138.0
108.0
105.0
102.0
140.0
212.0
138.0
109.0
143.0
105.0
136.0
110.0
111.0
108.0
138.0
106.0
137.0
100.0
158.0
107.0
141.0
107.0
106.0
139.0
109.0
107.0
142.0
109.0
109.0
106.0
105.0
111.0
104.0
140.0
106.0
112.0
113.0
104.0
106.0
142.0
108.0
141.0
106.0
138.0
109.0
103.0
137.0
107.0
143.0
112.0
108.0
140.0
109.0
142.0
111.0
142.0
106.0
544.0
142.0
109.0
138.0
113.0
142.0
104.0
143.0
107.0
110.0
140.0
108.0
136.0
110.0
107.0
138.0
104.0
110.0
141.0
109.0
105.0
137.0
107.0
137.0
108.0
110.0
113.0
138.0
98.0
141.0
105.0
135.0
106.0
139.0
109.0
108.0
107.0
140.0
109.0
142.0
107.0
137.0
108.0
142.0
102.0
139.0
106.0
135.0
105.0
140.0
105.0
135.0
104.0
136.0
103.0
137.0
101.0
109.0
139.0
104.0
137.0
106.0
139.0
109.0
137.0
107.0
132.0
109.0
133.0
109.0
143.0
112.0
138.0
107.0
109.0
103.0
134.0
107.0
140.0
109.0
105.0
140.0
107.0
138.0
110.0
106.0
114.0
106.0
101.0
106.0
138.0
106.0
141.0
97.0
141.0
101.0
141.0
102.0
145.0
356.0
139.0
108.0
109.0
110.0
140.0
106.0
140.0
107.0
111.0
142.0
106.0
140.0
110.0
138.0
108.0
94.0
106.0
136.0
111.0
138.0
109.0
104.0
136.0
109.0
138.0
106.0
138.0
110.0
106.0
139.0
110.0
138.0
104.0
138.0
108.0
136.0
108.0
140.0
104.0
140.0
106.0
138.0
109.0
138.0
105.0
103.0
141.0
102.0
137.0
107.0
106.0
104.0
141.0
106.0
141.0
112.0
106.0
106.0
108.0
111.0
107.0
139.0
108.0
141.0
109.0
137.0
114.0
142.0
108.0
137.0
106.0
101.0
107.0
108.0
112.0
141.0
106.0
140.0
101.0
137.0
107.0
139.0
104.0
108.0
106.0
110.0
113.0
136.0
109.0
107.0
112.0
142.0
102.0
139.0
98.0
139.0
105.0
139.0
101.0
138.0
104.0
140.0
109.0
141.0
113.0
138.0
107.0
138.0
107.0
139.0
112.0
138.0
105.0
106.0
524.0
140.0
105.0
141.0
102.0
140.0
110.0
105.0
138.0
104.0
139.0
101.0
140.0
106.0
108.0
108.0
108.0
139.0
284.0
143.0
108.0
107.0
112.0
140.0
111.0
140.0
109.0
144.0
112.0
138.0
112.0
107.0
138.0
233.0
142.0
111.0
104.0
137.0
110.0
137.0
106.0
135.0
108.0
106.0
138.0
98.0
138.0
106.0
141.0
104.0
136.0
106.0
138.0
109.0
107.0
105.0
108.0
141.0
90.0
137.0
109.0
136.0
106.0
137.0
108.0
111.0
107.0
141.0
103.0
109.0
101.0
138.0
111.0
104.0
138.0
108.0
136.0
110.0
137.0
107.0
105.0
226.0
109.0
137.0
101.0
140.0
106.0
108.0
139.0
106.0
139.0
107.0
110.0
138.0
110.0
112.0
138.0
104.0
142.0
114.0
91.0
106.0
144.0
107.0
94.0
144.0
106.0
107.0
139.0
106.0
99.0
141.0
109.0
139.0
111.0
138.0
110.0
109.0
140.0
110.0
450.0
146.0
113.0
133.0
106.0
110.0
138.0
114.0
139.0
112.0
138.0
99.0
135.0
111.0
133.0
106.0
105.0
109.0
140.0
110.0
109.0
114.0
110.0
106.0
112.0
143.0
112.0
139.0
470.0
141.0
111.0
137.0
109.0
103.0
141.0
107.0
112.0
145.0
105.0
108.0
140.0
106.0
140.0
108.0
107.0
106.0
141.0
105.0
142.0
98.0
134.0
110.0
140.0
107.0
143.0
107.0
101.0
146.0
106.0
143.0
106.0
142.0
107.0
136.0
109.0
110.0
111.0
111.0
142.0
100.0
139.0
110.0
110.0
140.0
89.0
144.0
105.0
138.0
101.0
142.0
113.0
109.0
136.0
110.0
140.0
110.0
108.0
100.0
144.0
107.0
106.0
109.0
106.0
107.0
109.0
136.0
110.0
144.0
106.0
138.0
110.0
110.0
140.0
104.0
110.0
136.0
109.0
108.0
107.0
106.0
106.0
144.0
109.0
139.0
107.0
111.0
138.0
102.0
109.0
106.0
102.0
113.0
104.0
138.0
110.0
137.0
107.0
143.0
108.0
112.0
141.0
108.0
107.0
138.0
106.0
105.0
139.0
110.0
139.0
104.0
105.0
136.0
101.0
137.0
105.0
141.0
111.0
107.0
141.0
111.0
101.0
108.0
139.0
109.0
106.0
141.0
111.0
101.0
137.0
109.0
141.0
109.0
144.0
102.0
142.0
109.0
108.0
141.0
109.0
106.0
142.0
109.0
140.0
109.0
142.0
107.0
108.0
141.0
109.0
106.0
104.0
112.0
141.0
102.0
109.0
138.0
171.0
138.0
106.0
106.0
137.0
105.0
110.0
139.0
108.0
109.0
109.0
141.0
107.0
138.0
107.0
141.0
98.0
112.0
138.0
100.0
138.0
113.0
98.0
138.0
112.0
140.0
98.0
109.0
140.0
98.0
566.0
144.0
106.0
144.0
106.0
135.0
108.0
138.0
111.0
141.0
108.0
141.0
110.0
106.0
139.0
106.0
109.0
138.0
108.0
102.0
140.0
111.0
106.0
88.0
142.0
110.0
105.0
105.0
102.0
138.0
110.0
138.0
108.0
141.0
111.0
139.0
109.0
110.0
113.0
107.0
110.0
104.0
140.0
105.0
137.0
111.0
107.0
141.0
110.0
139.0
105.0
101.0
105.0
139.0
109.0
138.0
112.0
109.0
110.0
137.0
101.0
135.0
110.0
111.0
112.0
139.0
109.0
141.0
109.0
112.0
106.0
142.0
108.0
141.0
107.0
140.0
106.0
139.0
106.0
106.0
106.0
145.0
108.0
106.0
138.0
107.0
113.0
145.0
110.0
144.0
108.0
144.0
104.0
107.0
89.0
139.0
110.0
142.0
106.0
103.0
106.0
107.0
138.0
108.0
110.0
140.0
106.0
106.0
137.0
107.0
112.0
139.0
113.0
106.0
139.0
109.0
141.0
109.0
109.0
138.0
105.0
141.0
109.0
109.0
145.0
109.0
138.0
112.0
263.0
142.0
105.0
139.0
109.0
109.0
139.0
109.0
141.0
108.0
108.0
137.0
92.0
141.0
108.0
107.0
108.0
137.0
107.0
140.0
108.0
139.0
109.0
137.0
113.0
108.0
137.0
108.0
147.0
104.0
141.0
114.0
133.0
108.0
142.0
113.0
140.0
110.0
109.0
138.0
109.0
138.0
114.0
107.0
104.0
106.0
141.0
111.0
138.0
109.0
103.0
141.0
101.0
138.0
112.0
143.0
106.0
111.0
106.0
138.0
110.0
139.0
113.0
107.0
193.0
107.0
110.0
139.0
108.0
102.0
136.0
110.0
142.0
107.0
111.0
138.0
98.0
139.0
107.0
140.0
110.0
138.0
107.0
108.0
104.0
146.0
107.0
89.0
141.0
99.0
140.0
107.0
142.0
108.0
110.0
140.0
110.0
140.0
109.0
107.0
102.0
139.0
104.0
107.0
108.0
112.0
111.0
106.0
110.0
141.0
108.0
109.0
137.0
106.0
106.0
140.0
106.0
140.0
113.0
108.0
111.0
108.0
140.0
109.0
110.0
140.0
100.0
114.0
105.0
110.0
111.0
107.0
145.0
109.0
104.0
104.0
111.0
95.0
142.0
111.0
102.0
104.0
139.0
103.0
107.0
114.0
139.0
107.0
139.0
107.0
141.0
97.0
141.0
109.0
142.0
106.0
108.0
141.0
110.0
106.0
139.0
110.0
101.0
144.0
181.0
138.0
107.0
108.0
102.0
142.0
108.0
105.0
136.0
95.0
112.0
106.0
109.0
107.0
105.0
139.0
112.0
139.0
110.0
145.0
109.0
141.0
107.0
145.0
110.0
104.0
139.0
107.0
186.0
110.0
99.0
105.0
101.0
137.0
106.0
135.0
110.0
104.0
136.0
109.0
146.0
110.0
141.0
107.0
142.0
109.0
139.0
106.0
140.0
108.0
139.0
110.0
99.0
143.0
107.0
108.0
141.0
112.0
141.0
108.0
140.0
109.0
136.0
106.0
139.0
109.0
115.0
107.0
109.0
108.0
138.0
225.0
200.0
109.0
107.0
102.0
138.0
98.0
139.0
109.0
369.0
144.0
104.0
142.0
106.0
139.0
107.0
111.0
109.0
137.0
111.0
140.0
109.0
107.0
106.0
139.0
106.0
94.0
141.0
112.0
139.0
106.0
141.0
107.0
107.0
107.0
138.0
117.0
144.0
109.0
142.0
109.0
108.0
108.0
137.0
107.0
145.0
109.0
139.0
205.0
136.0
113.0
113.0
109.0
136.0
112.0
106.0
109.0
102.0
138.0
108.0
107.0
142.0
110.0
141.0
114.0
141.0
109.0
109.0
111.0
138.0
108.0
141.0
112.0
108.0
142.0
109.0
142.0
108.0
142.0
110.0
138.0
108.0
110.0
142.0
111.0
107.0
139.0
111.0
139.0
109.0
141.0
102.0
137.0
110.0
109.0
139.0
107.0
141.0
110.0
111.0
138.0
93.0
141.0
107.0
116.0
108.0
107.0
108.0
107.0
135.0
107.0
111.0
137.0
107.0
138.0
105.0
113.0
141.0
96.0
138.0
110.0
139.0
107.0
111.0
110.0
139.0
109.0
135.0
177.0
137.0
108.0
139.0
80.0
146.0
107.0
105.0
110.0
140.0
106.0
89.0
146.0
106.0
143.0
112.0
138.0
108.0
110.0
107.0
108.0
106.0
105.0
138.0
108.0
108.0
139.0
106.0
105.0
101.0
140.0
108.0
138.0
110.0
105.0
105.0
107.0
140.0
105.0
145.0
104.0
106.0
110.0
136.0
110.0
106.0
110.0
278.0
134.0
102.0
109.0
133.0
107.0
143.0
105.0
105.0
136.0
111.0
108.0
141.0
107.0
104.0
107.0
107.0
141.0
110.0
138.0
109.0
109.0
108.0
136.0
106.0
136.0
110.0
107.0
146.0
107.0
138.0
109.0
114.0
142.0
288.0
143.0
107.0
107.0
138.0
108.0
137.0
109.0
110.0
107.0
141.0
110.0
106.0
138.0
104.0
108.0
105.0
142.0
109.0
109.0
112.0
107.0
106.0
142.0
97.0
138.0
107.0
137.0
111.0
136.0
106.0
112.0
108.0
112.0
105.0
106.0
106.0
110.0
112.0
101.0
141.0
111.0
105.0
109.0
102.0
148.0
108.0
109.0
136.0
109.0
106.0
112.0
142.0
434.0
104.0
110.0
110.0
99.0
142.0
106.0
110.0
140.0
109.0
142.0
109.0
107.0
139.0
103.0
104.0
106.0
140.0
104.0
137.0
106.0
145.0
105.0
109.0
110.0
136.0
444.0
137.0
109.0
108.0
138.0
107.0
107.0
140.0
109.0
109.0
109.0
108.0
142.0
98.0
106.0
110.0
106.0
106.0
138.0
110.0
105.0
137.0
105.0
108.0
105.0
107.0
141.0
104.0
110.0
110.0
139.0
109.0
104.0
112.0
110.0
110.0
141.0
101.0
136.0
106.0
110.0
138.0
112.0
138.0
105.0
107.0
139.0
107.0
107.0
136.0
108.0
138.0
112.0
109.0
107.0
138.0
109.0
137.0
109.0
108.0
112.0
139.0
108.0
139.0
104.0
139.0
107.0
112.0
139.0
107.0
139.0
106.0
107.0
143.0
107.0
138.0
108.0
107.0
138.0
111.0
110.0
139.0
110.0
141.0
105.0
138.0
315.0
198.0
111.0
138.0
109.0
145.0
103.0
116.0
108.0
138.0
110.0
107.0
109.0
109.0
106.0
108.0
106.0
145.0
105.0
98.0
144.0
108.0
116.0
143.0
114.0
109.0
141.0
111.0
110.0
106.0
137.0
98.0
142.0
106.0
107.0
98.0
110.0
103.0
141.0
110.0
144.0
115.0
144.0
105.0
141.0
104.0
138.0
107.0
107.0
108.0
137.0
108.0
110.0
106.0
138.0
112.0
141.0
105.0
109.0
109.0
104.0
142.0
413.0
141.0
105.0
144.0
106.0
137.0
102.0
106.0
105.0
142.0
106.0
106.0
319.0
139.0
112.0
140.0
106.0
137.0
112.0
141.0
106.0
109.0
107.0
109.0
101.0
136.0
97.0
108.0
93.0
142.0
106.0
142.0
557.0
143.0
110.0
138.0
112.0
113.0
137.0
108.0
134.0
113.0
139.0
110.0
141.0
108.0
110.0
138.0
110.0
142.0
111.0
142.0
107.0
142.0
108.0
109.0
96.0
141.0
112.0
98.0
102.0
139.0
104.0
139.0
107.0
98.0
106.0
109.0
106.0
142.0
170.0
111.0
374.0
143.0
109.0
109.0
141.0
109.0
140.0
109.0
110.0
109.0
104.0
141.0
108.0
111.0
106.0
139.0
109.0
108.0
105.0
136.0
108.0
111.0
113.0
146.0
105.0
142.0
108.0
101.0
110.0
139.0
105.0
107.0
112.0
106.0
104.0
109.0
260.0
140.0
110.0
142.0
109.0
97.0
139.0
104.0
105.0
109.0
142.0
105.0
140.0
110.0
137.0
109.0
113.0
104.0
145.0
104.0
108.0
139.0
105.0
111.0
139.0
111.0
110.0
140.0
111.0
105.0
144.0
110.0
110.0
108.0
139.0
101.0
139.0
112.0
143.0
108.0
141.0
110.0
139.0
110.0
141.0
108.0
108.0
137.0
106.0
107.0
110.0
111.0
106.0
141.0
107.0
106.0
109.0
112.0
109.0
138.0
109.0
108.0
140.0
106.0
107.0
105.0
140.0
101.0
138.0
112.0
138.0
111.0
105.0
141.0
90.0
144.0
105.0
101.0
109.0
341.0
104.0
140.0
103.0
138.0
108.0
140.0
107.0
141.0
108.0
136.0
106.0
108.0
139.0
109.0
141.0
114.0
109.0
109.0
108.0
114.0
111.0
110.0
109.0
104.0
141.0
111.0
109.0
138.0
109.0
141.0
111.0
109.0
142.0
108.0
108.0
141.0
108.0
110.0
104.0
100.0
105.0
138.0
98.0
109.0
106.0
109.0
110.0
138.0
112.0
137.0
108.0
138.0
109.0
139.0
104.0
148.0
103.0
140.0
110.0
140.0
106.0
114.0
110.0
110.0
105.0
136.0
93.0
139.0
110.0
111.0
110.0
136.0
106.0
106.0
106.0
107.0
107.0
139.0
108.0
350.0
107.0
139.0
109.0
103.0
138.0
108.0
139.0
107.0
122.0
110.0
141.0
105.0
138.0
104.0
139.0
107.0
142.0
106.0
110.0
142.0
100.0
96.0
142.0
108.0
145.0
109.0
141.0
109.0
110.0
107.0
106.0
141.0
106.0
96.0
141.0
107.0
113.0
138.0
110.0
108.0
140.0
100.0
144.0
109.0
134.0
98.0
141.0
109.0
109.0
106.0
141.0
107.0
113.0
106.0
108.0
110.0
111.0
138.0
109.0
113.0
141.0
102.0
104.0
108.0
111.0
107.0
138.0
110.0
139.0
98.0
141.0
112.0
97.0
142.0
104.0
113.0
109.0
110.0
143.0
112.0
105.0
139.0
108.0
141.0
107.0
107.0
106.0
108.0
144.0
110.0
106.0
139.0
104.0
136.0
105.0
110.0
102.0
113.0
109.0
108.0
141.0
110.0
138.0
109.0
107.0
142.0
104.0
138.0
109.0
541.0
102.0
141.0
109.0
137.0
111.0
108.0
140.0
105.0
138.0
113.0
109.0
104.0
134.0
105.0
139.0
113.0
144.0
107.0
143.0
110.0
138.0
106.0
142.0
106.0
138.0
102.0
136.0
102.0
141.0
100.0
103.0
138.0
101.0
106.0
106.0
106.0
132.0
108.0
138.0
111.0
99.0
105.0
110.0
136.0
106.0
107.0
101.0
138.0
108.0
99.0
144.0
106.0
135.0
109.0
137.0
112.0
106.0
138.0
449.0
141.0
105.0
141.0
109.0
239.0
107.0
112.0
145.0
113.0
110.0
113.0
99.0
107.0
111.0
137.0
110.0
116.0
107.0
109.0
140.0
108.0
108.0
104.0
107.0
109.0
141.0
108.0
136.0
109.0
109.0
131.0
106.0
138.0
107.0
106.0
141.0
106.0
106.0
137.0
102.0
138.0
385.0
141.0
109.0
138.0
106.0
111.0
108.0
106.0
133.0
109.0
140.0
104.0
107.0
103.0
105.0
141.0
110.0
145.0
100.0
137.0
104.0
140.0
107.0
105.0
141.0
104.0
138.0
110.0
141.0
108.0
111.0
110.0
106.0
140.0
106.0
106.0
107.0
144.0
114.0
139.0
107.0
144.0
106.0
137.0
113.0
139.0
235.0
143.0
113.0
109.0
138.0
106.0
141.0
107.0
137.0
115.0
107.0
141.0
108.0
106.0
109.0
106.0
137.0
110.0
143.0
109.0
137.0
463.0
144.0
110.0
141.0
105.0
109.0
144.0
111.0
141.0
106.0
138.0
111.0
141.0
108.0
598.0
141.0
111.0
139.0
107.0
113.0
138.0
109.0
138.0
110.0
106.0
109.0
140.0
112.0
114.0
133.0
109.0
138.0
108.0
138.0
106.0
141.0
109.0
178.0
106.0
110.0
141.0
109.0
141.0
113.0
107.0
138.0
106.0
106.0
137.0
107.0
108.0
141.0
71.0
150.0
111.0
138.0
106.0
140.0
192.0
137.0
104.0
139.0
92.0
142.0
100.0
138.0
106.0
107.0
138.0
110.0
114.0
138.0
109.0
105.0
140.0
113.0
141.0
108.0
144.0
160.0
139.0
105.0
108.0
104.0
134.0
102.0
138.0
103.0
110.0
138.0
108.0
96.0
112.0
113.0
138.0
109.0
138.0
108.0
141.0
103.0
137.0
108.0
110.0
106.0
109.0
109.0
100.0
110.0
141.0
102.0
107.0
101.0
136.0
173.0
141.0
106.0
105.0
108.0
137.0
110.0
114.0
138.0
104.0
138.0
108.0
110.0
106.0
140.0
106.0
141.0
104.0
107.0
108.0
144.0
108.0
109.0
109.0
107.0
112.0
139.0
107.0
140.0
112.0
141.0
107.0
98.0
138.0
104.0
107.0
140.0
418.0
139.0
113.0
110.0
102.0
140.0
107.0
109.0
107.0
106.0
142.0
107.0
139.0
165.0
140.0
111.0
112.0
143.0
108.0
107.0
107.0
139.0
109.0
139.0
107.0
139.0
108.0
138.0
109.0
105.0
107.0
101.0
141.0
102.0
141.0
104.0
114.0
140.0
109.0
137.0
108.0
143.0
108.0
138.0
104.0
112.0
107.0
109.0
111.0
138.0
108.0
137.0
110.0
110.0
112.0
110.0
141.0
106.0
112.0
142.0
110.0
140.0
102.0
141.0
113.0
112.0
110.0
106.0
134.0
109.0
106.0
106.0
138.0
115.0
108.0
138.0
107.0
109.0
109.0
139.0
103.0
138.0
109.0
108.0
107.0
139.0
109.0
110.0
139.0
101.0
137.0
109.0
144.0
102.0
112.0
142.0
105.0
144.0
111.0
138.0
112.0
103.0
144.0
109.0
142.0
481.0
142.0
106.0
142.0
110.0
140.0
106.0
141.0
108.0
140.0
109.0
141.0
125.0
140.0
106.0
139.0
110.0
109.0
137.0
261.0
104.0
138.0
109.0
137.0
111.0
108.0
112.0
139.0
107.0
107.0
110.0
100.0
140.0
109.0
111.0
142.0
97.0
144.0
111.0
143.0
107.0
143.0
109.0
138.0
109.0
141.0
104.0
106.0
137.0
101.0
107.0
108.0
106.0
104.0
134.0
108.0
141.0
109.0
138.0
105.0
104.0
142.0
108.0
108.0
106.0
109.0
110.0
109.0
107.0
98.0
143.0
101.0
139.0
106.0
109.0
142.0
114.0
139.0
107.0
142.0
109.0
141.0
101.0
141.0
109.0
144.0
109.0
106.0
93.0
143.0
109.0
141.0
110.0
106.0
141.0
107.0
140.0
100.0
144.0
107.0
139.0
163.0
101.0
105.0
139.0
108.0
138.0
95.0
142.0
107.0
140.0
105.0
139.0
107.0
138.0
106.0
138.0
102.0
141.0
108.0
113.0
108.0
142.0
105.0
139.0
107.0
139.0
111.0
108.0
139.0
106.0
106.0
136.0
107.0
84.0
147.0
111.0
138.0
106.0
141.0
107.0
102.0
141.0
112.0
107.0
106.0
139.0
109.0
106.0
142.0
110.0
97.0
164.0
138.0
110.0
106.0
110.0
113.0
