114.0
111.0
111.0
221.0
114.0
145.0
107.0
145.0
106.0
148.0
112.0
109.0
113.0
139.0
110.0
141.0
110.0
143.0
144.0
109.0
144.0
117.0
143.0
107.0
109.0
114.0
112.0
141.0
111.0
106.0
143.0
108.0
109.0
99.0
145.0
113.0
141.0
119.0
146.0
115.0
145.0
113.0
145.0
106.0
149.0
114.0
146.0
109.0
145.0
109.0
110.0
104.0
146.0
102.0
146.0
106.0
140.0
115.0
114.0
111.0
145.0
113.0
108.0
109.0
143.0
109.0
115.0
145.0
112.0
113.0
109.0
114.0
141.0
115.0
106.0
112.0
141.0
111.0
138.0
100.0
141.0
108.0
141.0
111.0
114.0
111.0
141.0
110.0
141.0
111.0
141.0
113.0
144.0
112.0
145.0
110.0
144.0
114.0
104.0
147.0
113.0
114.0
142.0
105.0
142.0
442.0
145.0
113.0
146.0
113.0
140.0
107.0
111.0
139.0
177.0
144.0
113.0
143.0
113.0
144.0
108.0
146.0
105.0
146.0
114.0
114.0
143.0
116.0
144.0
233.0
143.0
108.0
112.0
141.0
96.0
147.0
109.0
149.0
109.0
145.0
545.0
107.0
109.0
142.0
109.0
105.0
110.0
143.0
114.0
109.0
144.0
110.0
142.0
108.0
142.0
115.0
144.0
114.0
116.0
148.0
109.0
144.0
112.0
111.0
113.0
139.0
113.0
141.0
112.0
109.0
142.0
174.0
149.0
109.0
144.0
110.0
148.0
110.0
144.0
113.0
145.0
113.0
141.0
113.0
150.0
113.0
113.0
142.0
104.0
142.0
107.0
144.0
107.0
149.0
111.0
143.0
109.0
108.0
141.0
108.0
142.0
107.0
103.0
140.0
107.0
142.0
114.0
146.0
99.0
141.0
103.0
139.0
78.0
154.0
106.0
145.0
102.0
150.0
110.0
109.0
142.0
107.0
142.0
109.0
141.0
111.0
145.0
113.0
144.0
117.0
146.0
107.0
142.0
109.0
144.0
111.0
117.0
146.0
114.0
110.0
109.0
114.0
113.0
143.0
110.0
210.0
113.0
109.0
111.0
104.0
147.0
111.0
114.0
110.0
109.0
142.0
107.0
142.0
111.0
148.0
109.0
144.0
110.0
146.0
111.0
110.0
147.0
113.0
144.0
114.0
146.0
106.0
141.0
112.0
143.0
113.0
143.0
114.0
146.0
112.0
118.0
144.0
109.0
138.0
107.0
123.0
142.0
341.0
144.0
493.0
141.0
109.0
144.0
110.0
145.0
112.0
112.0
111.0
116.0
142.0
110.0
137.0
113.0
111.0
110.0
113.0
143.0
110.0
145.0
111.0
107.0
146.0
104.0
148.0
112.0
146.0
112.0
149.0
109.0
146.0
107.0
141.0
112.0
145.0
107.0
112.0
114.0
144.0
107.0
112.0
149.0
116.0
115.0
142.0
105.0
143.0
107.0
144.0
108.0
108.0
113.0
147.0
112.0
108.0
146.0
98.0
146.0
113.0
144.0
111.0
107.0
102.0
112.0
113.0
110.0
144.0
230.0
143.0
118.0
141.0
114.0
144.0
103.0
144.0
114.0
113.0
107.0
145.0
109.0
109.0
112.0
114.0
109.0
146.0
113.0
116.0
142.0
112.0
141.0
110.0
145.0
116.0
475.0
113.0
108.0
144.0
109.0
143.0
110.0
148.0
107.0
109.0
149.0
115.0
101.0
144.0
108.0
146.0
114.0
111.0
112.0
114.0
144.0
113.0
144.0
109.0
140.0
114.0
144.0
109.0
109.0
107.0
110.0
111.0
139.0
113.0
109.0
144.0
110.0
144.0
109.0
106.0
146.0
110.0
146.0
104.0
142.0
110.0
146.0
109.0
141.0
114.0
106.0
145.0
109.0
141.0
108.0
113.0
141.0
105.0
142.0
111.0
141.0
116.0
144.0
112.0
145.0
112.0
113.0
140.0
107.0
141.0
109.0
111.0
139.0
114.0
109.0
109.0
112.0
144.0
109.0
101.0
106.0
149.0
117.0
106.0
109.0
109.0
149.0
105.0
139.0
114.0
146.0
109.0
107.0
144.0
116.0
144.0
106.0
111.0
110.0
145.0
109.0
111.0
142.0
110.0
106.0
107.0
107.0
114.0
109.0
145.0
116.0
107.0
142.0
110.0
116.0
145.0
109.0
109.0
142.0
112.0
145.0
110.0
109.0
142.0
107.0
149.0
112.0
112.0
110.0
109.0
112.0
142.0
102.0
109.0
144.0
115.0
103.0
143.0
107.0
146.0
112.0
145.0
113.0
145.0
108.0
206.0
144.0
109.0
113.0
111.0
147.0
111.0
145.0
113.0
141.0
106.0
143.0
113.0
114.0
141.0
112.0
98.0
146.0
118.0
146.0
117.0
146.0
116.0
142.0
106.0
471.0
110.0
111.0
147.0
111.0
116.0
110.0
144.0
117.0
144.0
111.0
145.0
109.0
107.0
146.0
111.0
143.0
105.0
110.0
114.0
144.0
114.0
112.0
148.0
108.0
139.0
114.0
142.0
113.0
113.0
144.0
106.0
144.0
110.0
146.0
103.0
150.0
117.0
109.0
145.0
115.0
149.0
113.0
102.0
142.0
109.0
145.0
109.0
139.0
114.0
140.0
119.0
113.0
145.0
110.0
98.0
148.0
114.0
149.0
111.0
144.0
113.0
147.0
111.0
114.0
113.0
145.0
104.0
144.0
111.0
104.0
144.0
113.0
109.0
141.0
113.0
110.0
145.0
111.0
148.0
114.0
147.0
283.0
113.0
140.0
111.0
110.0
108.0
105.0
116.0
109.0
141.0
109.0
143.0
112.0
109.0
142.0
106.0
115.0
114.0
146.0
112.0
146.0
113.0
190.0
112.0
144.0
111.0
112.0
109.0
144.0
111.0
142.0
106.0
111.0
110.0
136.0
110.0
307.0
113.0
149.0
111.0
144.0
108.0
116.0
145.0
109.0
141.0
113.0
143.0
112.0
143.0
116.0
145.0
108.0
142.0
112.0
108.0
141.0
111.0
112.0
145.0
117.0
141.0
114.0
111.0
147.0
112.0
147.0
106.0
113.0
115.0
114.0
145.0
115.0
145.0
106.0
147.0
112.0
141.0
101.0
149.0
111.0
115.0
141.0
113.0
109.0
141.0
113.0
143.0
106.0
145.0
114.0
147.0
110.0
107.0
115.0
137.0
113.0
144.0
113.0
148.0
106.0
147.0
110.0
142.0
113.0
146.0
109.0
101.0
96.0
149.0
109.0
142.0
223.0
114.0
148.0
109.0
111.0
141.0
102.0
144.0
114.0
108.0
145.0
102.0
138.0
114.0
112.0
114.0
208.0
144.0
112.0
144.0
106.0
146.0
105.0
142.0
115.0
147.0
106.0
113.0
113.0
109.0
186.0
145.0
112.0
101.0
146.0
110.0
145.0
102.0
143.0
115.0
118.0
145.0
110.0
475.0
145.0
108.0
144.0
108.0
107.0
144.0
106.0
142.0
109.0
114.0
145.0
110.0
107.0
109.0
142.0
106.0
113.0
145.0
109.0
113.0
108.0
146.0
113.0
146.0
136.0
109.0
141.0
112.0
112.0
146.0
116.0
115.0
110.0
111.0
142.0
298.0
113.0
113.0
109.0
114.0
112.0
145.0
111.0
149.0
106.0
144.0
107.0
145.0
112.0
144.0
110.0
144.0
114.0
144.0
103.0
144.0
114.0
113.0
111.0
98.0
141.0
114.0
141.0
112.0
144.0
113.0
140.0
113.0
141.0
115.0
114.0
115.0
149.0
101.0
144.0
114.0
146.0
105.0
138.0
114.0
145.0
108.0
113.0
146.0
111.0
146.0
113.0
113.0
110.0
98.0
144.0
115.0
108.0
140.0
110.0
146.0
111.0
144.0
113.0
146.0
113.0
141.0
98.0
112.0
139.0
111.0
142.0
109.0
145.0
107.0
143.0
162.0
146.0
111.0
146.0
110.0
110.0
145.0
113.0
146.0
114.0
101.0
114.0
112.0
145.0
113.0
111.0
142.0
112.0
147.0
108.0
142.0
110.0
105.0
113.0
112.0
142.0
112.0
144.0
107.0
143.0
113.0
111.0
143.0
109.0
146.0
110.0
141.0
106.0
146.0
118.0
113.0
113.0
144.0
113.0
142.0
114.0
113.0
149.0
112.0
141.0
107.0
113.0
142.0
107.0
148.0
113.0
143.0
108.0
144.0
113.0
114.0
148.0
110.0
144.0
112.0
148.0
112.0
108.0
534.0
144.0
112.0
149.0
117.0
138.0
107.0
114.0
110.0
107.0
138.0
110.0
142.0
111.0
141.0
114.0
110.0
97.0
147.0
108.0
109.0
112.0
146.0
109.0
115.0
142.0
110.0
143.0
115.0
111.0
118.0
106.0
142.0
110.0
145.0
112.0
144.0
115.0
148.0
110.0
112.0
108.0
139.0
111.0
144.0
111.0
113.0
150.0
113.0
149.0
109.0
144.0
98.0
145.0
118.0
112.0
146.0
113.0
145.0
224.0
145.0
114.0
109.0
110.0
107.0
146.0
114.0
141.0
108.0
112.0
141.0
109.0
146.0
108.0
146.0
109.0
109.0
142.0
109.0
144.0
94.0
148.0
109.0
113.0
145.0
106.0
142.0
115.0
142.0
102.0
102.0
146.0
111.0
229.0
112.0
146.0
114.0
116.0
144.0
109.0
112.0
141.0
94.0
146.0
509.0
116.0
112.0
108.0
111.0
144.0
112.0
144.0
115.0
144.0
112.0
112.0
145.0
116.0
111.0
145.0
108.0
141.0
108.0
110.0
149.0
107.0
141.0
112.0
144.0
110.0
142.0
104.0
143.0
100.0
146.0
115.0
140.0
113.0
112.0
112.0
143.0
98.0
146.0
107.0
146.0
208.0
114.0
114.0
113.0
111.0
144.0
107.0
109.0
105.0
146.0
106.0
145.0
111.0
144.0
204.0
145.0
112.0
144.0
106.0
148.0
111.0
145.0
114.0
111.0
149.0
109.0
113.0
144.0
108.0
138.0
104.0
138.0
114.0
143.0
109.0
177.0
111.0
146.0
111.0
142.0
110.0
141.0
116.0
149.0
111.0
140.0
112.0
148.0
109.0
145.0
104.0
143.0
100.0
141.0
110.0
143.0
109.0
112.0
146.0
396.0
144.0
110.0
107.0
112.0
141.0
109.0
115.0
146.0
112.0
138.0
114.0
144.0
113.0
110.0
109.0
144.0
108.0
101.0
138.0
105.0
144.0
115.0
112.0
109.0
143.0
109.0
114.0
146.0
113.0
139.0
101.0
144.0
113.0
148.0
112.0
146.0
110.0
148.0
109.0
112.0
148.0
115.0
113.0
146.0
115.0
110.0
213.0
110.0
110.0
142.0
110.0
113.0
146.0
111.0
144.0
114.0
142.0
109.0
139.0
109.0
144.0
110.0
144.0
188.0
115.0
144.0
102.0
139.0
110.0
139.0
114.0
144.0
111.0
110.0
115.0
114.0
113.0
146.0
112.0
141.0
114.0
147.0
110.0
146.0
112.0
106.0
111.0
97.0
141.0
113.0
114.0
143.0
113.0
139.0
108.0
109.0
112.0
111.0
110.0
146.0
111.0
110.0
142.0
114.0
146.0
111.0
146.0
106.0
148.0
110.0
116.0
112.0
144.0
113.0
146.0
109.0
114.0
110.0
114.0
147.0
114.0
146.0
109.0
116.0
142.0
113.0
110.0
145.0
114.0
106.0
109.0
105.0
146.0
460.0
147.0
114.0
144.0
114.0
110.0
113.0
119.0
141.0
113.0
114.0
113.0
112.0
150.0
106.0
144.0
116.0
142.0
110.0
113.0
114.0
723.0
109.0
108.0
115.0
110.0
146.0
109.0
144.0
109.0
113.0
142.0
102.0
145.0
116.0
114.0
112.0
139.0
113.0
146.0
83.0
149.0
114.0
106.0
116.0
148.0
112.0
109.0
112.0
143.0
112.0
97.0
148.0
111.0
108.0
113.0
111.0
115.0
109.0
141.0
297.0
108.0
140.0
109.0
107.0
112.0
146.0
113.0
111.0
102.0
115.0
147.0
111.0
145.0
109.0
108.0
144.0
108.0
109.0
141.0
109.0
145.0
111.0
150.0
112.0
114.0
112.0
112.0
105.0
113.0
141.0
112.0
114.0
144.0
110.0
226.0
145.0
107.0
140.0
110.0
105.0
113.0
145.0
114.0
111.0
144.0
517.0
152.0
113.0
117.0
111.0
101.0
141.0
110.0
107.0
145.0
110.0
110.0
111.0
141.0
109.0
107.0
149.0
113.0
142.0
111.0
145.0
114.0
110.0
141.0
111.0
149.0
109.0
144.0
108.0
146.0
114.0
143.0
113.0
114.0
144.0
93.0
111.0
113.0
145.0
106.0
143.0
107.0
93.0
148.0
108.0
104.0
101.0
112.0
106.0
184.0
140.0
109.0
109.0
145.0
118.0
146.0
112.0
141.0
459.0
110.0
149.0
112.0
400.0
112.0
116.0
147.0
110.0
109.0
106.0
144.0
110.0
109.0
142.0
107.0
113.0
142.0
110.0
145.0
105.0
144.0
113.0
110.0
109.0
112.0
146.0
110.0
148.0
111.0
113.0
146.0
107.0
111.0
111.0
145.0
108.0
111.0
145.0
111.0
110.0
106.0
144.0
107.0
107.0
117.0
110.0
146.0
109.0
113.0
140.0
109.0
107.0
143.0
111.0
148.0
113.0
144.0
109.0
113.0
144.0
165.0
145.0
113.0
145.0
114.0
106.0
145.0
109.0
111.0
144.0
108.0
142.0
106.0
141.0
108.0
99.0
145.0
106.0
141.0
112.0
144.0
115.0
142.0
105.0
109.0
142.0
108.0
142.0
113.0
105.0
112.0
114.0
144.0
110.0
113.0
112.0
146.0
110.0
110.0
113.0
111.0
146.0
111.0
113.0
115.0
141.0
112.0
107.0
110.0
112.0
112.0
111.0
114.0
146.0
500.0
105.0
143.0
101.0
150.0
114.0
86.0
147.0
115.0
142.0
112.0
114.0
146.0
107.0
111.0
139.0
107.0
140.0
109.0
146.0
114.0
104.0
145.0
110.0
145.0
113.0
152.0
107.0
142.0
109.0
144.0
114.0
138.0
109.0
146.0
110.0
109.0
142.0
112.0
145.0
107.0
145.0
112.0
241.0
141.0
111.0
145.0
104.0
146.0
110.0
114.0
140.0
112.0
115.0
146.0
112.0
144.0
101.0
145.0
106.0
142.0
112.0
147.0
114.0
144.0
114.0
106.0
113.0
144.0
102.0
107.0
146.0
117.0
144.0
110.0
138.0
108.0
145.0
101.0
148.0
107.0
113.0
145.0
108.0
144.0
109.0
144.0
110.0
146.0
108.0
114.0
144.0
115.0
102.0
145.0
108.0
146.0
108.0
110.0
145.0
110.0
146.0
111.0
111.0
144.0
109.0
116.0
113.0
142.0
111.0
143.0
106.0
141.0
114.0
111.0
148.0
112.0
137.0
102.0
148.0
102.0
144.0
111.0
144.0
108.0
148.0
112.0
109.0
144.0
113.0
144.0
111.0
144.0
107.0
146.0
111.0
110.0
112.0
146.0
108.0
112.0
111.0
114.0
145.0
133.0
111.0
113.0
147.0
112.0
149.0
109.0
145.0
116.0
145.0
109.0
146.0
112.0
144.0
120.0
145.0
111.0
110.0
145.0
115.0
104.0
145.0
112.0
109.0
114.0
99.0
142.0
111.0
149.0
114.0
141.0
113.0
114.0
146.0
114.0
144.0
108.0
144.0
111.0
141.0
111.0
146.0
112.0
141.0
116.0
144.0
109.0
145.0
111.0
145.0
110.0
142.0
113.0
114.0
111.0
111.0
115.0
118.0
112.0
114.0
147.0
110.0
148.0
114.0
111.0
113.0
146.0
117.0
114.0
139.0
113.0
141.0
112.0
143.0
106.0
113.0
144.0
115.0
142.0
109.0
142.0
110.0
99.0
149.0
112.0
149.0
104.0
142.0
110.0
116.0
115.0
106.0
143.0
108.0
145.0
112.0
149.0
111.0
145.0
105.0
145.0
112.0
143.0
113.0
138.0
110.0
146.0
107.0
151.0
114.0
145.0
111.0
190.0
142.0
110.0
113.0
109.0
145.0
112.0
146.0
106.0
138.0
106.0
149.0
112.0
146.0
113.0
114.0
116.0
141.0
106.0
143.0
115.0
146.0
112.0
144.0
109.0
102.0
116.0
113.0
140.0
117.0
145.0
109.0
148.0
109.0
108.0
145.0
109.0
144.0
107.0
138.0
113.0
145.0
109.0
143.0
113.0
107.0
114.0
146.0
111.0
113.0
145.0
107.0
110.0
145.0
393.0
140.0
97.0
149.0
111.0
145.0
108.0
146.0
102.0
114.0
107.0
107.0
109.0
145.0
105.0
109.0
140.0
108.0
108.0
144.0
113.0
150.0
109.0
142.0
110.0
142.0
109.0
114.0
118.0
110.0
108.0
105.0
144.0
109.0
101.0
144.0
113.0
146.0
114.0
148.0
114.0
137.0
110.0
110.0
99.0
143.0
377.0
111.0
146.0
113.0
113.0
141.0
112.0
144.0
110.0
141.0
110.0
105.0
117.0
143.0
116.0
114.0
110.0
108.0
140.0
105.0
146.0
112.0
142.0
111.0
145.0
110.0
150.0
111.0
145.0
107.0
148.0
110.0
144.0
112.0
149.0
110.0
106.0
112.0
113.0
116.0
114.0
141.0
105.0
108.0
107.0
113.0
142.0
115.0
144.0
109.0
139.0
113.0
146.0
80.0
152.0
110.0
141.0
101.0
142.0
179.0
111.0
144.0
114.0
141.0
111.0
144.0
109.0
142.0
486.0
146.0
107.0
146.0
110.0
141.0
109.0
142.0
108.0
146.0
112.0
114.0
148.0
110.0
144.0
110.0
110.0
108.0
148.0
112.0
111.0
144.0
106.0
144.0
427.0
142.0
117.0
145.0
111.0
115.0
113.0
112.0
240.0
141.0
112.0
142.0
109.0
144.0
113.0
142.0
115.0
140.0
107.0
113.0
109.0
142.0
110.0
142.0
112.0
115.0
139.0
108.0
143.0
107.0
142.0
112.0
113.0
145.0
112.0
149.0
109.0
109.0
145.0
106.0
163.0
114.0
113.0
113.0
144.0
112.0
144.0
108.0
146.0
107.0
112.0
147.0
109.0
146.0
105.0
112.0
145.0
107.0
108.0
142.0
106.0
144.0
111.0
113.0
144.0
108.0
144.0
108.0
146.0
108.0
107.0
111.0
107.0
111.0
146.0
107.0
144.0
112.0
145.0
113.0
145.0
109.0
146.0
111.0
141.0
111.0
144.0
112.0
142.0
109.0
143.0
110.0
146.0
111.0
146.0
112.0
142.0
112.0
144.0
111.0
109.0
141.0
106.0
147.0
110.0
180.0
144.0
100.0
142.0
106.0
144.0
111.0
145.0
111.0
144.0
113.0
149.0
113.0
110.0
107.0
313.0
144.0
113.0
141.0
109.0
112.0
142.0
120.0
142.0
106.0
145.0
113.0
141.0
108.0
146.0
114.0
143.0
109.0
110.0
108.0
113.0
143.0
112.0
146.0
109.0
142.0
110.0
109.0
109.0
106.0
141.0
111.0
111.0
110.0
109.0
139.0
111.0
291.0
113.0
142.0
113.0
144.0
113.0
144.0
106.0
110.0
141.0
95.0
147.0
112.0
142.0
115.0
142.0
111.0
113.0
111.0
107.0
141.0
107.0
111.0
144.0
109.0
110.0
144.0
105.0
109.0
108.0
142.0
108.0
143.0
114.0
147.0
109.0
116.0
141.0
109.0
142.0
107.0
138.0
111.0
114.0
110.0
145.0
112.0
142.0
113.0
108.0
144.0
110.0
108.0
112.0
114.0
143.0
111.0
139.0
115.0
144.0
111.0
144.0
109.0
142.0
107.0
114.0
142.0
110.0
144.0
112.0
146.0
109.0
146.0
114.0
109.0
144.0
105.0
85.0
152.0
105.0
144.0
114.0
148.0
100.0
114.0
145.0
117.0
109.0
113.0
112.0
110.0
144.0
118.0
109.0
145.0
107.0
141.0
111.0
139.0
110.0
142.0
112.0
144.0
113.0
151.0
109.0
145.0
107.0
113.0
146.0
111.0
144.0
109.0
145.0
111.0
148.0
111.0
118.0
141.0
110.0
99.0
150.0
113.0
142.0
111.0
144.0
99.0
108.0
146.0
108.0
143.0
109.0
146.0
113.0
146.0
111.0
109.0
107.0
144.0
97.0
110.0
144.0
115.0
113.0
106.0
110.0
109.0
142.0
112.0
144.0
188.0
114.0
109.0
141.0
514.0
148.0
106.0
145.0
111.0
110.0
146.0
102.0
146.0
111.0
110.0
107.0
144.0
111.0
115.0
146.0
106.0
116.0
114.0
109.0
112.0
110.0
109.0
116.0
142.0
105.0
111.0
456.0
146.0
110.0
437.0
142.0
113.0
146.0
100.0
139.0
117.0
108.0
113.0
145.0
110.0
145.0
115.0
112.0
144.0
108.0
109.0
116.0
147.0
114.0
146.0
111.0
144.0
109.0
142.0
114.0
146.0
105.0
146.0
112.0
148.0
113.0
146.0
217.0
109.0
143.0
112.0
113.0
143.0
117.0
141.0
105.0
111.0
110.0
145.0
112.0
112.0
143.0
106.0
146.0
111.0
109.0
147.0
104.0
147.0
109.0
148.0
110.0
110.0
146.0
114.0
110.0
107.0
107.0
111.0
142.0
112.0
141.0
110.0
117.0
144.0
113.0
111.0
117.0
143.0
116.0
115.0
114.0
110.0
112.0
111.0
148.0
225.0
110.0
110.0
112.0
113.0
144.0
106.0
147.0
114.0
108.0
142.0
112.0
109.0
115.0
111.0
112.0
146.0
100.0
113.0
141.0
118.0
107.0
142.0
108.0
109.0
106.0
142.0
114.0
109.0
144.0
115.0
140.0
112.0
108.0
144.0
114.0
148.0
113.0
149.0
115.0
143.0
114.0
108.0
96.0
147.0
98.0
146.0
118.0
142.0
112.0
112.0
114.0
144.0
113.0
113.0
112.0
142.0
108.0
108.0
114.0
147.0
110.0
110.0
114.0
144.0
112.0
116.0
113.0
146.0
111.0
112.0
110.0
144.0
109.0
108.0
113.0
148.0
110.0
111.0
144.0
112.0
142.0
110.0
142.0
106.0
145.0
112.0
110.0
142.0
108.0
112.0
144.0
106.0
142.0
114.0
113.0
145.0
113.0
106.0
111.0
108.0
111.0
144.0
346.0
144.0
114.0
112.0
101.0
143.0
111.0
110.0
113.0
111.0
125.0
143.0
106.0
147.0
114.0
115.0
111.0
141.0
106.0
145.0
111.0
114.0
146.0
111.0
144.0
110.0
107.0
111.0
111.0
142.0
111.0
140.0
106.0
140.0
109.0
111.0
110.0
148.0
116.0
110.0
142.0
109.0
141.0
112.0
116.0
145.0
114.0
153.0
112.0
109.0
142.0
109.0
114.0
110.0
144.0
111.0
140.0
106.0
145.0
107.0
144.0
110.0
142.0
106.0
141.0
93.0
146.0
109.0
112.0
110.0
141.0
110.0
114.0
107.0
113.0
145.0
114.0
110.0
141.0
112.0
109.0
144.0
110.0
110.0
145.0
108.0
146.0
116.0
142.0
102.0
144.0
203.0
144.0
111.0
117.0
152.0
112.0
113.0
194.0
105.0
109.0
113.0
141.0
111.0
141.0
98.0
151.0
110.0
142.0
105.0
148.0
112.0
142.0
113.0
142.0
114.0
113.0
144.0
111.0
107.0
109.0
112.0
144.0
113.0
116.0
145.0
109.0
116.0
141.0
113.0
140.0
111.0
141.0
114.0
112.0
112.0
147.0
116.0
141.0
107.0
146.0
107.0
143.0
114.0
145.0
112.0
113.0
144.0
112.0
109.0
144.0
117.0
144.0
108.0
146.0
113.0
145.0
112.0
108.0
113.0
110.0
111.0
146.0
112.0
145.0
105.0
146.0
82.0
146.0
113.0
112.0
145.0
113.0
116.0
114.0
144.0
113.0
106.0
110.0
107.0
145.0
113.0
146.0
107.0
145.0
527.0
143.0
104.0
116.0
117.0
141.0
109.0
146.0
110.0
113.0
142.0
114.0
192.0
144.0
110.0
148.0
112.0
107.0
144.0
109.0
116.0
108.0
141.0
112.0
149.0
106.0
145.0
115.0
116.0
116.0
111.0
143.0
118.0
113.0
109.0
112.0
146.0
114.0
106.0
140.0
109.0
146.0
114.0
107.0
111.0
144.0
117.0
145.0
107.0
110.0
149.0
109.0
144.0
115.0
143.0
113.0
141.0
110.0
113.0
116.0
146.0
111.0
145.0
107.0
113.0
144.0
112.0
143.0
110.0
149.0
105.0
147.0
107.0
146.0
113.0
107.0
112.0
145.0
116.0
141.0
114.0
143.0
116.0
111.0
139.0
111.0
101.0
144.0
112.0
145.0
111.0
110.0
120.0
101.0
149.0
109.0
142.0
113.0
109.0
107.0
113.0
111.0
145.0
110.0
144.0
108.0
145.0
109.0
116.0
112.0
145.0
112.0
142.0
107.0
144.0
107.0
146.0
105.0
112.0
142.0
98.0
142.0
107.0
112.0
140.0
114.0
143.0
112.0
139.0
107.0
113.0
143.0
113.0
114.0
109.0
107.0
107.0
142.0
118.0
146.0
112.0
149.0
112.0
146.0
114.0
110.0
114.0
146.0
107.0
145.0
110.0
141.0
106.0
141.0
117.0
110.0
141.0
101.0
140.0
112.0
106.0
144.0
115.0
144.0
112.0
145.0
112.0
110.0
143.0
108.0
136.0
115.0
144.0
113.0
149.0
112.0
146.0
113.0
145.0
109.0
143.0
114.0
146.0
111.0
112.0
144.0
113.0
114.0
143.0
112.0
108.0
111.0
142.0
112.0
141.0
114.0
146.0
112.0
114.0
113.0
143.0
110.0
139.0
109.0
117.0
109.0
142.0
111.0
110.0
144.0
111.0
100.0
146.0
114.0
111.0
109.0
140.0
106.0
114.0
146.0
113.0
114.0
145.0
114.0
105.0
146.0
111.0
110.0
144.0
97.0
113.0
147.0
113.0
111.0
141.0
109.0
144.0
114.0
145.0
114.0
113.0
112.0
465.0
145.0
106.0
111.0
145.0
105.0
148.0
114.0
144.0
112.0
140.0
309.0
107.0
144.0
115.0
116.0
146.0
111.0
144.0
107.0
113.0
115.0
141.0
108.0
143.0
115.0
144.0
104.0
147.0
112.0
113.0
142.0
110.0
145.0
115.0
141.0
111.0
104.0
146.0
117.0
111.0
150.0
111.0
144.0
111.0
140.0
100.0
145.0
114.0
110.0
118.0
144.0
112.0
111.0
110.0
111.0
177.0
110.0
146.0
114.0
116.0
108.0
145.0
109.0
106.0
146.0
109.0
143.0
114.0
107.0
142.0
107.0
145.0
111.0
144.0
109.0
209.0
144.0
112.0
149.0
101.0
149.0
113.0
146.0
112.0
141.0
113.0
109.0
109.0
138.0
101.0
106.0
144.0
106.0
144.0
111.0
112.0
142.0
112.0
146.0
101.0
152.0
110.0
141.0
108.0
146.0
103.0
145.0
106.0
142.0
108.0
146.0
106.0
144.0
113.0
146.0
114.0
110.0
144.0
110.0
145.0
109.0
145.0
113.0
146.0
108.0
106.0
143.0
114.0
146.0
109.0
114.0
142.0
115.0
149.0
108.0
146.0
110.0
110.0
146.0
101.0
109.0
145.0
98.0
114.0
464.0
110.0
110.0
144.0
113.0
112.0
100.0
148.0
128.0
139.0
114.0
112.0
145.0
112.0
108.0
145.0
109.0
145.0
110.0
108.0
106.0
141.0
110.0
110.0
143.0
113.0
146.0
111.0
148.0
105.0
145.0
112.0
146.0
111.0
142.0
113.0
111.0
110.0
144.0
114.0
107.0
148.0
107.0
113.0
113.0
140.0
104.0
144.0
116.0
144.0
567.0
145.0
117.0
112.0
113.0
145.0
106.0
135.0
109.0
105.0
141.0
110.0
105.0
146.0
111.0
148.0
206.0
146.0
113.0
108.0
145.0
112.0
110.0
114.0
145.0
112.0
110.0
148.0
110.0
117.0
145.0
113.0
110.0
141.0
117.0
108.0
111.0
110.0
113.0
112.0
114.0
141.0
113.0
139.0
107.0
109.0
142.0
114.0
111.0
149.0
112.0
147.0
104.0
146.0
107.0
146.0
109.0
142.0
112.0
144.0
110.0
145.0
112.0
111.0
109.0
113.0
110.0
110.0
109.0
146.0
110.0
109.0
107.0
142.0
111.0
146.0
114.0
105.0
112.0
141.0
116.0
146.0
111.0
116.0
146.0
116.0
111.0
113.0
111.0
111.0
110.0
140.0
106.0
144.0
111.0
144.0
107.0
146.0
110.0
147.0
108.0
113.0
106.0
145.0
117.0
153.0
113.0
114.0
113.0
111.0
142.0
112.0
116.0
138.0
115.0
144.0
106.0
142.0
112.0
118.0
142.0
112.0
109.0
107.0
143.0
111.0
113.0
113.0
98.0
152.0
105.0
147.0
113.0
145.0
546.0
144.0
110.0
109.0
109.0
149.0
112.0
138.0
113.0
143.0
65.0
163.0
116.0
139.0
109.0
144.0
109.0
289.0
109.0
109.0
142.0
113.0
146.0
118.0
144.0
113.0
148.0
112.0
113.0
138.0
114.0
148.0
114.0
141.0
111.0
114.0
114.0
106.0
110.0
140.0
98.0
143.0
110.0
114.0
109.0
139.0
193.0
146.0
111.0
141.0
104.0
146.0
106.0
144.0
109.0
144.0
109.0
147.0
110.0
144.0
112.0
143.0
248.0
141.0
464.0
142.0
114.0
146.0
111.0
114.0
145.0
110.0
146.0
112.0
146.0
114.0
139.0
110.0
182.0
141.0
113.0
113.0
145.0
113.0
141.0
110.0
110.0
107.0
145.0
107.0
111.0
146.0
112.0
142.0
108.0
144.0
110.0
109.0
112.0
179.0
146.0
106.0
111.0
111.0
112.0
143.0
112.0
146.0
113.0
117.0
145.0
110.0
144.0
115.0
111.0
145.0
107.0
144.0
112.0
109.0
117.0
107.0
106.0
114.0
145.0
108.0
150.0
104.0
91.0
148.0
109.0
114.0
146.0
83.0
145.0
114.0
148.0
110.0
115.0
107.0
110.0
142.0
112.0
112.0
109.0
466.0
108.0
145.0
111.0
245.0
145.0
107.0
142.0
111.0
145.0
111.0
149.0
103.0
142.0
112.0
145.0
101.0
139.0
114.0
116.0
110.0
144.0
113.0
142.0
111.0
145.0
111.0
144.0
109.0
106.0
145.0
110.0
144.0
110.0
109.0
145.0
116.0
142.0
112.0
142.0
112.0
144.0
110.0
109.0
148.0
113.0
141.0
109.0
144.0
110.0
141.0
258.0
142.0
117.0
147.0
112.0
106.0
106.0
110.0
148.0
113.0
145.0
111.0
114.0
142.0
109.0
110.0
109.0
147.0
111.0
145.0
99.0
144.0
117.0
111.0
142.0
117.0
145.0
113.0
102.0
145.0
110.0
114.0
144.0
110.0
110.0
145.0
99.0
115.0
144.0
100.0
147.0
110.0
110.0
144.0
110.0
111.0
140.0
78.0
150.0
112.0
113.0
111.0
112.0
117.0
148.0
109.0
110.0
146.0
117.0
144.0
113.0
112.0
145.0
112.0
146.0
111.0
114.0
142.0
132.0
146.0
110.0
99.0
142.0
109.0
145.0
110.0
115.0
147.0
110.0
111.0
146.0
196.0
112.0
145.0
109.0
144.0
110.0
110.0
146.0
104.0
143.0
117.0
112.0
141.0
114.0
148.0
109.0
112.0
109.0
144.0
112.0
161.0
144.0
112.0
141.0
114.0
149.0
113.0
142.0
105.0
110.0
109.0
142.0
114.0
145.0
82.0
153.0
112.0
145.0
112.0
91.0
149.0
110.0
142.0
110.0
115.0
145.0
111.0
112.0
109.0
144.0
109.0
111.0
138.0
109.0
109.0
144.0
108.0
140.0
111.0
111.0
113.0
141.0
90.0
149.0
108.0
142.0
95.0
107.0
112.0
145.0
100.0
102.0
114.0
109.0
111.0
146.0
104.0
110.0
109.0
144.0
110.0
106.0
146.0
110.0
145.0
104.0
145.0
87.0
148.0
112.0
116.0
146.0
245.0
96.0
142.0
114.0
113.0
110.0
111.0
147.0
113.0
110.0
145.0
113.0
145.0
112.0
145.0
105.0
140.0
104.0
111.0
145.0
118.0
146.0
111.0
115.0
150.0
111.0
146.0
109.0
114.0
117.0
144.0
108.0
109.0
113.0
114.0
147.0
109.0
144.0
109.0
144.0
108.0
110.0
146.0
106.0
141.0
112.0
112.0
143.0
114.0
144.0
109.0
111.0
142.0
107.0
111.0
144.0
112.0
107.0
145.0
110.0
116.0
144.0
112.0
112.0
106.0
141.0
102.0
142.0
114.0
95.0
146.0
104.0
147.0
107.0
141.0
107.0
146.0
110.0
107.0
144.0
111.0
149.0
213.0
145.0
104.0
141.0
114.0
141.0
107.0
145.0
109.0
146.0
117.0
114.0
141.0
114.0
111.0
113.0
115.0
137.0
112.0
107.0
149.0
113.0
146.0
112.0
146.0
112.0
107.0
143.0
114.0
108.0
113.0
143.0
62.0
166.0
115.0
112.0
107.0
145.0
99.0
148.0
109.0
113.0
146.0
114.0
107.0
145.0
109.0
113.0
114.0
108.0
114.0
146.0
112.0
144.0
106.0
110.0
144.0
109.0
144.0
114.0
116.0
141.0
108.0
146.0
108.0
111.0
211.0
141.0
105.0
143.0
114.0
113.0
144.0
109.0
101.0
146.0
116.0
108.0
143.0
111.0
167.0
118.0
146.0
107.0
146.0
106.0
143.0
106.0
144.0
292.0
486.0
141.0
110.0
142.0
101.0
144.0
114.0
111.0
114.0
111.0
147.0
112.0
114.0
109.0
146.0
105.0
109.0
147.0
110.0
112.0
109.0
144.0
110.0
112.0
112.0
115.0
96.0
109.0
145.0
112.0
145.0
116.0
365.0
142.0
108.0
110.0
110.0
114.0
107.0
112.0
113.0
113.0
145.0
114.0
141.0
112.0
143.0
114.0
112.0
146.0
177.0
145.0
116.0
148.0
111.0
101.0
145.0
110.0
141.0
112.0
146.0
114.0
142.0
117.0
109.0
141.0
111.0
141.0
117.0
142.0
110.0
144.0
110.0
139.0
113.0
140.0
110.0
141.0
109.0
109.0
110.0
141.0
102.0
146.0
111.0
147.0
110.0
145.0
116.0
114.0
109.0
109.0
142.0
101.0
110.0
145.0
107.0
140.0
109.0
107.0
143.0
112.0
112.0
146.0
101.0
146.0
110.0
146.0
111.0
116.0
146.0
110.0
144.0
114.0
112.0
109.0
88.0
145.0
109.0
112.0
193.0
145.0
110.0
145.0
112.0
117.0
113.0
142.0
106.0
142.0
109.0
142.0
113.0
111.0
144.0
107.0
147.0
113.0
144.0
110.0
146.0
187.0
141.0
109.0
114.0
113.0
108.0
111.0
113.0
108.0
114.0
112.0
142.0
112.0
149.0
106.0
145.0
112.0
144.0
115.0
113.0
112.0
149.0
107.0
114.0
144.0
106.0
146.0
108.0
114.0
142.0
114.0
145.0
109.0
144.0
114.0
110.0
110.0
114.0
146.0
250.0
165.0
112.0
114.0
146.0
112.0
149.0
157.0
117.0
144.0
116.0
108.0
147.0
111.0
111.0
144.0
109.0
114.0
142.0
113.0
139.0
110.0
108.0
97.0
94.0
143.0
107.0
145.0
116.0
107.0
143.0
109.0
110.0
143.0
110.0
100.0
148.0
93.0
146.0
101.0
106.0
141.0
114.0
107.0
114.0
106.0
104.0
145.0
105.0
146.0
109.0
109.0
146.0
111.0
139.0
113.0
145.0
110.0
148.0
111.0
141.0
105.0
141.0
109.0
140.0
112.0
107.0
144.0
107.0
142.0
113.0
144.0
110.0
149.0
110.0
109.0
114.0
114.0
146.0
107.0
146.0
291.0
143.0
116.0
146.0
109.0
106.0
146.0
111.0
106.0
142.0
108.0
147.0
115.0
110.0
145.0
117.0
115.0
143.0
114.0
141.0
112.0
144.0
113.0
113.0
143.0
106.0
149.0
112.0
112.0
142.0
110.0
107.0
149.0
109.0
114.0
114.0
113.0
114.0
115.0
144.0
116.0
105.0
143.0
105.0
150.0
104.0
116.0
100.0
111.0
146.0
114.0
144.0
110.0
110.0
119.0
108.0
149.0
180.0
112.0
141.0
229.0
111.0
106.0
144.0
111.0
117.0
113.0
112.0
110.0
90.0
145.0
108.0
110.0
117.0
114.0
110.0
140.0
110.0
144.0
109.0
142.0
112.0
141.0
106.0
144.0
114.0
114.0
112.0
144.0
110.0
146.0
111.0
109.0
151.0
111.0
110.0
140.0
110.0
145.0
110.0
144.0
111.0
110.0
148.0
109.0
109.0
144.0
110.0
106.0
98.0
144.0
110.0
145.0
108.0
143.0
107.0
145.0
112.0
111.0
112.0
142.0
113.0
142.0
104.0
158.0
111.0
146.0
110.0
109.0
145.0
109.0
115.0
146.0
111.0
110.0
107.0
109.0
112.0
107.0
145.0
114.0
111.0
112.0
107.0
114.0
146.0
109.0
145.0
109.0
144.0
116.0
110.0
145.0
110.0
148.0
117.0
107.0
144.0
113.0
146.0
118.0
147.0
110.0
101.0
147.0
111.0
141.0
110.0
146.0
110.0
145.0
110.0
110.0
142.0
107.0
142.0
115.0
112.0
147.0
109.0
111.0
144.0
110.0
108.0
142.0
112.0
142.0
112.0
112.0
114.0
144.0
104.0
149.0
114.0
142.0
106.0
146.0
113.0
112.0
113.0
143.0
113.0
145.0
110.0
144.0
110.0
144.0
108.0
142.0
104.0
141.0
110.0
146.0
113.0
144.0
108.0
143.0
109.0
146.0
105.0
109.0
149.0
110.0
138.0
112.0
146.0
111.0
141.0
110.0
141.0
113.0
143.0
112.0
149.0
117.0
138.0
110.0
111.0
234.0
141.0
109.0
144.0
112.0
110.0
144.0
109.0
142.0
110.0
116.0
114.0
106.0
104.0
114.0
141.0
109.0
146.0
478.0
142.0
484.0
145.0
104.0
147.0
112.0
141.0
111.0
294.0
113.0
151.0
106.0
148.0
109.0
111.0
147.0
107.0
144.0
111.0
141.0
109.0
98.0
107.0
143.0
114.0
150.0
115.0
109.0
144.0
109.0
142.0
111.0
140.0
110.0
108.0
147.0
114.0
139.0
109.0
145.0
110.0
146.0
110.0
147.0
109.0
140.0
114.0
140.0
113.0
144.0
108.0
111.0
140.0
107.0
142.0
113.0
112.0
110.0
146.0
110.0
146.0
115.0
110.0
110.0
110.0
112.0
105.0
148.0
111.0
143.0
115.0
145.0
109.0
145.0
106.0
146.0
108.0
112.0
109.0
114.0
111.0
148.0
110.0
144.0
106.0
141.0
114.0
144.0
111.0
113.0
111.0
111.0
115.0
144.0
114.0
112.0
111.0
146.0
109.0
142.0
106.0
147.0
104.0
146.0
106.0
144.0
104.0
148.0
114.0
141.0
113.0
141.0
109.0
140.0
113.0
146.0
115.0
142.0
109.0
107.0
98.0
147.0
112.0
144.0
113.0
145.0
112.0
107.0
146.0
113.0
147.0
110.0
145.0
110.0
109.0
114.0
111.0
146.0
111.0
144.0
114.0
110.0
112.0
142.0
115.0
147.0
113.0
145.0
114.0
142.0
114.0
111.0
142.0
109.0
145.0
113.0
110.0
141.0
113.0
144.0
113.0
139.0
110.0
111.0
140.0
104.0
149.0
131.0
142.0
107.0
146.0
111.0
144.0
111.0
114.0
113.0
107.0
148.0
93.0
141.0
109.0
143.0
109.0
143.0
114.0
111.0
114.0
143.0
112.0
112.0
108.0
143.0
111.0
111.0
144.0
109.0
148.0
114.0
141.0
109.0
110.0
113.0
115.0
144.0
426.0
148.0
191.0
108.0
148.0
112.0
145.0
110.0
111.0
145.0
115.0
114.0
144.0
106.0
138.0
117.0
530.0
113.0
145.0
109.0
95.0
146.0
114.0
110.0
142.0
106.0
99.0
148.0
114.0
144.0
116.0
142.0
112.0
111.0
146.0
117.0
103.0
148.0
114.0
137.0
110.0
194.0
145.0
113.0
142.0
111.0
145.0
99.0
139.0
114.0
138.0
108.0
108.0
114.0
140.0
111.0
113.0
113.0
112.0
237.0
114.0
143.0
108.0
147.0
94.0
145.0
113.0
147.0
111.0
482.0
145.0
257.0
111.0
143.0
112.0
107.0
146.0
111.0
144.0
111.0
109.0
113.0
145.0
111.0
144.0
103.0
141.0
107.0
141.0
112.0
141.0
113.0
103.0
141.0
108.0
145.0
113.0
142.0
111.0
147.0
112.0
110.0
268.0
110.0
145.0
101.0
141.0
114.0
112.0
144.0
96.0
147.0
113.0
145.0
108.0
145.0
112.0
111.0
142.0
109.0
143.0
109.0
113.0
106.0
142.0
112.0
109.0
117.0
112.0
110.0
111.0
145.0
113.0
147.0
109.0
142.0
115.0
108.0
143.0
108.0
112.0
139.0
113.0
114.0
110.0
113.0
109.0
143.0
116.0
146.0
107.0
111.0
143.0
107.0
114.0
111.0
106.0
114.0
109.0
142.0
110.0
145.0
111.0
146.0
109.0
111.0
146.0
109.0
114.0
144.0
108.0
198.0
146.0
111.0
149.0
112.0
111.0
142.0
106.0
139.0
107.0
146.0
115.0
117.0
143.0
118.0
386.0
115.0
145.0
106.0
109.0
144.0
119.0
107.0
144.0
114.0
142.0
107.0
142.0
106.0
144.0
112.0
109.0
141.0
113.0
109.0
145.0
114.0
146.0
110.0
145.0
112.0
111.0
142.0
114.0
106.0
107.0
113.0
147.0
109.0
114.0
141.0
111.0
143.0
111.0
110.0
142.0
109.0
116.0
142.0
108.0
108.0
112.0
148.0
111.0
143.0
108.0
149.0
102.0
116.0
145.0
102.0
143.0
112.0
97.0
140.0
112.0
148.0
105.0
111.0
145.0
105.0
97.0
153.0
109.0
151.0
109.0
140.0
113.0
145.0
115.0
146.0
110.0
143.0
111.0
112.0
147.0
110.0
112.0
141.0
109.0
111.0
142.0
112.0
115.0
97.0
143.0
106.0
108.0
111.0
110.0
143.0
113.0
144.0
114.0
146.0
112.0
139.0
113.0
110.0
114.0
114.0
116.0
110.0
142.0
104.0
146.0
115.0
112.0
146.0
112.0
145.0
110.0
504.0
111.0
145.0
187.0
146.0
117.0
114.0
113.0
146.0
103.0
140.0
111.0
116.0
109.0
140.0
113.0
145.0
114.0
109.0
107.0
149.0
114.0
142.0
111.0
147.0
109.0
144.0
192.0
110.0
107.0
144.0
114.0
112.0
142.0
114.0
114.0
146.0
109.0
145.0
107.0
148.0
110.0
111.0
93.0
144.0
110.0
146.0
111.0
111.0
114.0
114.0
142.0
117.0
113.0
145.0
110.0
109.0
140.0
111.0
114.0
141.0
112.0
112.0
146.0
106.0
141.0
110.0
108.0
139.0
106.0
141.0
114.0
109.0
144.0
110.0
144.0
114.0
113.0
140.0
108.0
141.0
110.0
109.0
146.0
114.0
138.0
112.0
110.0
140.0
95.0
144.0
109.0
111.0
110.0
142.0
109.0
142.0
113.0
145.0
110.0
144.0
118.0
112.0
145.0
113.0
145.0
107.0
145.0
115.0
141.0
112.0
144.0
114.0
146.0
110.0
114.0
141.0
117.0
145.0
114.0
116.0
106.0
112.0
148.0
116.0
145.0
116.0
115.0
145.0
104.0
144.0
110.0
146.0
112.0
111.0
110.0
147.0
109.0
144.0
109.0
108.0
113.0
110.0
113.0
142.0
113.0
106.0
141.0
106.0
144.0
114.0
107.0
145.0
490.0
145.0
112.0
143.0
112.0
141.0
114.0
110.0
106.0
149.0
110.0
96.0
146.0
107.0
144.0
110.0
147.0
112.0
107.0
146.0
112.0
141.0
112.0
113.0
247.0
144.0
108.0
109.0
112.0
113.0
113.0
116.0
110.0
143.0
114.0
114.0
142.0
109.0
111.0
139.0
112.0
145.0
117.0
106.0
112.0
108.0
142.0
113.0
115.0
149.0
109.0
112.0
109.0
113.0
110.0
109.0
142.0
110.0
106.0
105.0
108.0
96.0
146.0
109.0
106.0
110.0
146.0
101.0
107.0
118.0
140.0
112.0
142.0
115.0
144.0
100.0
146.0
107.0
149.0
109.0
111.0
144.0
113.0
110.0
142.0
110.0
102.0
151.0
112.0
139.0
110.0
108.0
101.0
148.0
114.0
105.0
146.0
618.0
115.0
109.0
109.0
109.0
107.0
141.0
112.0
146.0
113.0
145.0
109.0
145.0
115.0
146.0
110.0
108.0
140.0
107.0
113.0
114.0
105.0
113.0
106.0
141.0
109.0
138.0
116.0
110.0
139.0
113.0
142.0
112.0
144.0
107.0
145.0
285.0
144.0
111.0
145.0
111.0
146.0
114.0
106.0
147.0
112.0
113.0
142.0
114.0
145.0
110.0
146.0
113.0
144.0
107.0
144.0
110.0
116.0
110.0
112.0
114.0
141.0
113.0
110.0
114.0
114.0
108.0
144.0
103.0
143.0
113.0
113.0
146.0
107.0
145.0
109.0
141.0
113.0
114.0
111.0
143.0
113.0
143.0
110.0
112.0
112.0
142.0
112.0
98.0
146.0
114.0
142.0
110.0
144.0
104.0
106.0
109.0
140.0
113.0
145.0
110.0
143.0
105.0
109.0
114.0
142.0
115.0
148.0
111.0
141.0
116.0
144.0
114.0
108.0
106.0
142.0
111.0
114.0
112.0
253.0
144.0
108.0
110.0
144.0
108.0
145.0
113.0
144.0
112.0
120.0
113.0
142.0
114.0
142.0
112.0
113.0
142.0
110.0
144.0
112.0
138.0
116.0
144.0
113.0
107.0
145.0
114.0
114.0
142.0
109.0
144.0
107.0
141.0
104.0
142.0
279.0
112.0
146.0
113.0
144.0
115.0
333.0
144.0
96.0
149.0
109.0
121.0
114.0
113.0
111.0
109.0
144.0
115.0
114.0
142.0
113.0
141.0
115.0
114.0
146.0
578.0
146.0
114.0
141.0
115.0
110.0
113.0
144.0
110.0
147.0
112.0
141.0
113.0
144.0
84.0
152.0
113.0
112.0
107.0
144.0
113.0
88.0
148.0
109.0
145.0
112.0
143.0
116.0
108.0
112.0
112.0
112.0
114.0
142.0
107.0
107.0
146.0
108.0
112.0
100.0
146.0
115.0
141.0
113.0
107.0
109.0
111.0
144.0
106.0
148.0
107.0
111.0
112.0
144.0
116.0
109.0
114.0
100.0
142.0
110.0
113.0
139.0
114.0
147.0
112.0
112.0
143.0
121.0
109.0
147.0
108.0
109.0
109.0
114.0
146.0
117.0
144.0
111.0
116.0
117.0
146.0
113.0
141.0
111.0
108.0
146.0
108.0
144.0
111.0
117.0
146.0
113.0
148.0
113.0
112.0
146.0
113.0
143.0
109.0
113.0
108.0
146.0
118.0
112.0
143.0
112.0
114.0
106.0
145.0
110.0
116.0
115.0
198.0
112.0
145.0
100.0
146.0
107.0
147.0
114.0
144.0
425.0
114.0
114.0
114.0
112.0
109.0
114.0
116.0
113.0
108.0
144.0
115.0
111.0
109.0
106.0
145.0
109.0
117.0
144.0
109.0
110.0
115.0
145.0
109.0
108.0
171.0
117.0
106.0
145.0
113.0
108.0
142.0
114.0
149.0
113.0
113.0
142.0
115.0
164.0
168.0
148.0
109.0
142.0
105.0
149.0
103.0
108.0
113.0
142.0
104.0
146.0
114.0
110.0
142.0
112.0
112.0
149.0
111.0
109.0
116.0
113.0
144.0
102.0
108.0
112.0
114.0
109.0
146.0
112.0
110.0
146.0
109.0
112.0
108.0
117.0
145.0
111.0
198.0
110.0
146.0
109.0
110.0
113.0
111.0
113.0
144.0
99.0
144.0
111.0
113.0
141.0
118.0
146.0
109.0
113.0
149.0
112.0
110.0
142.0
113.0
141.0
112.0
117.0
109.0
145.0
109.0
140.0
118.0
112.0
112.0
141.0
112.0
147.0
104.0
146.0
117.0
110.0
146.0
111.0
143.0
116.0
112.0
147.0
109.0
139.0
110.0
113.0
146.0
111.0
110.0
143.0
110.0
146.0
111.0
144.0
108.0
114.0
114.0
143.0
112.0
148.0
110.0
114.0
112.0
145.0
109.0
110.0
116.0
114.0
106.0
110.0
107.0
146.0
114.0
104.0
146.0
108.0
112.0
140.0
115.0
114.0
145.0
109.0
117.0
110.0
139.0
100.0
147.0
108.0
113.0
101.0
113.0
109.0
144.0
113.0
140.0
116.0
146.0
113.0
144.0
109.0
148.0
115.0
116.0
110.0
144.0
114.0
111.0
108.0
142.0
118.0
143.0
108.0
114.0
109.0
108.0
144.0
110.0
145.0
107.0
146.0
111.0
147.0
104.0
107.0
105.0
150.0
110.0
107.0
110.0
146.0
113.0
146.0
113.0
146.0
109.0
147.0
109.0
112.0
117.0
117.0
175.0
143.0
102.0
110.0
98.0
146.0
105.0
144.0
92.0
144.0
110.0
143.0
113.0
171.0
143.0
110.0
140.0
117.0
144.0
113.0
148.0
111.0
172.0
144.0
112.0
147.0
116.0
146.0
110.0
145.0
112.0
115.0
100.0
146.0
111.0
104.0
105.0
145.0
105.0
145.0
114.0
103.0
107.0
112.0
114.0
148.0
160.0
112.0
110.0
146.0
111.0
114.0
148.0
110.0
142.0
111.0
113.0
113.0
109.0
142.0
108.0
113.0
110.0
144.0
111.0
110.0
105.0
146.0
112.0
112.0
112.0
145.0
112.0
144.0
113.0
103.0
117.0
147.0
109.0
113.0
115.0
110.0
110.0
113.0
109.0
149.0
110.0
145.0
109.0
101.0
148.0
108.0
108.0
258.0
140.0
106.0
139.0
180.0
145.0
116.0
114.0
110.0
149.0
110.0
116.0
149.0
113.0
114.0
147.0
111.0
113.0
144.0
111.0
110.0
146.0
113.0
118.0
112.0
146.0
105.0
145.0
111.0
139.0
112.0
144.0
116.0
145.0
115.0
150.0
114.0
112.0
141.0
113.0
110.0
114.0
110.0
114.0
146.0
113.0
111.0
117.0
179.0
110.0
145.0
114.0
108.0
144.0
110.0
110.0
104.0
144.0
550.0
146.0
115.0
146.0
114.0
110.0
145.0
95.0
149.0
105.0
106.0
113.0
332.0
108.0
144.0
109.0
140.0
117.0
145.0
111.0
144.0
108.0
145.0
111.0
110.0
145.0
113.0
146.0
111.0
110.0
108.0
110.0
111.0
113.0
115.0
114.0
110.0
144.0
111.0
110.0
145.0
116.0
148.0
111.0
111.0
146.0
109.0
117.0
139.0
109.0
115.0
107.0
108.0
111.0
145.0
110.0
115.0
108.0
115.0
116.0
145.0
110.0
142.0
111.0
149.0
111.0
146.0
108.0
146.0
107.0
148.0
114.0
142.0
108.0
114.0
111.0
115.0
111.0
142.0
94.0
144.0
115.0
111.0
109.0
148.0
109.0
109.0
113.0
109.0
111.0
144.0
111.0
104.0
113.0
144.0
114.0
112.0
137.0
109.0
145.0
108.0
120.0
111.0
148.0
110.0
144.0
107.0
144.0
114.0
146.0
110.0
117.0
146.0
222.0
97.0
148.0
112.0
145.0
114.0
145.0
113.0
114.0
111.0
111.0
147.0
112.0
116.0
146.0
107.0
116.0
142.0
116.0
108.0
146.0
105.0
148.0
109.0
144.0
104.0
144.0
109.0
110.0
111.0
147.0
111.0
110.0
104.0
110.0
111.0
175.0
145.0
113.0
112.0
143.0
105.0
109.0
110.0
113.0
108.0
145.0
110.0
146.0
100.0
143.0
166.0
102.0
145.0
106.0
119.0
110.0
110.0
150.0
114.0
109.0
145.0
114.0
142.0
116.0
113.0
111.0
118.0
146.0
115.0
363.0
145.0
109.0
139.0
104.0
110.0
101.0
121.0
109.0
109.0
148.0
106.0
141.0
109.0
115.0
149.0
110.0
148.0
117.0
105.0
104.0
147.0
109.0
145.0
115.0
111.0
142.0
108.0
145.0
112.0
114.0
110.0
139.0
109.0
141.0
116.0
148.0
113.0
146.0
110.0
144.0
108.0
142.0
110.0
144.0
107.0
146.0
109.0
142.0
107.0
109.0
146.0
106.0
110.0
114.0
110.0
142.0
111.0
149.0
116.0
107.0
285.0
214.0
141.0
107.0
112.0
101.0
144.0
112.0
513.0
148.0
105.0
144.0
112.0
139.0
114.0
110.0
143.0
109.0
146.0
110.0
146.0
199.0
111.0
114.0
107.0
145.0
118.0
115.0
111.0
104.0
116.0
111.0
139.0
112.0
117.0
107.0
108.0
141.0
109.0
116.0
108.0
112.0
111.0
140.0
114.0
144.0
113.0
106.0
141.0
106.0
145.0
113.0
113.0
148.0
111.0
110.0
144.0
109.0
140.0
110.0
141.0
113.0
141.0
108.0
110.0
114.0
106.0
142.0
110.0
144.0
108.0
107.0
433.0
106.0
146.0
106.0
147.0
104.0
141.0
109.0
148.0
109.0
109.0
146.0
105.0
146.0
114.0
142.0
114.0
115.0
113.0
102.0
140.0
346.0
114.0
106.0
142.0
113.0
146.0
110.0
144.0
109.0
145.0
117.0
139.0
110.0
142.0
117.0
113.0
144.0
112.0
145.0
107.0
140.0
117.0
113.0
146.0
120.0
115.0
114.0
111.0
139.0
114.0
142.0
116.0
144.0
107.0
146.0
110.0
146.0
112.0
114.0
149.0
114.0
144.0
112.0
138.0
114.0
144.0
113.0
93.0
152.0
109.0
147.0
111.0
114.0
141.0
107.0
144.0
110.0
109.0
111.0
145.0
110.0
113.0
146.0
113.0
149.0
114.0
149.0
106.0
142.0
112.0
177.0
107.0
109.0
148.0
112.0
142.0
118.0
106.0
138.0
109.0
111.0
142.0
108.0
107.0
143.0
81.0
150.0
113.0
145.0
108.0
145.0
112.0
143.0
113.0
142.0
100.0
146.0
548.0
148.0
113.0
116.0
145.0
114.0
114.0
144.0
113.0
109.0
143.0
118.0
143.0
112.0
146.0
115.0
146.0
111.0
112.0
109.0
137.0
487.0
138.0
102.0
112.0
139.0
113.0
97.0
109.0
116.0
140.0
114.0
141.0
111.0
141.0
108.0
142.0
114.0
109.0
109.0
112.0
114.0
102.0
115.0
142.0
106.0
109.0
102.0
144.0
117.0
146.0
114.0
116.0
110.0
146.0
109.0
112.0
142.0
110.0
144.0
113.0
112.0
111.0
146.0
111.0
146.0
110.0
112.0
113.0
148.0
110.0
114.0
111.0
108.0
111.0
144.0
108.0
144.0
112.0
144.0
112.0
101.0
145.0
108.0
214.0
147.0
105.0
144.0
114.0
112.0
109.0
145.0
109.0
111.0
109.0
105.0
149.0
106.0
144.0
113.0
146.0
111.0
111.0
144.0
113.0
109.0
108.0
146.0
112.0
143.0
114.0
146.0
109.0
145.0
117.0
111.0
116.0
104.0
149.0
106.0
142.0
110.0
118.0
146.0
108.0
142.0
112.0
140.0
112.0
146.0
110.0
114.0
111.0
110.0
117.0
144.0
109.0
142.0
114.0
114.0
112.0
109.0
142.0
110.0
112.0
143.0
111.0
146.0
485.0
146.0
113.0
114.0
113.0
112.0
144.0
112.0
105.0
105.0
146.0
112.0
110.0
140.0
108.0
117.0
113.0
146.0
105.0
145.0
111.0
116.0
295.0
141.0
116.0
112.0
139.0
104.0
144.0
113.0
150.0
100.0
116.0
144.0
110.0
149.0
106.0
146.0
114.0
104.0
141.0
111.0
141.0
107.0
148.0
107.0
141.0
114.0
146.0
113.0
146.0
111.0
141.0
112.0
146.0
106.0
146.0
109.0
145.0
115.0
115.0
144.0
111.0
105.0
144.0
109.0
141.0
113.0
109.0
109.0
142.0
114.0
110.0
111.0
101.0
142.0
112.0
113.0
144.0
101.0
143.0
110.0
144.0
117.0
145.0
110.0
145.0
112.0
148.0
106.0
117.0
146.0
110.0
112.0
109.0
109.0
114.0
144.0
111.0
146.0
106.0
144.0
110.0
107.0
143.0
113.0
112.0
108.0
113.0
113.0
108.0
114.0
102.0
146.0
108.0
147.0
114.0
112.0
142.0
115.0
147.0
114.0
146.0
115.0
145.0
106.0
147.0
112.0
145.0
110.0
107.0
95.0
149.0
116.0
145.0
110.0
106.0
139.0
110.0
143.0
98.0
152.0
109.0
145.0
114.0
105.0
105.0
145.0
112.0
144.0
99.0
147.0
114.0
145.0
108.0
144.0
112.0
146.0
114.0
144.0
106.0
146.0
110.0
109.0
114.0
145.0
106.0
139.0
110.0
144.0
110.0
107.0
142.0
109.0
109.0
141.0
107.0
88.0
151.0
110.0
144.0
112.0
146.0
110.0
107.0
140.0
112.0
112.0
109.0
145.0
113.0
112.0
143.0
110.0
98.0
112.0
146.0
112.0
106.0
111.0
112.0
