139.0
141.0
141.0
143.0
138.0
168.0
140.0
170.0
140.0
168.0
142.0
142.0
144.0
166.0
307.0
171.0
138.0
168.0
161.0
139.0
169.0
141.0
171.0
138.0
141.0
140.0
146.0
170.0
141.0
136.0
169.0
138.0
141.0
132.0
168.0
141.0
169.0
145.0
170.0
142.0
171.0
141.0
170.0
495.0
171.0
141.0
167.0
376.0
170.0
139.0
143.0
453.0
175.0
136.0
171.0
138.0
170.0
141.0
144.0
137.0
168.0
140.0
139.0
141.0
170.0
135.0
145.0
169.0
143.0
140.0
140.0
140.0
170.0
139.0
137.0
141.0
166.0
141.0
168.0
129.0
169.0
141.0
166.0
144.0
138.0
144.0
169.0
146.0
170.0
144.0
168.0
139.0
170.0
139.0
168.0
145.0
172.0
138.0
137.0
167.0
141.0
144.0
170.0
141.0
169.0
136.0
169.0
137.0
170.0
146.0
170.0
135.0
220.0
171.0
138.0
172.0
143.0
172.0
141.0
171.0
143.0
168.0
136.0
172.0
137.0
141.0
169.0
145.0
170.0
141.0
167.0
134.0
144.0
173.0
134.0
171.0
142.0
173.0
140.0
169.0
131.0
140.0
144.0
170.0
136.0
139.0
142.0
169.0
144.0
141.0
169.0
138.0
169.0
137.0
167.0
142.0
165.0
142.0
144.0
169.0
139.0
169.0
139.0
136.0
143.0
170.0
141.0
168.0
140.0
141.0
168.0
143.0
170.0
141.0
166.0
140.0
171.0
139.0
175.0
141.0
170.0
141.0
168.0
141.0
170.0
140.0
138.0
171.0
136.0
170.0
134.0
169.0
328.0
176.0
141.0
170.0
141.0
138.0
167.0
140.0
170.0
139.0
136.0
167.0
137.0
166.0
141.0
172.0
130.0
171.0
134.0
168.0
673.0
139.0
133.0
168.0
465.0
170.0
142.0
138.0
171.0
143.0
171.0
142.0
166.0
141.0
165.0
140.0
170.0
142.0
173.0
219.0
174.0
138.0
171.0
139.0
140.0
170.0
144.0
140.0
138.0
140.0
139.0
168.0
146.0
141.0
145.0
141.0
141.0
137.0
173.0
142.0
144.0
140.0
142.0
172.0
143.0
171.0
140.0
169.0
140.0
170.0
142.0
170.0
141.0
139.0
168.0
138.0
169.0
139.0
166.0
140.0
167.0
146.0
173.0
142.0
165.0
141.0
168.0
142.0
144.0
165.0
132.0
170.0
141.0
140.0
169.0
135.0
173.0
133.0
173.0
143.0
166.0
141.0
170.0
144.0
141.0
144.0
141.0
170.0
140.0
168.0
140.0
140.0
139.0
139.0
171.0
145.0
170.0
140.0
133.0
173.0
134.0
168.0
142.0
171.0
144.0
170.0
146.0
168.0
140.0
167.0
138.0
169.0
139.0
146.0
138.0
169.0
136.0
141.0
173.0
146.0
145.0
167.0
132.0
170.0
141.0
168.0
141.0
141.0
141.0
166.0
138.0
140.0
165.0
129.0
169.0
141.0
174.0
140.0
144.0
134.0
140.0
142.0
141.0
168.0
141.0
166.0
141.0
168.0
145.0
166.0
138.0
174.0
139.0
138.0
142.0
169.0
142.0
140.0
140.0
141.0
142.0
176.0
142.0
142.0
172.0
140.0
169.0
137.0
169.0
140.0
138.0
145.0
139.0
173.0
138.0
173.0
140.0
169.0
139.0
141.0
170.0
139.0
132.0
175.0
140.0
173.0
141.0
141.0
137.0
142.0
168.0
142.0
170.0
141.0
168.0
142.0
171.0
139.0
146.0
141.0
141.0
142.0
168.0
141.0
141.0
170.0
138.0
168.0
138.0
137.0
168.0
138.0
167.0
142.0
168.0
141.0
170.0
146.0
167.0
140.0
138.0
168.0
140.0
168.0
138.0
141.0
170.0
136.0
169.0
141.0
168.0
143.0
168.0
140.0
170.0
138.0
146.0
171.0
140.0
174.0
137.0
145.0
169.0
144.0
141.0
138.0
136.0
170.0
203.0
133.0
142.0
174.0
143.0
141.0
143.0
140.0
170.0
138.0
170.0
142.0
171.0
140.0
138.0
169.0
140.0
170.0
142.0
145.0
141.0
169.0
138.0
144.0
169.0
141.0
141.0
141.0
141.0
138.0
144.0
170.0
141.0
140.0
172.0
140.0
144.0
170.0
142.0
138.0
168.0
138.0
171.0
141.0
143.0
166.0
302.0
170.0
142.0
145.0
143.0
139.0
141.0
170.0
129.0
140.0
168.0
141.0
140.0
174.0
141.0
170.0
141.0
168.0
142.0
167.0
140.0
140.0
169.0
141.0
144.0
143.0
169.0
142.0
169.0
144.0
167.0
139.0
170.0
141.0
139.0
165.0
139.0
132.0
171.0
140.0
170.0
140.0
167.0
142.0
170.0
141.0
139.0
141.0
142.0
171.0
141.0
144.0
138.0
169.0
139.0
169.0
140.0
167.0
139.0
311.0
170.0
145.0
166.0
141.0
139.0
141.0
168.0
142.0
145.0
170.0
137.0
170.0
141.0
172.0
144.0
139.0
169.0
145.0
172.0
142.0
169.0
132.0
173.0
139.0
141.0
171.0
142.0
172.0
141.0
130.0
169.0
142.0
173.0
141.0
166.0
143.0
166.0
139.0
137.0
168.0
141.0
128.0
170.0
140.0
170.0
144.0
168.0
141.0
171.0
142.0
140.0
141.0
170.0
140.0
173.0
141.0
416.0
171.0
141.0
142.0
168.0
141.0
143.0
171.0
144.0
170.0
139.0
166.0
137.0
141.0
174.0
142.0
139.0
138.0
136.0
144.0
139.0
169.0
145.0
173.0
140.0
145.0
170.0
137.0
144.0
141.0
167.0
141.0
169.0
141.0
139.0
139.0
169.0
140.0
139.0
140.0
169.0
139.0
170.0
141.0
139.0
141.0
164.0
143.0
138.0
147.0
171.0
141.0
168.0
139.0
139.0
171.0
136.0
165.0
140.0
168.0
241.0
169.0
141.0
170.0
137.0
170.0
139.0
142.0
171.0
142.0
205.0
173.0
141.0
164.0
139.0
145.0
171.0
145.0
172.0
138.0
143.0
141.0
142.0
169.0
140.0
171.0
139.0
170.0
144.0
170.0
130.0
173.0
141.0
143.0
171.0
140.0
143.0
170.0
139.0
168.0
138.0
167.0
141.0
168.0
144.0
142.0
140.0
166.0
141.0
170.0
141.0
169.0
143.0
171.0
136.0
173.0
140.0
169.0
140.0
130.0
125.0
171.0
141.0
170.0
141.0
143.0
172.0
142.0
140.0
168.0
133.0
164.0
145.0
145.0
166.0
137.0
168.0
144.0
140.0
142.0
139.0
170.0
141.0
171.0
138.0
170.0
138.0
168.0
140.0
173.0
139.0
141.0
141.0
138.0
142.0
168.0
141.0
503.0
170.0
140.0
168.0
132.0
170.0
140.0
138.0
169.0
145.0
139.0
170.0
141.0
164.0
138.0
141.0
170.0
140.0
171.0
190.0
138.0
170.0
136.0
139.0
138.0
171.0
133.0
141.0
169.0
142.0
140.0
142.0
172.0
136.0
171.0
165.0
133.0
170.0
142.0
139.0
170.0
141.0
141.0
140.0
145.0
168.0
140.0
142.0
144.0
138.0
142.0
141.0
171.0
141.0
166.0
519.0
171.0
144.0
170.0
140.0
171.0
139.0
173.0
142.0
173.0
133.0
171.0
144.0
141.0
141.0
125.0
173.0
141.0
167.0
144.0
169.0
144.0
167.0
146.0
170.0
145.0
141.0
146.0
169.0
134.0
173.0
138.0
173.0
138.0
165.0
145.0
165.0
139.0
144.0
169.0
144.0
170.0
142.0
141.0
141.0
131.0
169.0
141.0
142.0
169.0
142.0
172.0
139.0
168.0
140.0
166.0
142.0
169.0
629.0
141.0
165.0
139.0
165.0
141.0
173.0
137.0
168.0
141.0
166.0
139.0
169.0
139.0
141.0
168.0
145.0
171.0
137.0
133.0
139.0
141.0
169.0
139.0
141.0
166.0
141.0
171.0
138.0
173.0
142.0
137.0
141.0
143.0
168.0
144.0
170.0
138.0
170.0
142.0
137.0
172.0
141.0
169.0
212.0
170.0
139.0
169.0
139.0
138.0
141.0
167.0
139.0
167.0
138.0
141.0
167.0
141.0
168.0
139.0
141.0
171.0
141.0
167.0
146.0
165.0
138.0
170.0
141.0
142.0
169.0
138.0
170.0
141.0
168.0
140.0
143.0
130.0
171.0
286.0
171.0
145.0
166.0
139.0
142.0
143.0
138.0
170.0
143.0
168.0
136.0
168.0
141.0
141.0
125.0
168.0
141.0
139.0
142.0
167.0
139.0
144.0
168.0
138.0
168.0
139.0
142.0
145.0
137.0
170.0
140.0
170.0
145.0
170.0
144.0
173.0
142.0
144.0
141.0
164.0
141.0
168.0
141.0
141.0
172.0
142.0
170.0
144.0
169.0
127.0
173.0
139.0
140.0
174.0
139.0
171.0
142.0
170.0
140.0
141.0
144.0
137.0
169.0
142.0
169.0
143.0
141.0
167.0
142.0
173.0
139.0
166.0
140.0
145.0
166.0
145.0
166.0
119.0
175.0
141.0
138.0
171.0
143.0
166.0
141.0
168.0
138.0
133.0
173.0
139.0
139.0
136.0
172.0
144.0
138.0
171.0
142.0
138.0
170.0
122.0
172.0
132.0
145.0
143.0
142.0
140.0
168.0
142.0
170.0
145.0
166.0
141.0
144.0
166.0
142.0
142.0
170.0
142.0
171.0
142.0
138.0
168.0
138.0
165.0
141.0
169.0
139.0
164.0
135.0
174.0
136.0
174.0
141.0
165.0
142.0
142.0
141.0
166.0
132.0
171.0
138.0
173.0
142.0
143.0
140.0
143.0
144.0
169.0
141.0
144.0
132.0
170.0
141.0
172.0
142.0
170.0
145.0
170.0
141.0
166.0
142.0
174.0
142.0
173.0
140.0
142.0
172.0
138.0
144.0
169.0
141.0
165.0
133.0
165.0
137.0
169.0
139.0
141.0
139.0
169.0
140.0
170.0
142.0
169.0
142.0
173.0
144.0
170.0
138.0
169.0
138.0
174.0
141.0
169.0
130.0
170.0
141.0
169.0
144.0
142.0
173.0
136.0
166.0
142.0
141.0
140.0
167.0
142.0
141.0
171.0
140.0
164.0
139.0
169.0
142.0
141.0
138.0
174.0
137.0
130.0
164.0
138.0
167.0
143.0
137.0
139.0
167.0
144.0
139.0
167.0
139.0
168.0
135.0
167.0
144.0
168.0
138.0
173.0
144.0
173.0
144.0
141.0
170.0
141.0
140.0
167.0
136.0
141.0
139.0
141.0
138.0
165.0
141.0
144.0
171.0
141.0
168.0
141.0
170.0
140.0
170.0
140.0
168.0
143.0
169.0
142.0
141.0
168.0
134.0
166.0
140.0
166.0
141.0
171.0
141.0
140.0
141.0
139.0
138.0
168.0
141.0
170.0
138.0
170.0
138.0
173.0
142.0
136.0
139.0
131.0
173.0
141.0
144.0
169.0
140.0
172.0
138.0
138.0
140.0
140.0
141.0
170.0
139.0
146.0
169.0
142.0
166.0
143.0
170.0
142.0
170.0
137.0
144.0
145.0
165.0
140.0
171.0
141.0
144.0
138.0
142.0
171.0
144.0
170.0
141.0
146.0
170.0
141.0
141.0
170.0
139.0
136.0
145.0
138.0
172.0
138.0
167.0
144.0
170.0
144.0
142.0
141.0
140.0
171.0
145.0
142.0
143.0
144.0
166.0
139.0
168.0
143.0
170.0
140.0
140.0
141.0
98.0
181.0
141.0
138.0
141.0
173.0
144.0
168.0
140.0
144.0
169.0
134.0
171.0
144.0
141.0
142.0
171.0
138.0
170.0
116.0
177.0
140.0
139.0
144.0
168.0
142.0
142.0
141.0
170.0
142.0
133.0
172.0
144.0
140.0
138.0
145.0
144.0
141.0
165.0
145.0
144.0
171.0
141.0
140.0
138.0
170.0
143.0
144.0
133.0
143.0
171.0
140.0
170.0
142.0
139.0
172.0
140.0
141.0
170.0
140.0
170.0
139.0
171.0
142.0
145.0
141.0
141.0
138.0
140.0
168.0
139.0
139.0
168.0
141.0
144.0
169.0
138.0
170.0
142.0
249.0
140.0
168.0
142.0
138.0
171.0
134.0
169.0
142.0
141.0
141.0
130.0
168.0
141.0
137.0
172.0
141.0
141.0
142.0
167.0
136.0
394.0
170.0
142.0
170.0
223.0
170.0
144.0
140.0
170.0
142.0
171.0
139.0
170.0
140.0
165.0
139.0
164.0
141.0
141.0
168.0
126.0
144.0
139.0
168.0
141.0
170.0
138.0
121.0
170.0
137.0
134.0
141.0
138.0
141.0
141.0
170.0
139.0
140.0
174.0
142.0
166.0
142.0
163.0
137.0
143.0
169.0
139.0
123.0
144.0
144.0
170.0
142.0
141.0
135.0
165.0
145.0
142.0
172.0
142.0
141.0
171.0
140.0
170.0
141.0
164.0
138.0
140.0
140.0
139.0
172.0
141.0
175.0
138.0
141.0
168.0
141.0
141.0
144.0
168.0
138.0
140.0
165.0
140.0
139.0
138.0
166.0
143.0
140.0
142.0
146.0
177.0
139.0
144.0
169.0
138.0
139.0
171.0
140.0
169.0
142.0
173.0
354.0
144.0
170.0
141.0
171.0
139.0
168.0
140.0
130.0
170.0
142.0
137.0
169.0
139.0
171.0
139.0
170.0
142.0
133.0
169.0
138.0
169.0
138.0
173.0
140.0
170.0
139.0
138.0
170.0
144.0
162.0
141.0
136.0
141.0
141.0
172.0
139.0
141.0
144.0
170.0
144.0
138.0
141.0
139.0
168.0
144.0
139.0
139.0
167.0
138.0
137.0
140.0
142.0
141.0
143.0
144.0
174.0
134.0
136.0
170.0
135.0
177.0
141.0
115.0
174.0
138.0
167.0
143.0
144.0
170.0
134.0
137.0
164.0
141.0
166.0
136.0
169.0
144.0
137.0
168.0
140.0
171.0
139.0
171.0
143.0
166.0
137.0
168.0
144.0
168.0
139.0
168.0
144.0
141.0
170.0
146.0
167.0
144.0
168.0
137.0
140.0
169.0
144.0
170.0
132.0
170.0
140.0
141.0
166.0
146.0
144.0
170.0
145.0
165.0
136.0
176.0
137.0
171.0
138.0
172.0
142.0
170.0
138.0
202.0
141.0
170.0
136.0
136.0
170.0
145.0
168.0
139.0
165.0
135.0
169.0
579.0
170.0
136.0
141.0
171.0
138.0
170.0
143.0
166.0
143.0
172.0
141.0
141.0
168.0
144.0
135.0
171.0
141.0
167.0
139.0
139.0
166.0
296.0
171.0
142.0
141.0
167.0
144.0
144.0
139.0
168.0
138.0
169.0
141.0
171.0
144.0
140.0
174.0
141.0
166.0
138.0
170.0
131.0
167.0
139.0
163.0
141.0
171.0
141.0
141.0
171.0
141.0
170.0
142.0
170.0
140.0
173.0
140.0
138.0
142.0
169.0
135.0
146.0
141.0
140.0
165.0
140.0
141.0
146.0
168.0
203.0
169.0
138.0
170.0
146.0
170.0
139.0
172.0
143.0
171.0
127.0
165.0
142.0
139.0
171.0
141.0
138.0
167.0
141.0
215.0
142.0
126.0
172.0
204.0
170.0
140.0
172.0
144.0
141.0
172.0
139.0
171.0
141.0
167.0
139.0
168.0
141.0
173.0
141.0
168.0
141.0
166.0
141.0
167.0
139.0
170.0
138.0
171.0
144.0
141.0
138.0
141.0
142.0
141.0
139.0
138.0
173.0
144.0
165.0
144.0
142.0
140.0
171.0
140.0
142.0
171.0
146.0
170.0
139.0
169.0
141.0
145.0
164.0
142.0
169.0
141.0
169.0
141.0
136.0
170.0
144.0
169.0
133.0
170.0
145.0
144.0
144.0
139.0
168.0
141.0
167.0
144.0
169.0
141.0
171.0
139.0
173.0
141.0
164.0
144.0
168.0
141.0
171.0
140.0
176.0
142.0
168.0
140.0
144.0
176.0
143.0
141.0
140.0
171.0
141.0
168.0
142.0
167.0
136.0
172.0
140.0
169.0
144.0
139.0
142.0
169.0
143.0
171.0
141.0
173.0
139.0
172.0
138.0
137.0
144.0
141.0
170.0
142.0
168.0
141.0
171.0
141.0
142.0
171.0
136.0
170.0
141.0
168.0
144.0
165.0
140.0
174.0
141.0
141.0
142.0
169.0
145.0
140.0
166.0
142.0
138.0
168.0
130.0
168.0
133.0
173.0
140.0
175.0
139.0
173.0
136.0
139.0
142.0
135.0
198.0
168.0
138.0
140.0
170.0
146.0
144.0
170.0
142.0
172.0
141.0
170.0
143.0
165.0
141.0
141.0
141.0
141.0
141.0
134.0
166.0
140.0
134.0
170.0
141.0
166.0
141.0
168.0
142.0
165.0
144.0
141.0
126.0
169.0
138.0
140.0
168.0
140.0
143.0
165.0
141.0
171.0
138.0
166.0
138.0
139.0
144.0
169.0
142.0
144.0
142.0
139.0
170.0
137.0
168.0
143.0
170.0
141.0
169.0
139.0
170.0
141.0
171.0
138.0
171.0
355.0
173.0
141.0
168.0
145.0
139.0
270.0
141.0
144.0
142.0
169.0
138.0
141.0
134.0
144.0
170.0
144.0
167.0
138.0
170.0
144.0
171.0
113.0
180.0
141.0
167.0
130.0
169.0
202.0
142.0
175.0
140.0
170.0
137.0
166.0
138.0
173.0
131.0
175.0
139.0
170.0
140.0
168.0
142.0
170.0
140.0
170.0
139.0
139.0
169.0
144.0
166.0
142.0
144.0
141.0
170.0
141.0
146.0
168.0
140.0
168.0
140.0
165.0
140.0
167.0
136.0
142.0
140.0
142.0
142.0
168.0
141.0
170.0
139.0
165.0
141.0
166.0
133.0
169.0
140.0
145.0
140.0
170.0
144.0
169.0
140.0
144.0
167.0
141.0
168.0
137.0
170.0
146.0
141.0
171.0
141.0
168.0
138.0
138.0
169.0
141.0
179.0
144.0
140.0
142.0
165.0
140.0
163.0
144.0
170.0
141.0
143.0
168.0
141.0
169.0
140.0
143.0
174.0
136.0
141.0
171.0
136.0
170.0
139.0
140.0
167.0
138.0
166.0
141.0
170.0
139.0
141.0
142.0
134.0
141.0
170.0
144.0
170.0
141.0
171.0
141.0
174.0
140.0
168.0
139.0
172.0
144.0
170.0
140.0
171.0
142.0
169.0
144.0
168.0
138.0
167.0
141.0
169.0
143.0
171.0
139.0
136.0
168.0
137.0
173.0
205.0
144.0
170.0
134.0
168.0
133.0
174.0
141.0
171.0
142.0
173.0
137.0
173.0
142.0
143.0
140.0
138.0
170.0
139.0
168.0
144.0
141.0
165.0
138.0
162.0
141.0
168.0
137.0
170.0
139.0
172.0
144.0
168.0
144.0
138.0
140.0
145.0
170.0
141.0
168.0
139.0
171.0
142.0
143.0
144.0
133.0
173.0
141.0
139.0
141.0
141.0
165.0
141.0
139.0
141.0
167.0
144.0
171.0
138.0
167.0
137.0
142.0
174.0
122.0
171.0
139.0
171.0
142.0
170.0
141.0
141.0
142.0
140.0
168.0
137.0
145.0
168.0
143.0
137.0
168.0
140.0
140.0
138.0
168.0
157.0
170.0
139.0
173.0
142.0
140.0
173.0
141.0
168.0
140.0
165.0
138.0
137.0
140.0
171.0
144.0
167.0
141.0
136.0
168.0
139.0
141.0
139.0
139.0
171.0
142.0
170.0
141.0
170.0
142.0
171.0
136.0
173.0
138.0
250.0
172.0
142.0
170.0
141.0
170.0
139.0
172.0
141.0
141.0
170.0
139.0
122.0
179.0
138.0
167.0
144.0
165.0
129.0
144.0
168.0
142.0
144.0
144.0
139.0
138.0
167.0
147.0
139.0
168.0
139.0
170.0
138.0
170.0
141.0
169.0
141.0
169.0
142.0
174.0
142.0
173.0
139.0
141.0
167.0
145.0
173.0
142.0
168.0
142.0
169.0
143.0
141.0
166.0
138.0
132.0
172.0
141.0
166.0
140.0
169.0
134.0
136.0
171.0
140.0
166.0
139.0
170.0
140.0
171.0
140.0
141.0
138.0
166.0
131.0
144.0
172.0
140.0
275.0
140.0
142.0
141.0
169.0
138.0
171.0
141.0
141.0
138.0
164.0
130.0
168.0
138.0
168.0
141.0
141.0
169.0
134.0
168.0
139.0
144.0
138.0
169.0
142.0
139.0
170.0
141.0
141.0
138.0
139.0
146.0
142.0
137.0
144.0
168.0
133.0
143.0
137.0
171.0
141.0
136.0
169.0
137.0
169.0
132.0
169.0
144.0
139.0
142.0
169.0
141.0
166.0
139.0
139.0
164.0
143.0
144.0
136.0
170.0
144.0
170.0
142.0
168.0
144.0
169.0
142.0
173.0
131.0
170.0
138.0
168.0
141.0
169.0
239.0
139.0
168.0
141.0
137.0
166.0
139.0
170.0
421.0
138.0
144.0
170.0
142.0
145.0
170.0
135.0
170.0
141.0
141.0
170.0
136.0
174.0
144.0
174.0
141.0
138.0
170.0
141.0
141.0
133.0
137.0
145.0
169.0
142.0
170.0
138.0
140.0
169.0
141.0
143.0
142.0
169.0
138.0
144.0
139.0
148.0
145.0
141.0
169.0
144.0
141.0
142.0
141.0
141.0
167.0
137.0
169.0
142.0
141.0
165.0
145.0
142.0
144.0
139.0
140.0
170.0
133.0
147.0
170.0
141.0
138.0
170.0
144.0
142.0
139.0
163.0
140.0
137.0
171.0
140.0
169.0
137.0
140.0
173.0
142.0
174.0
138.0
166.0
141.0
169.0
144.0
141.0
116.0
174.0
126.0
177.0
140.0
169.0
142.0
140.0
144.0
172.0
142.0
138.0
140.0
170.0
202.0
139.0
138.0
173.0
141.0
142.0
136.0
171.0
140.0
142.0
141.0
169.0
139.0
141.0
144.0
173.0
139.0
140.0
139.0
171.0
138.0
140.0
170.0
138.0
170.0
141.0
174.0
138.0
171.0
141.0
141.0
170.0
140.0
145.0
169.0
141.0
171.0
141.0
138.0
168.0
143.0
138.0
139.0
139.0
141.0
172.0
139.0
170.0
139.0
141.0
133.0
169.0
140.0
143.0
139.0
141.0
140.0
165.0
135.0
170.0
145.0
143.0
141.0
168.0
132.0
174.0
141.0
142.0
172.0
145.0
172.0
142.0
490.0
138.0
140.0
169.0
140.0
167.0
138.0
172.0
138.0
142.0
138.0
167.0
145.0
137.0
165.0
138.0
162.0
142.0
139.0
168.0
144.0
172.0
144.0
140.0
167.0
143.0
139.0
139.0
172.0
144.0
171.0
141.0
168.0
453.0
173.0
140.0
170.0
135.0
171.0
132.0
171.0
138.0
141.0
138.0
170.0
139.0
138.0
136.0
142.0
169.0
145.0
142.0
168.0
142.0
142.0
170.0
141.0
140.0
165.0
142.0
166.0
137.0
169.0
134.0
168.0
136.0
170.0
142.0
142.0
170.0
136.0
144.0
139.0
138.0
140.0
143.0
166.0
139.0
168.0
132.0
171.0
141.0
169.0
136.0
168.0
139.0
172.0
145.0
168.0
144.0
140.0
174.0
141.0
138.0
137.0
137.0
170.0
141.0
142.0
169.0
142.0
141.0
172.0
140.0
169.0
142.0
172.0
141.0
138.0
139.0
170.0
142.0
170.0
144.0
168.0
140.0
173.0
144.0
167.0
141.0
142.0
164.0
205.0
291.0
172.0
142.0
170.0
137.0
167.0
138.0
170.0
142.0
137.0
143.0
137.0
141.0
173.0
142.0
171.0
347.0
173.0
112.0
177.0
147.0
141.0
168.0
139.0
142.0
140.0
166.0
141.0
142.0
141.0
140.0
170.0
145.0
169.0
465.0
172.0
133.0
171.0
139.0
139.0
145.0
166.0
139.0
170.0
141.0
133.0
171.0
141.0
141.0
171.0
142.0
169.0
142.0
276.0
170.0
140.0
143.0
133.0
168.0
144.0
173.0
135.0
170.0
139.0
141.0
147.0
144.0
170.0
141.0
142.0
139.0
138.0
169.0
142.0
142.0
165.0
137.0
170.0
141.0
139.0
137.0
169.0
141.0
166.0
138.0
140.0
170.0
136.0
171.0
141.0
165.0
138.0
169.0
142.0
141.0
141.0
168.0
140.0
169.0
133.0
139.0
169.0
142.0
171.0
138.0
171.0
136.0
170.0
146.0
169.0
141.0
141.0
144.0
173.0
145.0
170.0
143.0
169.0
143.0
143.0
167.0
138.0
136.0
168.0
140.0
168.0
144.0
139.0
142.0
130.0
174.0
142.0
173.0
145.0
141.0
137.0
139.0
140.0
168.0
140.0
168.0
139.0
168.0
139.0
144.0
138.0
169.0
145.0
167.0
139.0
167.0
140.0
170.0
138.0
136.0
171.0
132.0
173.0
139.0
142.0
170.0
139.0
167.0
141.0
171.0
140.0
141.0
168.0
145.0
140.0
142.0
138.0
141.0
172.0
140.0
171.0
245.0
170.0
141.0
172.0
141.0
142.0
139.0
170.0
136.0
170.0
141.0
169.0
135.0
170.0
143.0
141.0
169.0
133.0
172.0
143.0
139.0
168.0
212.0
169.0
142.0
168.0
138.0
139.0
168.0
135.0
166.0
141.0
169.0
146.0
166.0
141.0
170.0
141.0
169.0
142.0
167.0
141.0
171.0
141.0
141.0
167.0
140.0
145.0
168.0
137.0
145.0
141.0
170.0
141.0
172.0
140.0
170.0
142.0
144.0
141.0
169.0
139.0
166.0
138.0
141.0
138.0
169.0
138.0
133.0
168.0
141.0
128.0
170.0
141.0
141.0
141.0
167.0
139.0
142.0
169.0
142.0
144.0
167.0
137.0
349.0
170.0
145.0
139.0
166.0
132.0
143.0
174.0
142.0
141.0
168.0
136.0
168.0
143.0
165.0
139.0
139.0
138.0
136.0
169.0
138.0
141.0
166.0
134.0
173.0
145.0
168.0
138.0
173.0
137.0
138.0
172.0
143.0
142.0
170.0
137.0
169.0
141.0
141.0
134.0
168.0
139.0
168.0
139.0
173.0
130.0
172.0
142.0
141.0
170.0
140.0
172.0
145.0
171.0
138.0
138.0
168.0
144.0
140.0
168.0
140.0
170.0
145.0
166.0
577.0
176.0
140.0
138.0
146.0
171.0
140.0
138.0
142.0
140.0
141.0
142.0
167.0
137.0
144.0
145.0
170.0
137.0
136.0
171.0
138.0
168.0
142.0
141.0
164.0
130.0
173.0
138.0
169.0
141.0
141.0
170.0
145.0
169.0
132.0
173.0
145.0
168.0
215.0
169.0
141.0
142.0
144.0
166.0
130.0
139.0
171.0
142.0
172.0
139.0
141.0
169.0
141.0
169.0
129.0
171.0
143.0
169.0
139.0
171.0
134.0
171.0
133.0
174.0
139.0
174.0
140.0
169.0
142.0
171.0
142.0
138.0
168.0
142.0
169.0
138.0
171.0
139.0
169.0
141.0
133.0
168.0
141.0
170.0
142.0
140.0
171.0
142.0
171.0
290.0
171.0
140.0
140.0
170.0
138.0
132.0
168.0
130.0
145.0
136.0
143.0
142.0
172.0
138.0
138.0
133.0
174.0
141.0
166.0
140.0
137.0
171.0
142.0
143.0
166.0
138.0
168.0
140.0
143.0
136.0
169.0
141.0
143.0
170.0
142.0
169.0
143.0
170.0
141.0
171.0
141.0
166.0
142.0
167.0
139.0
139.0
144.0
169.0
139.0
137.0
169.0
137.0
141.0
142.0
167.0
133.0
172.0
141.0
167.0
131.0
171.0
144.0
141.0
143.0
170.0
136.0
166.0
140.0
141.0
166.0
141.0
137.0
171.0
144.0
172.0
139.0
170.0
139.0
139.0
163.0
168.0
143.0
138.0
168.0
139.0
141.0
174.0
138.0
145.0
172.0
144.0
141.0
169.0
142.0
142.0
144.0
139.0
144.0
138.0
143.0
168.0
139.0
169.0
139.0
141.0
169.0
144.0
145.0
174.0
216.0
171.0
137.0
171.0
140.0
169.0
140.0
164.0
143.0
171.0
142.0
170.0
144.0
138.0
137.0
140.0
144.0
144.0
140.0
167.0
140.0
141.0
138.0
168.0
138.0
169.0
138.0
138.0
141.0
169.0
142.0
172.0
141.0
142.0
176.0
140.0
141.0
145.0
142.0
143.0
141.0
170.0
138.0
171.0
141.0
168.0
139.0
170.0
142.0
173.0
138.0
144.0
138.0
167.0
139.0
171.0
138.0
141.0
145.0
141.0
168.0
144.0
142.0
168.0
144.0
173.0
141.0
168.0
137.0
144.0
169.0
143.0
138.0
138.0
168.0
144.0
141.0
145.0
130.0
173.0
132.0
177.0
141.0
171.0
114.0
171.0
142.0
138.0
136.0
170.0
138.0
166.0
146.0
166.0
93.0
189.0
138.0
170.0
139.0
169.0
137.0
138.0
141.0
141.0
168.0
142.0
168.0
144.0
168.0
142.0
168.0
144.0
144.0
168.0
145.0
170.0
140.0
168.0
142.0
142.0
140.0
133.0
137.0
170.0
130.0
170.0
144.0
141.0
146.0
163.0
141.0
171.0
139.0
168.0
138.0
169.0
141.0
171.0
142.0
170.0
140.0
167.0
138.0
170.0
138.0
168.0
142.0
169.0
134.0
172.0
142.0
170.0
143.0
141.0
169.0
144.0
173.0
140.0
171.0
142.0
170.0
141.0
141.0
171.0
145.0
139.0
170.0
138.0
173.0
141.0
141.0
144.0
168.0
140.0
139.0
171.0
139.0
170.0
140.0
167.0
141.0
137.0
144.0
140.0
170.0
141.0
142.0
141.0
146.0
171.0
143.0
169.0
140.0
142.0
169.0
138.0
173.0
140.0
142.0
167.0
138.0
168.0
142.0
144.0
144.0
133.0
142.0
142.0
174.0
140.0
175.0
138.0
656.0
141.0
142.0
142.0
169.0
112.0
174.0
141.0
172.0
305.0
144.0
137.0
141.0
170.0
141.0
140.0
142.0
134.0
136.0
166.0
148.0
143.0
163.0
144.0
171.0
143.0
169.0
139.0
173.0
131.0
173.0
145.0
166.0
133.0
172.0
141.0
145.0
143.0
170.0
140.0
170.0
144.0
169.0
138.0
170.0
144.0
138.0
168.0
141.0
171.0
144.0
140.0
172.0
141.0
168.0
141.0
168.0
142.0
170.0
144.0
139.0
173.0
144.0
166.0
142.0
170.0
142.0
170.0
142.0
166.0
146.0
166.0
142.0
141.0
137.0
141.0
174.0
143.0
166.0
142.0
145.0
171.0
141.0
141.0
146.0
168.0
140.0
171.0
128.0
170.0
139.0
141.0
169.0
143.0
170.0
146.0
133.0
173.0
137.0
144.0
173.0
140.0
136.0
173.0
134.0
145.0
172.0
137.0
171.0
142.0
142.0
170.0
138.0
140.0
171.0
110.0
180.0
143.0
144.0
141.0
143.0
144.0
166.0
137.0
139.0
171.0
144.0
168.0
141.0
143.0
168.0
143.0
171.0
140.0
142.0
171.0
140.0
170.0
140.0
131.0
170.0
138.0
169.0
141.0
144.0
172.0
140.0
138.0
168.0
144.0
138.0
164.0
142.0
164.0
141.0
221.0
174.0
138.0
173.0
139.0
144.0
171.0
141.0
167.0
140.0
139.0
146.0
171.0
143.0
145.0
173.0
139.0
167.0
141.0
173.0
142.0
170.0
135.0
141.0
138.0
171.0
141.0
171.0
619.0
175.0
140.0
169.0
141.0
123.0
173.0
138.0
165.0
141.0
139.0
168.0
141.0
139.0
141.0
173.0
138.0
141.0
167.0
146.0
139.0
172.0
140.0
164.0
140.0
144.0
145.0
169.0
121.0
170.0
137.0
171.0
126.0
141.0
141.0
173.0
135.0
134.0
139.0
140.0
144.0
170.0
138.0
142.0
139.0
170.0
141.0
185.0
169.0
141.0
170.0
138.0
170.0
116.0
174.0
141.0
139.0
168.0
138.0
125.0
170.0
140.0
169.0
142.0
141.0
175.0
140.0
137.0
170.0
141.0
170.0
141.0
167.0
142.0
171.0
134.0
144.0
165.0
139.0
170.0
138.0
139.0
169.0
137.0
169.0
142.0
137.0
141.0
167.0
136.0
142.0
138.0
139.0
171.0
141.0
168.0
142.0
170.0
134.0
134.0
170.0
132.0
168.0
141.0
140.0
170.0
147.0
170.0
142.0
142.0
167.0
146.0
139.0
168.0
144.0
144.0
168.0
142.0
139.0
170.0
142.0
141.0
404.0
165.0
130.0
171.0
212.0
614.0
169.0
133.0
170.0
141.0
169.0
283.0
171.0
141.0
141.0
168.0
143.0
168.0
142.0
172.0
139.0
170.0
221.0
165.0
138.0
170.0
142.0
168.0
139.0
142.0
165.0
141.0
138.0
228.0
145.0
168.0
140.0
141.0
170.0
144.0
169.0
138.0
173.0
142.0
144.0
169.0
142.0
132.0
142.0
171.0
93.0
191.0
142.0
145.0
141.0
168.0
431.0
167.0
213.0
140.0
173.0
142.0
138.0
166.0
142.0
144.0
140.0
153.0
141.0
169.0
144.0
170.0
139.0
139.0
170.0
141.0
171.0
144.0
142.0
168.0
140.0
165.0
137.0
139.0
139.0
170.0
134.0
169.0
139.0
143.0
171.0
141.0
138.0
171.0
142.0
141.0
169.0
139.0
140.0
144.0
170.0
138.0
169.0
136.0
170.0
140.0
168.0
139.0
139.0
169.0
142.0
172.0
137.0
167.0
144.0
144.0
141.0
145.0
173.0
138.0
141.0
141.0
172.0
139.0
141.0
171.0
142.0
141.0
141.0
171.0
141.0
144.0
140.0
146.0
132.0
143.0
171.0
140.0
168.0
144.0
138.0
169.0
142.0
139.0
139.0
142.0
139.0
141.0
143.0
141.0
174.0
139.0
166.0
143.0
168.0
139.0
143.0
172.0
142.0
173.0
144.0
170.0
138.0
130.0
168.0
141.0
169.0
144.0
171.0
144.0
168.0
140.0
137.0
169.0
144.0
169.0
144.0
168.0
139.0
168.0
141.0
170.0
142.0
169.0
139.0
170.0
138.0
138.0
142.0
165.0
130.0
168.0
140.0
168.0
141.0
171.0
146.0
146.0
141.0
144.0
171.0
134.0
139.0
170.0
136.0
170.0
139.0
141.0
169.0
141.0
141.0
170.0
136.0
170.0
136.0
172.0
141.0
142.0
174.0
136.0
168.0
140.0
143.0
137.0
119.0
174.0
140.0
141.0
147.0
168.0
142.0
170.0
138.0
142.0
139.0
170.0
138.0
170.0
139.0
173.0
142.0
141.0
171.0
140.0
164.0
139.0
172.0
138.0
170.0
142.0
165.0
138.0
139.0
141.0
138.0
143.0
139.0
136.0
141.0
146.0
165.0
142.0
169.0
138.0
168.0
145.0
168.0
137.0
142.0
213.0
171.0
139.0
145.0
172.0
341.0
173.0
141.0
141.0
172.0
139.0
174.0
141.0
171.0
143.0
141.0
140.0
148.0
171.0
142.0
148.0
138.0
141.0
170.0
138.0
98.0
186.0
146.0
164.0
143.0
142.0
170.0
142.0
139.0
171.0
142.0
139.0
168.0
141.0
165.0
144.0
139.0
130.0
130.0
172.0
140.0
170.0
143.0
139.0
171.0
140.0
142.0
166.0
140.0
133.0
167.0
121.0
171.0
131.0
141.0
170.0
218.0
142.0
144.0
137.0
135.0
171.0
131.0
171.0
138.0
138.0
171.0
139.0
169.0
144.0
170.0
436.0
172.0
142.0
166.0
138.0
171.0
142.0
166.0
138.0
142.0
169.0
132.0
169.0
139.0
168.0
141.0
172.0
135.0
138.0
141.0
142.0
172.0
137.0
170.0
142.0
168.0
138.0
173.0
141.0
137.0
170.0
141.0
137.0
169.0
505.0
170.0
141.0
139.0
169.0
143.0
142.0
167.0
139.0
168.0
139.0
172.0
137.0
140.0
171.0
138.0
173.0
142.0
138.0
167.0
304.0
140.0
177.0
138.0
144.0
138.0
141.0
144.0
141.0
173.0
142.0
138.0
173.0
139.0
169.0
134.0
142.0
128.0
139.0
172.0
143.0
166.0
138.0
137.0
147.0
141.0
174.0
144.0
145.0
170.0
140.0
143.0
140.0
168.0
144.0
144.0
142.0
144.0
141.0
126.0
177.0
141.0
139.0
142.0
141.0
138.0
174.0
139.0
167.0
141.0
167.0
142.0
169.0
141.0
166.0
142.0
142.0
144.0
169.0
141.0
165.0
138.0
140.0
170.0
139.0
141.0
168.0
139.0
169.0
141.0
169.0
138.0
137.0
170.0
142.0
138.0
163.0
142.0
135.0
129.0
168.0
145.0
173.0
136.0
171.0
137.0
171.0
138.0
141.0
139.0
169.0
140.0
167.0
136.0
186.0
141.0
171.0
144.0
141.0
169.0
138.0
139.0
174.0
142.0
142.0
134.0
141.0
142.0
141.0
166.0
143.0
140.0
144.0
138.0
144.0
170.0
141.0
169.0
139.0
170.0
140.0
139.0
170.0
141.0
172.0
138.0
139.0
170.0
138.0
166.0
144.0
170.0
140.0
132.0
169.0
144.0
168.0
139.0
171.0
138.0
171.0
141.0
141.0
171.0
138.0
168.0
144.0
139.0
175.0
143.0
141.0
168.0
140.0
140.0
166.0
138.0
168.0
139.0
140.0
141.0
169.0
135.0
173.0
134.0
169.0
429.0
171.0
140.0
138.0
144.0
169.0
139.0
172.0
143.0
169.0
141.0
170.0
138.0
170.0
140.0
169.0
138.0
170.0
144.0
171.0
142.0
170.0
474.0
173.0
509.0
139.0
166.0
203.0
169.0
142.0
165.0
142.0
166.0
141.0
166.0
141.0
168.0
139.0
169.0
141.0
165.0
142.0
141.0
141.0
170.0
141.0
170.0
142.0
139.0
167.0
141.0
171.0
141.0
146.0
141.0
136.0
139.0
144.0
165.0
137.0
170.0
132.0
171.0
136.0
170.0
134.0
173.0
137.0
169.0
140.0
136.0
144.0
172.0
139.0
168.0
141.0
142.0
168.0
138.0
166.0
141.0
165.0
137.0
128.0
141.0
167.0
144.0
170.0
141.0
137.0
171.0
141.0
168.0
141.0
169.0
142.0
140.0
173.0
143.0
165.0
141.0
171.0
137.0
169.0
141.0
171.0
138.0
166.0
142.0
167.0
138.0
170.0
144.0
140.0
170.0
141.0
166.0
138.0
136.0
138.0
170.0
139.0
167.0
143.0
139.0
405.0
142.0
140.0
137.0
170.0
137.0
168.0
145.0
172.0
143.0
172.0
140.0
171.0
146.0
137.0
140.0
143.0
143.0
170.0
142.0
169.0
139.0
165.0
146.0
169.0
140.0
141.0
144.0
142.0
141.0
166.0
143.0
138.0
138.0
172.0
138.0
166.0
552.0
171.0
138.0
172.0
135.0
168.0
142.0
176.0
144.0
167.0
144.0
167.0
139.0
166.0
141.0
171.0
141.0
165.0
142.0
141.0
133.0
170.0
138.0
166.0
139.0
170.0
144.0
141.0
173.0
140.0
168.0
409.0
174.0
144.0
140.0
144.0
144.0
166.0
144.0
171.0
140.0
141.0
144.0
168.0
144.0
172.0
144.0
170.0
144.0
169.0
146.0
141.0
170.0
140.0
174.0
140.0
142.0
170.0
141.0
169.0
141.0
166.0
138.0
144.0
170.0
132.0
170.0
137.0
168.0
137.0
173.0
139.0
168.0
142.0
141.0
142.0
141.0
171.0
128.0
174.0
138.0
169.0
138.0
169.0
142.0
144.0
140.0
171.0
138.0
141.0
136.0
164.0
143.0
139.0
168.0
138.0
169.0
139.0
170.0
142.0
139.0
139.0
145.0
172.0
133.0
169.0
139.0
139.0
169.0
138.0
168.0
139.0
144.0
170.0
141.0
142.0
169.0
136.0
167.0
145.0
126.0
142.0
173.0
144.0
126.0
170.0
144.0
138.0
173.0
133.0
130.0
170.0
144.0
172.0
144.0
170.0
141.0
141.0
168.0
147.0
134.0
174.0
144.0
166.0
143.0
143.0
171.0
145.0
170.0
139.0
169.0
134.0
171.0
139.0
172.0
139.0
141.0
141.0
170.0
140.0
138.0
145.0
142.0
137.0
142.0
168.0
141.0
170.0
122.0
171.0
141.0
171.0
141.0
136.0
172.0
140.0
145.0
163.0
139.0
144.0
169.0
145.0
173.0
139.0
371.0
143.0
169.0
140.0
168.0
137.0
169.0
139.0
169.0
138.0
168.0
144.0
133.0
166.0
140.0
172.0
141.0
168.0
141.0
170.0
141.0
140.0
142.0
141.0
168.0
134.0
170.0
139.0
141.0
168.0
122.0
170.0
141.0
170.0
139.0
170.0
141.0
144.0
170.0
146.0
171.0
144.0
145.0
134.0
170.0
139.0
141.0
144.0
143.0
145.0
140.0
166.0
141.0
170.0
140.0
169.0
142.0
142.0
168.0
139.0
141.0
168.0
141.0
144.0
142.0
140.0
140.0
165.0
139.0
172.0
137.0
139.0
169.0
139.0
147.0
136.0
131.0
144.0
139.0
170.0
138.0
168.0
141.0
171.0
141.0
144.0
170.0
141.0
143.0
163.0
139.0
144.0
167.0
138.0
171.0
140.0
138.0
171.0
137.0
169.0
139.0
171.0
144.0
139.0
169.0
145.0
137.0
141.0
172.0
138.0
141.0
173.0
143.0
140.0
169.0
229.0
170.0
139.0
169.0
138.0
169.0
148.0
139.0
168.0
140.0
142.0
171.0
143.0
171.0
144.0
172.0
141.0
144.0
169.0
142.0
143.0
142.0
140.0
176.0
138.0
141.0
169.0
141.0
168.0
138.0
141.0
170.0
142.0
146.0
168.0
137.0
144.0
142.0
173.0
141.0
168.0
134.0
170.0
130.0
139.0
168.0
132.0
170.0
141.0
132.0
167.0
141.0
174.0
131.0
141.0
169.0
134.0
125.0
175.0
140.0
170.0
142.0
169.0
141.0
166.0
143.0
166.0
138.0
173.0
141.0
250.0
171.0
140.0
142.0
166.0
141.0
141.0
170.0
145.0
137.0
132.0
173.0
142.0
141.0
144.0
140.0
169.0
144.0
170.0
146.0
166.0
140.0
170.0
141.0
140.0
140.0
142.0
138.0
144.0
170.0
134.0
170.0
141.0
141.0
172.0
139.0
173.0
220.0
132.0
144.0
165.0
141.0
167.0
144.0
141.0
141.0
171.0
139.0
168.0
139.0
139.0
144.0
169.0
141.0
166.0
134.0
141.0
139.0
170.0
145.0
173.0
138.0
165.0
141.0
170.0
142.0
139.0
138.0
170.0
142.0
141.0
166.0
140.0
139.0
169.0
136.0
170.0
141.0
170.0
139.0
138.0
121.0
173.0
246.0
170.0
136.0
138.0
141.0
143.0
164.0
144.0
139.0
165.0
138.0
140.0
167.0
140.0
144.0
165.0
146.0
142.0
173.0
418.0
170.0
144.0
137.0
168.0
137.0
162.0
144.0
141.0
166.0
144.0
166.0
142.0
142.0
175.0
138.0
168.0
138.0
147.0
172.0
142.0
171.0
141.0
140.0
169.0
126.0
173.0
139.0
138.0
142.0
168.0
142.0
164.0
262.0
171.0
141.0
168.0
146.0
141.0
168.0
141.0
168.0
142.0
169.0
144.0
165.0
143.0
170.0
141.0
167.0
141.0
140.0
168.0
144.0
168.0
140.0
140.0
133.0
142.0
171.0
139.0
171.0
145.0
139.0
169.0
138.0
168.0
142.0
171.0
139.0
143.0
141.0
173.0
140.0
171.0
146.0
144.0
138.0
142.0
139.0
171.0
141.0
141.0
169.0
142.0
169.0
141.0
140.0
172.0
134.0
171.0
140.0
167.0
140.0
168.0
143.0
144.0
133.0
169.0
144.0
121.0
171.0
136.0
172.0
142.0
171.0
145.0
141.0
170.0
140.0
168.0
141.0
140.0
135.0
170.0
142.0
139.0
139.0
141.0
143.0
142.0
139.0
170.0
141.0
140.0
171.0
144.0
141.0
171.0
140.0
170.0
141.0
141.0
141.0
138.0
168.0
143.0
140.0
172.0
134.0
141.0
140.0
144.0
146.0
141.0
174.0
142.0
139.0
137.0
137.0
128.0
171.0
145.0
137.0
138.0
170.0
138.0
139.0
143.0
169.0
176.0
169.0
221.0
171.0
132.0
173.0
142.0
169.0
137.0
139.0
170.0
142.0
139.0
166.0
142.0
127.0
174.0
140.0
167.0
138.0
138.0
133.0
170.0
141.0
136.0
169.0
123.0
141.0
140.0
139.0
143.0
140.0
170.0
143.0
173.0
146.0
170.0
142.0
169.0
145.0
168.0
140.0
140.0
166.0
141.0
144.0
138.0
136.0
133.0
134.0
168.0
138.0
168.0
138.0
136.0
165.0
142.0
173.0
144.0
171.0
142.0
168.0
137.0
168.0
141.0
169.0
141.0
166.0
144.0
136.0
168.0
142.0
144.0
169.0
142.0
170.0
145.0
168.0
138.0
165.0
138.0
167.0
206.0
141.0
137.0
141.0
138.0
169.0
139.0
141.0
144.0
145.0
136.0
169.0
134.0
165.0
142.0
138.0
173.0
140.0
168.0
250.0
169.0
144.0
145.0
140.0
166.0
142.0
169.0
141.0
142.0
139.0
169.0
143.0
129.0
172.0
144.0
169.0
139.0
170.0
143.0
138.0
142.0
171.0
146.0
172.0
141.0
170.0
138.0
139.0
141.0
169.0
185.0
171.0
142.0
165.0
141.0
173.0
146.0
145.0
142.0
172.0
144.0
142.0
137.0
140.0
172.0
139.0
140.0
173.0
139.0
168.0
141.0
170.0
143.0
144.0
141.0
171.0
139.0
173.0
142.0
144.0
168.0
142.0
165.0
140.0
171.0
137.0
170.0
140.0
138.0
170.0
145.0
145.0
170.0
143.0
169.0
139.0
168.0
505.0
174.0
140.0
143.0
168.0
205.0
171.0
141.0
144.0
169.0
128.0
171.0
141.0
147.0
144.0
143.0
142.0
140.0
170.0
142.0
139.0
170.0
141.0
165.0
144.0
221.0
170.0
130.0
169.0
144.0
170.0
141.0
145.0
139.0
170.0
141.0
172.0
142.0
171.0
141.0
166.0
117.0
178.0
139.0
144.0
141.0
173.0
139.0
125.0
174.0
137.0
173.0
139.0
169.0
140.0
139.0
142.0
140.0
141.0
138.0
169.0
140.0
133.0
168.0
142.0
142.0
136.0
175.0
143.0
168.0
144.0
139.0
144.0
142.0
166.0
221.0
174.0
138.0
139.0
142.0
174.0
142.0
140.0
138.0
128.0
165.0
138.0
141.0
168.0
139.0
171.0
141.0
142.0
168.0
142.0
142.0
170.0
139.0
143.0
139.0
144.0
166.0
144.0
169.0
142.0
142.0
141.0
171.0
142.0
162.0
141.0
138.0
170.0
138.0
169.0
141.0
139.0
170.0
141.0
169.0
142.0
141.0
171.0
141.0
171.0
140.0
141.0
144.0
173.0
139.0
138.0
168.0
142.0
137.0
140.0
167.0
141.0
145.0
137.0
142.0
141.0
165.0
129.0
174.0
450.0
169.0
141.0
170.0
137.0
146.0
141.0
139.0
440.0
140.0
140.0
145.0
139.0
466.0
172.0
144.0
140.0
145.0
137.0
175.0
142.0
140.0
167.0
143.0
142.0
141.0
170.0
138.0
139.0
141.0
149.0
136.0
171.0
140.0
139.0
172.0
141.0
170.0
144.0
144.0
169.0
140.0
140.0
141.0
171.0
138.0
168.0
139.0
173.0
138.0
142.0
143.0
168.0
133.0
170.0
142.0
142.0
173.0
144.0
139.0
168.0
142.0
138.0
138.0
139.0
170.0
128.0
141.0
143.0
143.0
140.0
176.0
142.0
141.0
165.0
141.0
140.0
144.0
144.0
169.0
142.0
140.0
142.0
170.0
139.0
138.0
140.0
139.0
141.0
169.0
133.0
168.0
139.0
139.0
172.0
136.0
168.0
138.0
141.0
170.0
141.0
141.0
168.0
144.0
170.0
145.0
145.0
141.0
168.0
139.0
173.0
147.0
137.0
141.0
172.0
288.0
172.0
134.0
173.0
144.0
141.0
172.0
141.0
170.0
144.0
138.0
170.0
141.0
168.0
144.0
145.0
170.0
146.0
142.0
173.0
141.0
170.0
138.0
164.0
138.0
142.0
145.0
165.0
142.0
169.0
138.0
141.0
141.0
171.0
144.0
144.0
144.0
138.0
139.0
141.0
138.0
170.0
142.0
134.0
170.0
141.0
144.0
171.0
145.0
141.0
169.0
139.0
139.0
139.0
165.0
546.0
173.0
144.0
141.0
127.0
145.0
137.0
170.0
142.0
168.0
144.0
170.0
142.0
170.0
138.0
170.0
140.0
144.0
145.0
169.0
140.0
141.0
142.0
170.0
142.0
174.0
136.0
139.0
142.0
137.0
171.0
138.0
173.0
146.0
170.0
143.0
166.0
129.0
141.0
138.0
173.0
138.0
141.0
142.0
167.0
142.0
176.0
141.0
164.0
138.0
170.0
137.0
138.0
142.0
144.0
136.0
171.0
134.0
138.0
136.0
175.0
137.0
169.0
120.0
173.0
144.0
171.0
140.0
141.0
165.0
141.0
167.0
144.0
170.0
139.0
171.0
140.0
147.0
171.0
138.0
173.0
142.0
173.0
137.0
173.0
139.0
145.0
129.0
173.0
141.0
132.0
130.0
170.0
134.0
170.0
141.0
134.0
139.0
141.0
139.0
169.0
197.0
141.0
138.0
174.0
139.0
139.0
174.0
146.0
169.0
142.0
141.0
139.0
145.0
169.0
139.0
141.0
139.0
172.0
144.0
144.0
523.0
169.0
146.0
142.0
136.0
169.0
136.0
170.0
142.0
130.0
142.0
171.0
139.0
143.0
147.0
141.0
142.0
145.0
141.0
173.0
145.0
168.0
139.0
135.0
170.0
138.0
137.0
138.0
165.0
139.0
169.0
144.0
168.0
142.0
141.0
138.0
170.0
141.0
144.0
174.0
143.0
144.0
170.0
145.0
139.0
168.0
143.0
138.0
175.0
144.0
146.0
139.0
170.0
134.0
168.0
142.0
169.0
196.0
170.0
140.0
167.0
146.0
168.0
141.0
142.0
173.0
141.0
142.0
144.0
142.0
139.0
169.0
140.0
142.0
144.0
144.0
143.0
167.0
142.0
139.0
170.0
138.0
144.0
134.0
173.0
131.0
172.0
145.0
168.0
140.0
221.0
171.0
130.0
173.0
132.0
132.0
139.0
358.0
138.0
170.0
138.0
170.0
144.0
168.0
141.0
171.0
139.0
171.0
137.0
138.0
169.0
140.0
170.0
147.0
140.0
140.0
140.0
140.0
141.0
142.0
142.0
143.0
172.0
140.0
139.0
170.0
144.0
170.0
144.0
140.0
171.0
142.0
143.0
170.0
140.0
145.0
138.0
136.0
142.0
170.0
132.0
147.0
141.0
142.0
139.0
168.0
142.0
166.0
142.0
170.0
145.0
172.0
138.0
173.0
137.0
173.0
141.0
169.0
139.0
145.0
140.0
142.0
142.0
167.0
127.0
173.0
145.0
144.0
145.0
170.0
142.0
204.0
144.0
134.0
142.0
171.0
137.0
138.0
141.0
166.0
142.0
144.0
165.0
157.0
170.0
142.0
154.0
144.0
174.0
142.0
169.0
138.0
171.0
200.0
169.0
141.0
144.0
168.0
133.0
132.0
173.0
142.0
170.0
145.0
168.0
143.0
140.0
141.0
144.0
170.0
139.0
136.0
172.0
140.0
138.0
168.0
144.0
142.0
170.0
535.0
171.0
140.0
170.0
138.0
171.0
135.0
144.0
141.0
170.0
138.0
144.0
136.0
162.0
146.0
142.0
170.0
141.0
147.0
171.0
133.0
135.0
144.0
141.0
141.0
170.0
140.0
170.0
554.0
172.0
144.0
132.0
166.0
138.0
138.0
141.0
238.0
173.0
144.0
140.0
171.0
143.0
168.0
141.0
139.0
142.0
143.0
171.0
141.0
140.0
170.0
314.0
173.0
134.0
146.0
136.0
146.0
138.0
141.0
171.0
138.0
166.0
139.0
138.0
171.0
136.0
170.0
143.0
133.0
475.0
174.0
141.0
172.0
143.0
141.0
171.0
138.0
169.0
143.0
138.0
141.0
167.0
143.0
170.0
141.0
173.0
141.0
170.0
146.0
167.0
142.0
170.0
137.0
169.0
141.0
170.0
138.0
173.0
364.0
137.0
167.0
138.0
140.0
141.0
142.0
170.0
139.0
168.0
145.0
136.0
141.0
144.0
170.0
139.0
143.0
133.0
168.0
139.0
132.0
166.0
138.0
167.0
138.0
165.0
141.0
139.0
171.0
138.0
171.0
139.0
171.0
141.0
138.0
138.0
145.0
169.0
141.0
141.0
145.0
136.0
140.0
139.0
170.0
138.0
145.0
143.0
143.0
167.0
139.0
140.0
136.0
144.0
144.0
170.0
141.0
169.0
144.0
139.0
165.0
141.0
173.0
143.0
145.0
167.0
138.0
145.0
168.0
157.0
169.0
139.0
169.0
141.0
168.0
138.0
139.0
146.0
144.0
168.0
139.0
169.0
141.0
138.0
141.0
144.0
169.0
139.0
173.0
138.0
169.0
300.0
176.0
144.0
136.0
169.0
141.0
170.0
146.0
173.0
142.0
141.0
139.0
132.0
169.0
135.0
139.0
139.0
167.0
138.0
171.0
139.0
174.0
141.0
173.0
146.0
170.0
141.0
171.0
142.0
142.0
170.0
202.0
170.0
142.0
168.0
144.0
144.0
170.0
141.0
142.0
142.0
139.0
168.0
144.0
166.0
145.0
171.0
133.0
170.0
138.0
168.0
142.0
142.0
170.0
141.0
170.0
135.0
170.0
143.0
172.0
139.0
123.0
171.0
145.0
167.0
139.0
141.0
169.0
137.0
166.0
136.0
144.0
140.0
171.0
143.0
141.0
170.0
138.0
168.0
141.0
170.0
139.0
168.0
140.0
208.0
141.0
144.0
168.0
141.0
172.0
148.0
142.0
170.0
141.0
146.0
170.0
140.0
141.0
169.0
110.0
180.0
142.0
169.0
150.0
171.0
141.0
173.0
141.0
174.0
132.0
173.0
133.0
170.0
141.0
143.0
172.0
145.0
138.0
165.0
141.0
142.0
170.0
144.0
169.0
141.0
169.0
142.0
171.0
142.0
138.0
136.0
165.0
140.0
168.0
130.0
142.0
166.0
137.0
137.0
140.0
145.0
169.0
139.0
170.0
202.0
173.0
142.0
171.0
146.0
138.0
140.0
140.0
140.0
137.0
142.0
170.0
140.0
141.0
132.0
170.0
142.0
172.0
141.0
142.0
138.0
170.0
145.0
141.0
165.0
142.0
170.0
138.0
145.0
141.0
174.0
138.0
170.0
138.0
145.0
142.0
170.0
141.0
140.0
141.0
142.0
141.0
170.0
137.0
170.0
139.0
173.0
141.0
134.0
172.0
138.0
138.0
170.0
138.0
173.0
140.0
141.0
138.0
171.0
141.0
142.0
139.0
134.0
171.0
138.0
168.0
140.0
173.0
142.0
141.0
168.0
140.0
138.0
141.0
172.0
141.0
166.0
144.0
172.0
137.0
171.0
142.0
141.0
146.0
136.0
169.0
136.0
170.0
138.0
142.0
167.0
142.0
169.0
141.0
167.0
142.0
166.0
141.0
143.0
139.0
138.0
142.0
171.0
138.0
172.0
139.0
140.0
140.0
144.0
171.0
140.0
144.0
169.0
137.0
167.0
135.0
170.0
144.0
145.0
143.0
141.0
169.0
142.0
148.0
136.0
169.0
143.0
140.0
165.0
138.0
142.0
141.0
170.0
129.0
169.0
138.0
141.0
139.0
167.0
141.0
141.0
165.0
136.0
167.0
138.0
173.0
135.0
145.0
170.0
138.0
168.0
141.0
172.0
141.0
133.0
170.0
141.0
173.0
134.0
173.0
137.0
170.0
141.0
170.0
288.0
170.0
143.0
167.0
144.0
170.0
139.0
169.0
144.0
173.0
144.0
141.0
166.0
138.0
471.0
174.0
145.0
171.0
144.0
137.0
141.0
168.0
139.0
142.0
143.0
138.0
172.0
140.0
141.0
169.0
134.0
170.0
138.0
170.0
142.0
177.0
137.0
171.0
139.0
170.0
144.0
139.0
170.0
140.0
139.0
147.0
137.0
138.0
169.0
145.0
172.0
139.0
168.0
143.0
452.0
172.0
139.0
143.0
141.0
144.0
138.0
135.0
142.0
135.0
173.0
139.0
170.0
140.0
213.0
172.0
140.0
172.0
310.0
170.0
139.0
169.0
133.0
172.0
139.0
171.0
140.0
141.0
133.0
171.0
140.0
170.0
143.0
137.0
168.0
245.0
171.0
128.0
173.0
156.0
168.0
135.0
138.0
137.0
173.0
143.0
166.0
129.0
170.0
141.0
168.0
139.0
170.0
140.0
170.0
144.0
170.0
138.0
173.0
141.0
141.0
137.0
171.0
131.0
168.0
142.0
171.0
144.0
142.0
168.0
136.0
138.0
169.0
144.0
117.0
174.0
137.0
169.0
138.0
169.0
142.0
135.0
165.0
145.0
144.0
142.0
167.0
142.0
142.0
173.0
138.0
128.0
142.0
170.0
141.0
450.0
143.0
142.0
