112.0
109.0
113.0
114.0
111.0
137.0
106.0
140.0
110.0
138.0
108.0
109.0
110.0
136.0
113.0
140.0
109.0
134.0
132.0
112.0
139.0
113.0
136.0
114.0
109.0
103.0
111.0
134.0
106.0
113.0
137.0
110.0
102.0
106.0
140.0
109.0
136.0
111.0
139.0
108.0
135.0
111.0
139.0
106.0
137.0
106.0
139.0
110.0
136.0
110.0
104.0
108.0
142.0
106.0
138.0
354.0
133.0
107.0
107.0
101.0
136.0
105.0
106.0
107.0
129.0
110.0
114.0
138.0
108.0
105.0
106.0
109.0
138.0
109.0
109.0
113.0
137.0
109.0
130.0
108.0
137.0
104.0
134.0
110.0
109.0
113.0
133.0
107.0
138.0
105.0
136.0
98.0
138.0
108.0
138.0
111.0
135.0
101.0
108.0
136.0
103.0
111.0
133.0
107.0
136.0
109.0
139.0
114.0
136.0
106.0
136.0
111.0
109.0
138.0
106.0
138.0
207.0
134.0
116.0
137.0
108.0
139.0
107.0
137.0
111.0
107.0
137.0
98.0
134.0
109.0
138.0
111.0
109.0
136.0
106.0
138.0
184.0
133.0
109.0
136.0
108.0
107.0
106.0
137.0
110.0
116.0
110.0
132.0
109.0
105.0
133.0
110.0
134.0
107.0
131.0
110.0
136.0
105.0
109.0
137.0
104.0
133.0
111.0
107.0
110.0
133.0
109.0
138.0
107.0
105.0
138.0
106.0
133.0
102.0
139.0
110.0
141.0
106.0
141.0
110.0
133.0
116.0
137.0
108.0
134.0
108.0
109.0
136.0
109.0
138.0
112.0
137.0
109.0
141.0
92.0
135.0
108.0
107.0
139.0
106.0
139.0
111.0
109.0
133.0
108.0
135.0
114.0
140.0
108.0
133.0
106.0
137.0
111.0
142.0
110.0
136.0
109.0
140.0
109.0
111.0
137.0
111.0
137.0
107.0
135.0
429.0
138.0
111.0
142.0
109.0
134.0
116.0
140.0
109.0
140.0
108.0
111.0
136.0
107.0
112.0
112.0
111.0
96.0
140.0
106.0
110.0
357.0
107.0
107.0
110.0
137.0
106.0
99.0
108.0
108.0
137.0
109.0
140.0
107.0
139.0
109.0
140.0
109.0
134.0
109.0
107.0
138.0
104.0
136.0
320.0
135.0
109.0
137.0
110.0
138.0
109.0
135.0
130.0
138.0
108.0
113.0
137.0
108.0
138.0
98.0
112.0
134.0
106.0
137.0
111.0
138.0
111.0
138.0
111.0
140.0
101.0
99.0
108.0
108.0
136.0
114.0
133.0
110.0
106.0
109.0
112.0
138.0
97.0
144.0
111.0
113.0
135.0
103.0
137.0
108.0
138.0
103.0
137.0
392.0
138.0
111.0
135.0
105.0
136.0
109.0
114.0
105.0
137.0
109.0
116.0
137.0
114.0
104.0
137.0
109.0
140.0
227.0
139.0
116.0
114.0
110.0
138.0
114.0
106.0
136.0
105.0
138.0
107.0
137.0
109.0
108.0
107.0
95.0
110.0
475.0
140.0
111.0
136.0
314.0
141.0
110.0
135.0
106.0
137.0
108.0
112.0
116.0
135.0
112.0
106.0
110.0
110.0
105.0
140.0
109.0
111.0
134.0
189.0
136.0
109.0
141.0
111.0
110.0
113.0
107.0
139.0
113.0
139.0
106.0
142.0
106.0
109.0
134.0
101.0
110.0
137.0
98.0
136.0
112.0
106.0
105.0
109.0
134.0
110.0
139.0
105.0
133.0
106.0
137.0
230.0
111.0
105.0
109.0
112.0
137.0
109.0
104.0
136.0
99.0
133.0
112.0
110.0
137.0
106.0
136.0
107.0
136.0
108.0
139.0
117.0
134.0
114.0
107.0
133.0
107.0
137.0
98.0
109.0
136.0
110.0
136.0
109.0
137.0
109.0
137.0
114.0
140.0
110.0
106.0
135.0
111.0
138.0
104.0
116.0
137.0
108.0
98.0
107.0
105.0
138.0
109.0
109.0
90.0
140.0
114.0
101.0
105.0
102.0
137.0
104.0
138.0
106.0
134.0
108.0
109.0
138.0
94.0
142.0
110.0
104.0
110.0
136.0
106.0
616.0
135.0
110.0
107.0
109.0
116.0
104.0
100.0
135.0
105.0
110.0
135.0
112.0
107.0
133.0
108.0
107.0
138.0
103.0
136.0
178.0
110.0
139.0
111.0
139.0
107.0
103.0
104.0
110.0
107.0
133.0
106.0
107.0
137.0
109.0
109.0
137.0
94.0
138.0
101.0
133.0
108.0
138.0
106.0
108.0
136.0
111.0
111.0
108.0
137.0
108.0
136.0
111.0
138.0
642.0
138.0
106.0
110.0
138.0
108.0
110.0
140.0
113.0
137.0
109.0
141.0
481.0
136.0
110.0
112.0
109.0
112.0
141.0
111.0
110.0
103.0
136.0
113.0
138.0
109.0
138.0
101.0
108.0
140.0
113.0
137.0
106.0
112.0
106.0
136.0
112.0
101.0
138.0
110.0
138.0
114.0
136.0
110.0
103.0
138.0
110.0
138.0
109.0
136.0
112.0
138.0
112.0
107.0
140.0
106.0
138.0
102.0
106.0
141.0
109.0
139.0
105.0
135.0
246.0
135.0
112.0
106.0
136.0
107.0
109.0
141.0
108.0
137.0
101.0
141.0
216.0
138.0
106.0
105.0
109.0
134.0
112.0
136.0
105.0
106.0
139.0
195.0
111.0
130.0
110.0
107.0
136.0
104.0
141.0
110.0
137.0
109.0
90.0
141.0
105.0
108.0
109.0
111.0
104.0
416.0
136.0
110.0
137.0
117.0
213.0
137.0
111.0
113.0
109.0
140.0
109.0
136.0
111.0
108.0
107.0
133.0
109.0
106.0
110.0
136.0
108.0
136.0
104.0
109.0
111.0
135.0
115.0
111.0
105.0
136.0
114.0
141.0
105.0
109.0
140.0
114.0
130.0
111.0
138.0
114.0
137.0
108.0
138.0
113.0
140.0
101.0
109.0
136.0
107.0
114.0
140.0
116.0
132.0
105.0
106.0
137.0
113.0
136.0
109.0
106.0
113.0
114.0
136.0
107.0
133.0
109.0
138.0
108.0
136.0
110.0
144.0
111.0
108.0
138.0
104.0
112.0
137.0
108.0
133.0
112.0
138.0
110.0
136.0
109.0
104.0
111.0
137.0
108.0
138.0
111.0
139.0
103.0
142.0
96.0
141.0
104.0
139.0
110.0
111.0
110.0
137.0
106.0
134.0
106.0
114.0
138.0
112.0
105.0
133.0
111.0
139.0
104.0
98.0
140.0
109.0
139.0
106.0
114.0
110.0
108.0
133.0
104.0
136.0
106.0
134.0
106.0
134.0
114.0
140.0
182.0
109.0
109.0
102.0
109.0
141.0
105.0
107.0
141.0
108.0
138.0
111.0
138.0
177.0
112.0
137.0
106.0
112.0
137.0
107.0
136.0
107.0
110.0
137.0
111.0
136.0
107.0
488.0
132.0
107.0
106.0
101.0
136.0
110.0
107.0
138.0
106.0
108.0
107.0
138.0
109.0
141.0
129.0
111.0
138.0
108.0
108.0
136.0
108.0
110.0
105.0
112.0
139.0
107.0
213.0
106.0
107.0
112.0
114.0
142.0
114.0
140.0
114.0
134.0
113.0
134.0
644.0
134.0
107.0
139.0
106.0
138.0
104.0
136.0
112.0
109.0
111.0
105.0
138.0
109.0
139.0
111.0
138.0
109.0
133.0
111.0
130.0
111.0
109.0
110.0
143.0
108.0
136.0
110.0
139.0
106.0
136.0
113.0
133.0
102.0
109.0
138.0
107.0
134.0
107.0
105.0
108.0
110.0
136.0
113.0
108.0
137.0
107.0
138.0
109.0
132.0
109.0
133.0
116.0
134.0
112.0
105.0
132.0
110.0
137.0
114.0
139.0
100.0
142.0
113.0
138.0
112.0
136.0
109.0
99.0
137.0
96.0
137.0
113.0
110.0
106.0
109.0
138.0
105.0
101.0
138.0
524.0
137.0
114.0
138.0
107.0
108.0
110.0
112.0
140.0
112.0
133.0
116.0
136.0
112.0
107.0
136.0
112.0
137.0
112.0
140.0
98.0
133.0
114.0
173.0
112.0
138.0
112.0
137.0
105.0
107.0
137.0
109.0
130.0
108.0
112.0
138.0
114.0
140.0
111.0
137.0
111.0
136.0
110.0
106.0
133.0
108.0
135.0
110.0
138.0
110.0
110.0
111.0
135.0
113.0
136.0
102.0
134.0
110.0
106.0
101.0
108.0
139.0
114.0
134.0
108.0
142.0
109.0
107.0
111.0
137.0
106.0
110.0
110.0
137.0
107.0
110.0
140.0
109.0
133.0
109.0
110.0
109.0
456.0
138.0
112.0
137.0
107.0
141.0
112.0
141.0
112.0
108.0
114.0
132.0
110.0
133.0
90.0
99.0
139.0
111.0
141.0
106.0
136.0
109.0
139.0
114.0
106.0
139.0
259.0
138.0
109.0
138.0
105.0
112.0
107.0
104.0
138.0
107.0
135.0
111.0
108.0
133.0
183.0
139.0
107.0
141.0
108.0
113.0
141.0
105.0
137.0
108.0
142.0
106.0
109.0
137.0
104.0
136.0
113.0
137.0
109.0
109.0
137.0
103.0
110.0
101.0
137.0
109.0
101.0
137.0
113.0
96.0
136.0
105.0
141.0
109.0
115.0
113.0
109.0
107.0
136.0
110.0
139.0
110.0
138.0
111.0
110.0
136.0
113.0
104.0
136.0
102.0
144.0
101.0
113.0
135.0
109.0
133.0
109.0
139.0
108.0
134.0
106.0
140.0
111.0
140.0
103.0
133.0
110.0
114.0
108.0
134.0
104.0
139.0
98.0
140.0
113.0
112.0
111.0
114.0
111.0
137.0
112.0
110.0
107.0
136.0
105.0
137.0
107.0
141.0
107.0
138.0
108.0
133.0
98.0
138.0
109.0
138.0
111.0
106.0
135.0
107.0
113.0
132.0
116.0
134.0
107.0
136.0
108.0
142.0
110.0
113.0
96.0
141.0
115.0
138.0
109.0
138.0
98.0
139.0
112.0
136.0
109.0
138.0
110.0
138.0
109.0
137.0
109.0
137.0
112.0
138.0
109.0
109.0
142.0
109.0
134.0
101.0
109.0
110.0
139.0
110.0
114.0
141.0
109.0
132.0
111.0
137.0
109.0
106.0
108.0
138.0
109.0
109.0
137.0
109.0
130.0
98.0
110.0
117.0
139.0
107.0
109.0
138.0
109.0
138.0
104.0
130.0
99.0
139.0
113.0
141.0
107.0
139.0
107.0
107.0
135.0
104.0
104.0
134.0
114.0
110.0
111.0
109.0
109.0
136.0
113.0
110.0
138.0
105.0
136.0
97.0
141.0
520.0
141.0
117.0
138.0
105.0
139.0
109.0
109.0
135.0
112.0
136.0
106.0
134.0
126.0
136.0
109.0
113.0
112.0
108.0
109.0
133.0
114.0
133.0
109.0
135.0
98.0
140.0
108.0
112.0
95.0
106.0
134.0
109.0
110.0
137.0
106.0
136.0
109.0
111.0
105.0
107.0
111.0
137.0
108.0
105.0
136.0
109.0
134.0
341.0
138.0
106.0
142.0
104.0
109.0
105.0
135.0
106.0
140.0
109.0
112.0
113.0
318.0
138.0
107.0
135.0
109.0
113.0
138.0
109.0
110.0
134.0
107.0
110.0
98.0
114.0
139.0
112.0
137.0
111.0
137.0
113.0
110.0
111.0
81.0
139.0
113.0
112.0
111.0
109.0
135.0
100.0
134.0
112.0
141.0
109.0
113.0
103.0
107.0
144.0
103.0
118.0
110.0
136.0
107.0
139.0
102.0
110.0
134.0
110.0
137.0
107.0
110.0
110.0
137.0
113.0
133.0
111.0
143.0
113.0
97.0
111.0
135.0
107.0
108.0
108.0
138.0
114.0
110.0
141.0
107.0
114.0
109.0
111.0
107.0
109.0
140.0
116.0
100.0
138.0
108.0
102.0
104.0
136.0
111.0
108.0
108.0
109.0
141.0
325.0
136.0
102.0
105.0
141.0
105.0
102.0
134.0
113.0
138.0
111.0
137.0
113.0
109.0
105.0
109.0
108.0
108.0
138.0
113.0
110.0
137.0
109.0
109.0
137.0
109.0
131.0
174.0
106.0
107.0
137.0
107.0
101.0
139.0
112.0
139.0
105.0
221.0
108.0
109.0
138.0
107.0
107.0
138.0
106.0
114.0
97.0
132.0
110.0
106.0
137.0
109.0
140.0
108.0
136.0
113.0
98.0
133.0
110.0
138.0
110.0
136.0
106.0
137.0
391.0
135.0
110.0
109.0
137.0
106.0
109.0
108.0
138.0
112.0
140.0
112.0
110.0
137.0
110.0
106.0
106.0
110.0
107.0
110.0
135.0
112.0
103.0
133.0
110.0
139.0
112.0
133.0
113.0
112.0
133.0
240.0
107.0
116.0
106.0
140.0
112.0
109.0
101.0
137.0
109.0
108.0
139.0
104.0
110.0
133.0
106.0
136.0
104.0
134.0
106.0
109.0
108.0
101.0
139.0
104.0
140.0
103.0
109.0
138.0
272.0
111.0
107.0
137.0
110.0
113.0
137.0
112.0
107.0
109.0
133.0
110.0
105.0
112.0
107.0
136.0
105.0
113.0
138.0
106.0
107.0
139.0
105.0
138.0
109.0
141.0
109.0
101.0
136.0
110.0
141.0
98.0
139.0
108.0
110.0
138.0
110.0
106.0
139.0
110.0
137.0
107.0
136.0
106.0
107.0
136.0
114.0
138.0
104.0
137.0
114.0
140.0
112.0
104.0
137.0
109.0
131.0
106.0
107.0
108.0
109.0
136.0
102.0
111.0
111.0
138.0
108.0
109.0
104.0
107.0
133.0
111.0
109.0
112.0
139.0
115.0
112.0
113.0
108.0
109.0
111.0
101.0
131.0
106.0
107.0
139.0
106.0
138.0
109.0
109.0
136.0
105.0
136.0
109.0
112.0
140.0
108.0
111.0
137.0
109.0
130.0
107.0
134.0
113.0
117.0
137.0
101.0
133.0
82.0
140.0
107.0
134.0
111.0
136.0
108.0
133.0
112.0
133.0
109.0
107.0
133.0
108.0
139.0
109.0
138.0
107.0
112.0
137.0
106.0
140.0
109.0
138.0
112.0
107.0
138.0
107.0
374.0
142.0
102.0
139.0
106.0
138.0
103.0
133.0
101.0
141.0
107.0
136.0
104.0
110.0
109.0
142.0
109.0
107.0
138.0
111.0
134.0
112.0
139.0
109.0
134.0
107.0
139.0
106.0
112.0
135.0
106.0
138.0
102.0
137.0
104.0
141.0
101.0
106.0
139.0
112.0
108.0
139.0
100.0
138.0
105.0
110.0
136.0
113.0
141.0
106.0
109.0
138.0
105.0
100.0
113.0
131.0
486.0
138.0
112.0
139.0
106.0
110.0
136.0
110.0
133.0
111.0
137.0
109.0
136.0
106.0
137.0
113.0
141.0
106.0
111.0
136.0
106.0
138.0
109.0
134.0
114.0
135.0
109.0
107.0
109.0
137.0
106.0
110.0
110.0
111.0
132.0
106.0
109.0
109.0
139.0
113.0
136.0
109.0
136.0
100.0
144.0
111.0
137.0
104.0
134.0
105.0
135.0
105.0
103.0
136.0
112.0
109.0
138.0
106.0
108.0
109.0
108.0
136.0
110.0
139.0
111.0
139.0
106.0
109.0
138.0
109.0
137.0
113.0
139.0
100.0
136.0
107.0
141.0
113.0
133.0
183.0
134.0
226.0
132.0
113.0
135.0
93.0
138.0
109.0
114.0
106.0
107.0
111.0
114.0
112.0
109.0
139.0
98.0
138.0
112.0
102.0
109.0
136.0
106.0
110.0
138.0
109.0
139.0
113.0
138.0
111.0
112.0
137.0
110.0
134.0
109.0
137.0
107.0
112.0
137.0
109.0
138.0
114.0
133.0
111.0
113.0
90.0
109.0
136.0
99.0
138.0
467.0
136.0
95.0
137.0
106.0
142.0
107.0
137.0
107.0
133.0
110.0
139.0
110.0
138.0
107.0
138.0
106.0
108.0
138.0
113.0
108.0
109.0
140.0
114.0
137.0
110.0
133.0
343.0
136.0
107.0
138.0
109.0
110.0
107.0
134.0
109.0
137.0
113.0
142.0
474.0
134.0
110.0
101.0
111.0
107.0
134.0
110.0
136.0
110.0
134.0
107.0
107.0
137.0
105.0
138.0
113.0
139.0
109.0
137.0
88.0
141.0
109.0
360.0
107.0
138.0
111.0
112.0
135.0
109.0
103.0
138.0
106.0
137.0
112.0
139.0
113.0
140.0
109.0
138.0
111.0
106.0
109.0
88.0
110.0
137.0
108.0
106.0
136.0
109.0
109.0
139.0
430.0
137.0
110.0
137.0
110.0
135.0
108.0
109.0
111.0
107.0
110.0
113.0
134.0
108.0
105.0
137.0
105.0
134.0
115.0
136.0
114.0
138.0
521.0
113.0
109.0
137.0
109.0
109.0
138.0
101.0
113.0
132.0
111.0
140.0
112.0
136.0
109.0
110.0
105.0
138.0
108.0
106.0
107.0
107.0
138.0
111.0
133.0
108.0
137.0
111.0
137.0
110.0
138.0
107.0
138.0
102.0
138.0
109.0
136.0
110.0
144.0
107.0
103.0
115.0
104.0
112.0
109.0
136.0
109.0
105.0
111.0
108.0
137.0
106.0
137.0
111.0
141.0
109.0
141.0
104.0
141.0
110.0
136.0
107.0
141.0
156.0
107.0
138.0
110.0
137.0
110.0
138.0
109.0
134.0
107.0
136.0
102.0
137.0
110.0
137.0
105.0
133.0
101.0
137.0
110.0
107.0
140.0
107.0
134.0
108.0
105.0
101.0
136.0
99.0
106.0
137.0
108.0
138.0
109.0
137.0
109.0
134.0
100.0
114.0
107.0
108.0
112.0
138.0
111.0
136.0
109.0
135.0
107.0
137.0
110.0
134.0
106.0
102.0
107.0
135.0
112.0
138.0
109.0
114.0
136.0
109.0
139.0
106.0
138.0
180.0
110.0
138.0
109.0
140.0
113.0
113.0
139.0
107.0
121.0
106.0
190.0
110.0
134.0
108.0
133.0
111.0
138.0
109.0
113.0
134.0
100.0
133.0
110.0
110.0
140.0
109.0
108.0
136.0
109.0
139.0
110.0
305.0
137.0
107.0
134.0
112.0
137.0
231.0
107.0
112.0
105.0
112.0
139.0
108.0
137.0
106.0
137.0
105.0
137.0
107.0
138.0
106.0
138.0
106.0
134.0
109.0
134.0
108.0
139.0
440.0
139.0
110.0
137.0
210.0
135.0
113.0
139.0
109.0
106.0
139.0
110.0
139.0
111.0
108.0
134.0
106.0
130.0
109.0
141.0
92.0
139.0
111.0
133.0
109.0
138.0
112.0
111.0
107.0
110.0
140.0
107.0
133.0
106.0
111.0
136.0
108.0
134.0
106.0
136.0
106.0
136.0
101.0
137.0
113.0
138.0
110.0
112.0
107.0
107.0
139.0
114.0
139.0
104.0
136.0
306.0
105.0
109.0
106.0
140.0
110.0
110.0
107.0
112.0
136.0
106.0
106.0
106.0
137.0
99.0
141.0
112.0
137.0
108.0
113.0
141.0
105.0
139.0
113.0
138.0
109.0
134.0
108.0
114.0
100.0
111.0
139.0
110.0
98.0
133.0
109.0
109.0
136.0
108.0
110.0
116.0
136.0
107.0
139.0
106.0
140.0
104.0
105.0
136.0
112.0
137.0
107.0
134.0
111.0
112.0
474.0
141.0
110.0
136.0
110.0
109.0
136.0
114.0
113.0
109.0
110.0
138.0
104.0
139.0
111.0
137.0
110.0
134.0
102.0
139.0
109.0
109.0
139.0
106.0
133.0
110.0
136.0
104.0
130.0
108.0
108.0
138.0
101.0
100.0
144.0
103.0
137.0
102.0
137.0
108.0
112.0
137.0
114.0
110.0
109.0
110.0
108.0
140.0
115.0
110.0
134.0
110.0
135.0
109.0
134.0
110.0
135.0
106.0
138.0
109.0
137.0
107.0
139.0
104.0
114.0
137.0
108.0
136.0
100.0
137.0
110.0
139.0
107.0
111.0
134.0
112.0
113.0
138.0
103.0
136.0
106.0
138.0
110.0
110.0
133.0
110.0
136.0
112.0
139.0
101.0
138.0
109.0
101.0
108.0
137.0
111.0
109.0
139.0
111.0
110.0
111.0
113.0
114.0
138.0
107.0
140.0
110.0
109.0
109.0
130.0
106.0
137.0
108.0
137.0
110.0
108.0
138.0
111.0
138.0
113.0
104.0
109.0
137.0
108.0
110.0
138.0
180.0
113.0
114.0
113.0
112.0
109.0
104.0
107.0
137.0
108.0
105.0
112.0
137.0
104.0
107.0
135.0
99.0
137.0
110.0
131.0
110.0
110.0
109.0
136.0
104.0
136.0
110.0
108.0
139.0
109.0
187.0
110.0
139.0
110.0
138.0
104.0
136.0
95.0
133.0
114.0
143.0
110.0
140.0
110.0
136.0
104.0
133.0
179.0
107.0
138.0
109.0
111.0
137.0
113.0
138.0
114.0
107.0
109.0
138.0
106.0
106.0
134.0
112.0
136.0
108.0
102.0
142.0
112.0
136.0
100.0
142.0
110.0
109.0
141.0
108.0
108.0
109.0
112.0
107.0
133.0
98.0
139.0
105.0
109.0
141.0
111.0
110.0
115.0
138.0
108.0
202.0
109.0
108.0
102.0
111.0
140.0
112.0
112.0
109.0
102.0
110.0
137.0
105.0
137.0
114.0
111.0
136.0
111.0
110.0
107.0
104.0
107.0
136.0
108.0
102.0
136.0
111.0
101.0
137.0
111.0
107.0
109.0
137.0
196.0
109.0
138.0
110.0
139.0
105.0
106.0
138.0
104.0
136.0
108.0
136.0
105.0
131.0
108.0
214.0
113.0
138.0
110.0
140.0
109.0
130.0
110.0
106.0
110.0
136.0
107.0
106.0
110.0
137.0
113.0
103.0
108.0
137.0
105.0
115.0
110.0
138.0
97.0
113.0
111.0
134.0
111.0
106.0
106.0
137.0
113.0
109.0
561.0
141.0
105.0
102.0
140.0
110.0
139.0
82.0
140.0
102.0
136.0
112.0
109.0
136.0
111.0
101.0
135.0
109.0
141.0
110.0
108.0
136.0
114.0
109.0
109.0
97.0
110.0
133.0
108.0
138.0
108.0
104.0
108.0
135.0
109.0
109.0
101.0
114.0
111.0
130.0
102.0
135.0
113.0
108.0
109.0
134.0
111.0
137.0
108.0
113.0
140.0
110.0
143.0
110.0
109.0
108.0
111.0
133.0
110.0
136.0
110.0
141.0
105.0
111.0
101.0
135.0
107.0
101.0
139.0
111.0
136.0
113.0
112.0
138.0
96.0
139.0
105.0
96.0
137.0
111.0
98.0
106.0
139.0
109.0
139.0
114.0
138.0
112.0
138.0
108.0
138.0
106.0
138.0
108.0
138.0
108.0
192.0
110.0
133.0
106.0
106.0
110.0
94.0
136.0
113.0
110.0
137.0
112.0
109.0
141.0
113.0
109.0
137.0
110.0
139.0
113.0
135.0
110.0
138.0
109.0
138.0
109.0
110.0
144.0
109.0
109.0
113.0
111.0
104.0
112.0
133.0
112.0
138.0
110.0
138.0
110.0
135.0
113.0
133.0
91.0
141.0
106.0
134.0
106.0
92.0
140.0
110.0
106.0
113.0
108.0
138.0
106.0
106.0
141.0
117.0
109.0
139.0
108.0
139.0
106.0
138.0
107.0
108.0
112.0
136.0
107.0
136.0
103.0
136.0
108.0
139.0
113.0
133.0
107.0
108.0
134.0
109.0
109.0
136.0
106.0
136.0
111.0
137.0
111.0
138.0
109.0
106.0
103.0
107.0
114.0
136.0
110.0
138.0
109.0
139.0
109.0
137.0
110.0
108.0
134.0
106.0
113.0
114.0
137.0
99.0
105.0
109.0
110.0
136.0
107.0
138.0
110.0
138.0
108.0
138.0
109.0
104.0
339.0
141.0
110.0
137.0
112.0
104.0
140.0
111.0
105.0
139.0
110.0
139.0
111.0
110.0
134.0
106.0
109.0
113.0
138.0
87.0
140.0
114.0
137.0
107.0
100.0
108.0
110.0
136.0
109.0
110.0
98.0
106.0
138.0
107.0
110.0
137.0
108.0
136.0
109.0
108.0
107.0
138.0
105.0
137.0
110.0
100.0
142.0
107.0
139.0
108.0
136.0
109.0
135.0
105.0
104.0
100.0
136.0
109.0
138.0
110.0
106.0
137.0
106.0
134.0
106.0
138.0
100.0
132.0
106.0
139.0
109.0
110.0
109.0
138.0
107.0
139.0
109.0
138.0
106.0
112.0
136.0
114.0
84.0
136.0
110.0
139.0
108.0
110.0
102.0
107.0
140.0
110.0
137.0
112.0
112.0
113.0
101.0
113.0
134.0
109.0
141.0
112.0
136.0
113.0
110.0
104.0
137.0
109.0
136.0
110.0
141.0
108.0
136.0
117.0
107.0
137.0
112.0
139.0
105.0
107.0
140.0
104.0
137.0
109.0
138.0
110.0
112.0
141.0
154.0
108.0
105.0
105.0
109.0
138.0
106.0
140.0
115.0
138.0
112.0
137.0
522.0
155.0
107.0
138.0
106.0
141.0
107.0
138.0
113.0
135.0
112.0
114.0
133.0
109.0
138.0
100.0
104.0
135.0
114.0
133.0
112.0
138.0
108.0
107.0
136.0
111.0
136.0
110.0
138.0
111.0
138.0
108.0
140.0
106.0
140.0
114.0
141.0
109.0
138.0
115.0
106.0
134.0
110.0
107.0
134.0
110.0
198.0
108.0
138.0
107.0
136.0
110.0
136.0
113.0
114.0
107.0
134.0
112.0
134.0
104.0
107.0
108.0
141.0
110.0
111.0
137.0
109.0
106.0
143.0
110.0
113.0
93.0
133.0
90.0
106.0
134.0
103.0
111.0
141.0
110.0
111.0
142.0
106.0
109.0
138.0
114.0
105.0
138.0
110.0
103.0
137.0
105.0
139.0
114.0
137.0
110.0
112.0
141.0
109.0
138.0
111.0
112.0
136.0
111.0
139.0
260.0
135.0
104.0
138.0
110.0
104.0
136.0
106.0
100.0
135.0
105.0
139.0
92.0
108.0
108.0
134.0
112.0
140.0
315.0
139.0
109.0
137.0
110.0
109.0
138.0
109.0
133.0
110.0
138.0
111.0
109.0
136.0
116.0
106.0
134.0
107.0
137.0
112.0
131.0
107.0
139.0
110.0
100.0
112.0
136.0
107.0
110.0
101.0
107.0
108.0
109.0
138.0
103.0
109.0
108.0
139.0
93.0
107.0
138.0
105.0
140.0
114.0
109.0
136.0
109.0
138.0
314.0
138.0
113.0
104.0
137.0
105.0
142.0
108.0
137.0
111.0
137.0
107.0
134.0
110.0
109.0
108.0
137.0
107.0
112.0
135.0
107.0
139.0
114.0
114.0
136.0
106.0
134.0
106.0
143.0
109.0
132.0
111.0
141.0
109.0
141.0
109.0
143.0
114.0
139.0
101.0
138.0
109.0
138.0
110.0
109.0
138.0
106.0
136.0
104.0
139.0
96.0
134.0
108.0
109.0
135.0
114.0
138.0
111.0
188.0
137.0
108.0
145.0
112.0
138.0
112.0
160.0
134.0
105.0
113.0
135.0
107.0
109.0
109.0
112.0
107.0
137.0
112.0
107.0
110.0
139.0
110.0
137.0
108.0
107.0
139.0
107.0
107.0
134.0
109.0
135.0
109.0
106.0
112.0
139.0
109.0
102.0
139.0
110.0
137.0
105.0
140.0
89.0
142.0
109.0
135.0
113.0
134.0
111.0
108.0
113.0
139.0
102.0
108.0
141.0
106.0
101.0
186.0
138.0
111.0
142.0
110.0
137.0
110.0
133.0
108.0
115.0
110.0
143.0
109.0
130.0
110.0
112.0
137.0
107.0
114.0
139.0
101.0
139.0
108.0
138.0
102.0
109.0
141.0
109.0
109.0
106.0
136.0
111.0
65.0
145.0
93.0
111.0
138.0
114.0
113.0
136.0
108.0
109.0
109.0
109.0
111.0
110.0
111.0
139.0
109.0
134.0
115.0
104.0
138.0
110.0
106.0
136.0
108.0
134.0
106.0
138.0
111.0
139.0
113.0
137.0
110.0
136.0
115.0
134.0
106.0
107.0
108.0
108.0
113.0
105.0
113.0
140.0
101.0
90.0
109.0
138.0
109.0
138.0
108.0
109.0
97.0
136.0
106.0
136.0
108.0
106.0
141.0
111.0
109.0
113.0
101.0
103.0
104.0
137.0
110.0
137.0
108.0
136.0
107.0
138.0
113.0
137.0
108.0
105.0
107.0
134.0
109.0
139.0
98.0
106.0
106.0
104.0
133.0
116.0
111.0
132.0
110.0
136.0
112.0
136.0
99.0
107.0
136.0
101.0
111.0
106.0
132.0
108.0
109.0
106.0
109.0
139.0
104.0
139.0
108.0
138.0
109.0
140.0
112.0
104.0
105.0
140.0
110.0
134.0
102.0
133.0
100.0
148.0
112.0
135.0
112.0
134.0
109.0
112.0
106.0
315.0
138.0
109.0
140.0
106.0
140.0
114.0
138.0
100.0
108.0
134.0
105.0
138.0
109.0
136.0
111.0
107.0
108.0
109.0
112.0
137.0
113.0
138.0
108.0
107.0
356.0
137.0
106.0
136.0
109.0
134.0
107.0
141.0
108.0
137.0
110.0
138.0
110.0
136.0
100.0
136.0
97.0
136.0
115.0
138.0
106.0
136.0
110.0
138.0
104.0
102.0
136.0
106.0
136.0
108.0
138.0
113.0
134.0
107.0
109.0
136.0
104.0
109.0
140.0
113.0
134.0
115.0
107.0
109.0
135.0
109.0
101.0
141.0
108.0
137.0
100.0
137.0
111.0
106.0
105.0
106.0
138.0
109.0
110.0
113.0
109.0
138.0
108.0
133.0
112.0
114.0
136.0
110.0
138.0
101.0
104.0
137.0
107.0
138.0
110.0
107.0
108.0
106.0
112.0
107.0
136.0
111.0
140.0
113.0
107.0
140.0
109.0
111.0
136.0
108.0
138.0
113.0
137.0
109.0
113.0
112.0
104.0
134.0
97.0
110.0
106.0
111.0
109.0
136.0
114.0
112.0
138.0
99.0
140.0
111.0
137.0
189.0
137.0
112.0
137.0
110.0
134.0
112.0
138.0
107.0
108.0
109.0
135.0
108.0
138.0
107.0
139.0
206.0
139.0
109.0
107.0
136.0
105.0
138.0
104.0
106.0
134.0
114.0
138.0
110.0
136.0
110.0
138.0
109.0
111.0
141.0
107.0
134.0
110.0
133.0
114.0
136.0
111.0
140.0
115.0
137.0
106.0
110.0
106.0
107.0
138.0
109.0
134.0
108.0
110.0
137.0
116.0
109.0
112.0
136.0
107.0
138.0
113.0
136.0
108.0
106.0
137.0
109.0
138.0
107.0
108.0
136.0
112.0
113.0
140.0
110.0
117.0
139.0
110.0
110.0
139.0
107.0
141.0
114.0
105.0
136.0
96.0
98.0
135.0
109.0
139.0
110.0
115.0
112.0
110.0
112.0
135.0
108.0
494.0
139.0
116.0
136.0
111.0
110.0
137.0
114.0
138.0
102.0
112.0
138.0
115.0
139.0
108.0
109.0
138.0
204.0
134.0
109.0
108.0
142.0
107.0
95.0
138.0
117.0
106.0
136.0
114.0
133.0
108.0
113.0
137.0
110.0
138.0
109.0
110.0
135.0
101.0
138.0
109.0
107.0
107.0
142.0
106.0
113.0
137.0
109.0
132.0
100.0
139.0
109.0
133.0
111.0
106.0
107.0
134.0
114.0
138.0
108.0
141.0
109.0
136.0
108.0
112.0
137.0
108.0
137.0
108.0
108.0
135.0
109.0
111.0
85.0
141.0
112.0
110.0
137.0
105.0
110.0
138.0
96.0
137.0
106.0
114.0
107.0
138.0
105.0
142.0
113.0
142.0
106.0
106.0
109.0
138.0
109.0
110.0
114.0
94.0
112.0
134.0
110.0
114.0
107.0
137.0
109.0
111.0
135.0
111.0
138.0
105.0
140.0
110.0
145.0
107.0
109.0
133.0
111.0
110.0
140.0
106.0
106.0
109.0
110.0
141.0
100.0
107.0
134.0
112.0
136.0
101.0
134.0
326.0
137.0
110.0
109.0
134.0
111.0
136.0
104.0
114.0
136.0
111.0
138.0
107.0
104.0
111.0
132.0
108.0
111.0
103.0
107.0
139.0
108.0
138.0
114.0
138.0
109.0
103.0
141.0
109.0
137.0
106.0
101.0
140.0
214.0
138.0
99.0
108.0
133.0
107.0
115.0
137.0
107.0
106.0
133.0
111.0
109.0
133.0
106.0
256.0
109.0
131.0
111.0
133.0
106.0
109.0
141.0
105.0
137.0
100.0
139.0
110.0
137.0
235.0
106.0
138.0
110.0
136.0
115.0
136.0
107.0
137.0
107.0
136.0
106.0
138.0
108.0
132.0
106.0
109.0
139.0
109.0
112.0
108.0
108.0
139.0
104.0
112.0
136.0
107.0
134.0
88.0
141.0
105.0
110.0
137.0
178.0
109.0
106.0
134.0
104.0
151.0
110.0
111.0
108.0
136.0
101.0
137.0
111.0
105.0
136.0
114.0
103.0
139.0
107.0
108.0
135.0
110.0
107.0
133.0
113.0
141.0
111.0
110.0
138.0
101.0
140.0
110.0
110.0
139.0
113.0
140.0
107.0
112.0
110.0
141.0
113.0
136.0
107.0
108.0
136.0
106.0
110.0
141.0
109.0
106.0
138.0
109.0
109.0
115.0
138.0
106.0
141.0
109.0
138.0
103.0
136.0
109.0
109.0
138.0
114.0
134.0
109.0
137.0
108.0
109.0
113.0
108.0
139.0
109.0
109.0
116.0
140.0
109.0
107.0
137.0
106.0
105.0
104.0
134.0
105.0
111.0
111.0
109.0
108.0
112.0
138.0
112.0
139.0
112.0
107.0
132.0
110.0
111.0
110.0
111.0
110.0
109.0
108.0
103.0
139.0
107.0
134.0
113.0
136.0
109.0
196.0
139.0
110.0
137.0
113.0
141.0
107.0
114.0
136.0
105.0
134.0
266.0
138.0
109.0
138.0
109.0
108.0
141.0
109.0
138.0
109.0
136.0
115.0
139.0
112.0
138.0
106.0
138.0
101.0
133.0
106.0
112.0
111.0
134.0
107.0
138.0
99.0
134.0
106.0
134.0
110.0
110.0
106.0
105.0
138.0
109.0
110.0
136.0
109.0
135.0
109.0
107.0
135.0
107.0
100.0
139.0
209.0
139.0
108.0
138.0
106.0
110.0
139.0
112.0
136.0
112.0
107.0
106.0
107.0
138.0
113.0
106.0
104.0
142.0
106.0
139.0
110.0
113.0
106.0
138.0
112.0
140.0
112.0
136.0
114.0
99.0
140.0
112.0
139.0
101.0
137.0
108.0
136.0
109.0
133.0
105.0
106.0
112.0
107.0
111.0
109.0
116.0
113.0
104.0
136.0
112.0
139.0
97.0
136.0
97.0
136.0
110.0
107.0
112.0
140.0
107.0
109.0
135.0
109.0
144.0
114.0
117.0
138.0
113.0
141.0
199.0
136.0
96.0
111.0
101.0
100.0
137.0
113.0
114.0
109.0
106.0
138.0
105.0
105.0
142.0
114.0
132.0
113.0
108.0
138.0
106.0
106.0
136.0
101.0
109.0
135.0
107.0
134.0
111.0
109.0
112.0
108.0
140.0
101.0
137.0
104.0
111.0
135.0
108.0
109.0
134.0
106.0
111.0
138.0
110.0
140.0
108.0
106.0
140.0
109.0
108.0
107.0
112.0
108.0
136.0
109.0
134.0
112.0
107.0
138.0
110.0
139.0
112.0
138.0
112.0
140.0
108.0
135.0
95.0
133.0
110.0
134.0
109.0
109.0
138.0
106.0
134.0
109.0
141.0
101.0
134.0
108.0
106.0
110.0
111.0
138.0
109.0
138.0
106.0
136.0
111.0
138.0
111.0
105.0
136.0
105.0
107.0
132.0
108.0
137.0
109.0
112.0
137.0
109.0
111.0
133.0
106.0
137.0
103.0
141.0
102.0
112.0
135.0
85.0
142.0
106.0
112.0
133.0
109.0
77.0
142.0
109.0
202.0
106.0
108.0
107.0
180.0
136.0
115.0
109.0
135.0
114.0
141.0
113.0
109.0
109.0
111.0
137.0
107.0
138.0
110.0
110.0
109.0
103.0
137.0
109.0
112.0
141.0
112.0
111.0
108.0
138.0
107.0
113.0
113.0
108.0
109.0
106.0
141.0
107.0
100.0
108.0
113.0
103.0
135.0
106.0
132.0
106.0
137.0
221.0
134.0
110.0
137.0
110.0
112.0
113.0
136.0
111.0
136.0
113.0
113.0
141.0
112.0
110.0
136.0
108.0
138.0
110.0
135.0
107.0
86.0
140.0
106.0
101.0
134.0
109.0
111.0
105.0
135.0
112.0
138.0
110.0
141.0
109.0
134.0
110.0
111.0
110.0
133.0
109.0
137.0
402.0
158.0
111.0
140.0
109.0
114.0
136.0
108.0
108.0
143.0
110.0
109.0
107.0
110.0
113.0
109.0
133.0
108.0
108.0
109.0
107.0
112.0
142.0
105.0
136.0
108.0
141.0
102.0
107.0
133.0
108.0
139.0
110.0
105.0
138.0
112.0
141.0
206.0
140.0
101.0
104.0
139.0
111.0
142.0
109.0
139.0
109.0
134.0
110.0
110.0
138.0
107.0
138.0
108.0
110.0
140.0
113.0
106.0
138.0
105.0
111.0
138.0
99.0
134.0
110.0
107.0
112.0
140.0
115.0
141.0
109.0
137.0
111.0
136.0
107.0
112.0
107.0
139.0
104.0
139.0
105.0
137.0
104.0
139.0
114.0
137.0
108.0
139.0
112.0
134.0
105.0
138.0
106.0
133.0
109.0
137.0
108.0
109.0
137.0
107.0
135.0
106.0
136.0
111.0
136.0
107.0
139.0
114.0
140.0
114.0
133.0
110.0
138.0
109.0
110.0
109.0
135.0
110.0
139.0
110.0
109.0
137.0
377.0
132.0
110.0
107.0
105.0
106.0
105.0
109.0
133.0
110.0
139.0
109.0
137.0
110.0
137.0
113.0
141.0
113.0
133.0
111.0
112.0
108.0
137.0
101.0
136.0
108.0
114.0
140.0
106.0
133.0
112.0
134.0
101.0
111.0
109.0
140.0
104.0
136.0
102.0
109.0
139.0
111.0
136.0
94.0
138.0
112.0
109.0
136.0
112.0
134.0
101.0
137.0
112.0
142.0
115.0
137.0
106.0
138.0
109.0
135.0
106.0
133.0
107.0
104.0
137.0
110.0
137.0
109.0
107.0
105.0
139.0
106.0
134.0
108.0
106.0
113.0
107.0
108.0
94.0
136.0
106.0
135.0
113.0
137.0
108.0
140.0
110.0
138.0
104.0
107.0
110.0
112.0
105.0
141.0
110.0
137.0
106.0
135.0
115.0
140.0
110.0
162.0
108.0
108.0
112.0
139.0
114.0
112.0
112.0
133.0
105.0
136.0
104.0
138.0
99.0
140.0
106.0
138.0
106.0
141.0
108.0
136.0
112.0
137.0
114.0
133.0
110.0
137.0
172.0
138.0
114.0
103.0
112.0
136.0
108.0
137.0
108.0
136.0
100.0
98.0
134.0
101.0
142.0
114.0
141.0
98.0
102.0
113.0
109.0
137.0
105.0
136.0
103.0
105.0
98.0
136.0
109.0
137.0
104.0
140.0
104.0
134.0
110.0
102.0
141.0
109.0
138.0
106.0
111.0
134.0
110.0
137.0
114.0
134.0
109.0
113.0
134.0
107.0
137.0
112.0
138.0
111.0
139.0
104.0
133.0
108.0
110.0
112.0
109.0
141.0
114.0
140.0
109.0
134.0
106.0
137.0
112.0
108.0
106.0
138.0
282.0
106.0
113.0
132.0
110.0
107.0
141.0
109.0
134.0
112.0
139.0
105.0
110.0
113.0
109.0
141.0
113.0
139.0
106.0
97.0
136.0
112.0
138.0
105.0
105.0
139.0
112.0
113.0
136.0
106.0
137.0
114.0
105.0
114.0
139.0
110.0
114.0
139.0
110.0
100.0
142.0
114.0
112.0
138.0
500.0
139.0
109.0
136.0
107.0
102.0
138.0
114.0
102.0
140.0
110.0
133.0
104.0
106.0
135.0
109.0
136.0
106.0
137.0
112.0
135.0
101.0
135.0
107.0
106.0
112.0
143.0
106.0
99.0
110.0
109.0
112.0
109.0
139.0
109.0
137.0
108.0
135.0
101.0
136.0
112.0
109.0
136.0
113.0
111.0
139.0
109.0
116.0
133.0
101.0
142.0
108.0
111.0
106.0
134.0
106.0
139.0
110.0
139.0
98.0
136.0
105.0
138.0
113.0
107.0
138.0
108.0
140.0
113.0
131.0
111.0
138.0
113.0
114.0
113.0
109.0
136.0
104.0
141.0
104.0
109.0
136.0
109.0
139.0
106.0
136.0
107.0
133.0
112.0
108.0
141.0
101.0
137.0
109.0
110.0
107.0
137.0
111.0
112.0
109.0
110.0
104.0
109.0
133.0
517.0
141.0
112.0
138.0
112.0
113.0
134.0
109.0
106.0
138.0
104.0
108.0
114.0
106.0
100.0
134.0
111.0
137.0
106.0
106.0
134.0
107.0
110.0
105.0
110.0
221.0
101.0
138.0
110.0
133.0
106.0
139.0
109.0
144.0
137.0
108.0
109.0
138.0
108.0
110.0
137.0
104.0
138.0
115.0
104.0
138.0
108.0
135.0
107.0
139.0
110.0
109.0
141.0
112.0
109.0
99.0
136.0
106.0
108.0
139.0
114.0
101.0
138.0
110.0
138.0
105.0
136.0
93.0
140.0
208.0
105.0
135.0
110.0
101.0
138.0
110.0
137.0
109.0
141.0
114.0
104.0
135.0
106.0
113.0
108.0
97.0
138.0
104.0
154.0
134.0
110.0
134.0
109.0
113.0
133.0
105.0
106.0
138.0
113.0
110.0
108.0
139.0
107.0
137.0
105.0
133.0
110.0
101.0
136.0
112.0
137.0
112.0
106.0
134.0
102.0
142.0
108.0
101.0
138.0
108.0
112.0
138.0
97.0
139.0
100.0
136.0
112.0
139.0
109.0
139.0
112.0
133.0
107.0
111.0
138.0
607.0
109.0
136.0
107.0
109.0
134.0
111.0
104.0
106.0
139.0
111.0
110.0
107.0
109.0
137.0
109.0
139.0
178.0
136.0
106.0
134.0
109.0
109.0
110.0
108.0
233.0
104.0
133.0
105.0
132.0
106.0
109.0
140.0
114.0
138.0
113.0
109.0
107.0
133.0
109.0
136.0
112.0
105.0
176.0
140.0
110.0
137.0
109.0
113.0
523.0
135.0
115.0
136.0
114.0
204.0
109.0
137.0
104.0
141.0
106.0
138.0
113.0
137.0
113.0
97.0
106.0
135.0
110.0
111.0
138.0
110.0
105.0
141.0
85.0
147.0
110.0
139.0
107.0
112.0
108.0
138.0
113.0
140.0
107.0
108.0
111.0
113.0
132.0
497.0
115.0
141.0
109.0
183.0
136.0
109.0
112.0
136.0
101.0
110.0
138.0
109.0
139.0
109.0
113.0
133.0
113.0
138.0
102.0
114.0
139.0
110.0
138.0
111.0
115.0
140.0
112.0
137.0
107.0
95.0
138.0
114.0
140.0
112.0
365.0
141.0
112.0
138.0
110.0
104.0
113.0
138.0
113.0
134.0
110.0
138.0
111.0
139.0
117.0
108.0
134.0
112.0
133.0
111.0
138.0
110.0
132.0
98.0
129.0
101.0
136.0
101.0
107.0
138.0
111.0
142.0
113.0
109.0
113.0
108.0
139.0
108.0
139.0
111.0
109.0
133.0
107.0
136.0
110.0
137.0
111.0
111.0
106.0
136.0
112.0
134.0
113.0
109.0
112.0
107.0
108.0
136.0
109.0
106.0
134.0
107.0
136.0
105.0
95.0
138.0
109.0
134.0
115.0
136.0
113.0
136.0
106.0
109.0
109.0
138.0
108.0
108.0
137.0
108.0
138.0
110.0
141.0
111.0
106.0
138.0
109.0
138.0
105.0
108.0
110.0
137.0
112.0
110.0
106.0
111.0
109.0
109.0
106.0
137.0
298.0
107.0
135.0
113.0
198.0
139.0
110.0
138.0
110.0
229.0
112.0
110.0
139.0
107.0
106.0
139.0
109.0
111.0
107.0
107.0
106.0
100.0
138.0
109.0
104.0
111.0
108.0
102.0
138.0
109.0
110.0
104.0
138.0
108.0
106.0
112.0
135.0
110.0
136.0
112.0
140.0
109.0
141.0
112.0
138.0
104.0
115.0
139.0
106.0
113.0
138.0
226.0
106.0
141.0
112.0
133.0
110.0
107.0
111.0
139.0
111.0
101.0
137.0
113.0
110.0
114.0
109.0
115.0
109.0
139.0
101.0
137.0
113.0
138.0
112.0
134.0
112.0
138.0
106.0
109.0
132.0
98.0
110.0
113.0
106.0
104.0
112.0
137.0
107.0
136.0
110.0
110.0
138.0
110.0
139.0
108.0
139.0
109.0
138.0
111.0
136.0
105.0
138.0
508.0
133.0
112.0
112.0
139.0
110.0
109.0
138.0
113.0
132.0
106.0
138.0
113.0
133.0
113.0
134.0
111.0
110.0
107.0
112.0
98.0
141.0
110.0
111.0
98.0
109.0
106.0
137.0
109.0
136.0
114.0
105.0
138.0
109.0
137.0
110.0
136.0
114.0
111.0
107.0
133.0
110.0
134.0
110.0
110.0
106.0
138.0
109.0
114.0
141.0
494.0
137.0
107.0
132.0
105.0
109.0
111.0
138.0
108.0
139.0
102.0
138.0
102.0
110.0
113.0
136.0
103.0
136.0
184.0
133.0
105.0
136.0
114.0
96.0
107.0
140.0
109.0
113.0
112.0
107.0
137.0
102.0
107.0
132.0
100.0
137.0
95.0
139.0
110.0
114.0
105.0
135.0
100.0
139.0
104.0
112.0
137.0
111.0
136.0
108.0
141.0
112.0
141.0
110.0
111.0
139.0
110.0
112.0
135.0
113.0
141.0
108.0
140.0
110.0
135.0
111.0
113.0
136.0
112.0
137.0
106.0
114.0
137.0
109.0
136.0
112.0
110.0
107.0
114.0
106.0
111.0
143.0
410.0
107.0
133.0
109.0
136.0
140.0
111.0
136.0
110.0
137.0
105.0
133.0
109.0
106.0
110.0
139.0
109.0
139.0
109.0
136.0
109.0
137.0
102.0
142.0
108.0
109.0
109.0
142.0
109.0
102.0
138.0
110.0
136.0
111.0
135.0
114.0
101.0
108.0
107.0
108.0
100.0
138.0
110.0
98.0
134.0
114.0
106.0
114.0
138.0
108.0
136.0
111.0
108.0
106.0
107.0
141.0
110.0
141.0
111.0
106.0
103.0
138.0
114.0
107.0
112.0
110.0
142.0
105.0
108.0
138.0
112.0
136.0
112.0
111.0
136.0
110.0
103.0
138.0
101.0
109.0
107.0
107.0
137.0
106.0
135.0
105.0
108.0
109.0
138.0
190.0
133.0
109.0
110.0
134.0
113.0
138.0
105.0
108.0
137.0
110.0
137.0
290.0
109.0
136.0
333.0
141.0
107.0
111.0
108.0
139.0
96.0
109.0
137.0
98.0
104.0
106.0
135.0
114.0
113.0
111.0
109.0
112.0
137.0
106.0
139.0
113.0
137.0
111.0
139.0
112.0
111.0
105.0
111.0
108.0
108.0
108.0
113.0
114.0
114.0
137.0
109.0
110.0
110.0
111.0
139.0
98.0
111.0
136.0
115.0
107.0
113.0
142.0
112.0
107.0
110.0
114.0
113.0
142.0
111.0
109.0
138.0
104.0
137.0
109.0
107.0
133.0
113.0
112.0
110.0
138.0
107.0
138.0
75.0
142.0
113.0
112.0
107.0
130.0
109.0
139.0
112.0
101.0
138.0
110.0
110.0
135.0
114.0
105.0
111.0
393.0
135.0
106.0
105.0
194.0
114.0
99.0
138.0
112.0
108.0
137.0
97.0
107.0
110.0
110.0
141.0
105.0
106.0
98.0
139.0
114.0
101.0
105.0
109.0
109.0
137.0
109.0
139.0
105.0
109.0
141.0
110.0
138.0
101.0
106.0
135.0
106.0
114.0
136.0
110.0
134.0
109.0
110.0
105.0
139.0
113.0
137.0
109.0
110.0
109.0
138.0
108.0
136.0
107.0
132.0
110.0
108.0
138.0
109.0
136.0
105.0
109.0
135.0
112.0
137.0
106.0
113.0
138.0
112.0
110.0
141.0
110.0
139.0
109.0
135.0
113.0
112.0
107.0
140.0
109.0
138.0
108.0
113.0
111.0
137.0
107.0
109.0
106.0
107.0
112.0
111.0
98.0
138.0
256.0
112.0
142.0
108.0
105.0
140.0
112.0
91.0
138.0
111.0
101.0
111.0
136.0
108.0
139.0
109.0
106.0
114.0
111.0
109.0
140.0
111.0
140.0
113.0
134.0
110.0
135.0
110.0
136.0
117.0
110.0
115.0
133.0
114.0
108.0
108.0
140.0
110.0
141.0
111.0
109.0
106.0
110.0
139.0
111.0
137.0
108.0
136.0
110.0
138.0
112.0
102.0
83.0
139.0
107.0
105.0
113.0
137.0
115.0
139.0
115.0
138.0
105.0
139.0
110.0
106.0
101.0
112.0
105.0
137.0
107.0
109.0
103.0
139.0
108.0
133.0
109.0
142.0
117.0
137.0
109.0
108.0
138.0
106.0
139.0
109.0
136.0
106.0
137.0
113.0
109.0
138.0
108.0
138.0
109.0
138.0
526.0
139.0
413.0
106.0
108.0
135.0
105.0
109.0
109.0
138.0
113.0
138.0
113.0
112.0
106.0
111.0
105.0
138.0
200.0
107.0
109.0
138.0
109.0
108.0
142.0
108.0
138.0
108.0
110.0
104.0
109.0
138.0
107.0
111.0
109.0
138.0
104.0
108.0
114.0
138.0
104.0
112.0
109.0
140.0
113.0
135.0
109.0
110.0
113.0
139.0
113.0
106.0
112.0
110.0
109.0
106.0
109.0
138.0
104.0
140.0
108.0
106.0
136.0
109.0
109.0
110.0
135.0
104.0
133.0
106.0
141.0
107.0
114.0
109.0
141.0
111.0
98.0
138.0
109.0
111.0
137.0
114.0
109.0
138.0
112.0
113.0
136.0
110.0
117.0
561.0
138.0
110.0
135.0
114.0
139.0
109.0
142.0
112.0
134.0
111.0
137.0
107.0
112.0
139.0
106.0
109.0
114.0
105.0
107.0
138.0
107.0
113.0
112.0
111.0
110.0
139.0
109.0
107.0
137.0
109.0
110.0
108.0
138.0
111.0
139.0
114.0
134.0
105.0
114.0
141.0
107.0
142.0
106.0
111.0
107.0
330.0
107.0
137.0
109.0
132.0
196.0
136.0
106.0
136.0
111.0
139.0
98.0
107.0
141.0
101.0
134.0
113.0
109.0
112.0
114.0
112.0
111.0
115.0
104.0
109.0
138.0
110.0
109.0
132.0
102.0
144.0
114.0
110.0
138.0
109.0
113.0
131.0
101.0
113.0
112.0
105.0
107.0
136.0
108.0
113.0
106.0
110.0
110.0
141.0
104.0
132.0
114.0
142.0
107.0
138.0
109.0
139.0
113.0
140.0
104.0
138.0
103.0
110.0
112.0
115.0
104.0
138.0
107.0
141.0
112.0
112.0
105.0
141.0
110.0
109.0
104.0
106.0
110.0
138.0
114.0
110.0
109.0
137.0
112.0
110.0
136.0
114.0
139.0
112.0
118.0
107.0
137.0
91.0
141.0
113.0
139.0
111.0
138.0
109.0
116.0
133.0
110.0
112.0
142.0
112.0
137.0
105.0
134.0
110.0
111.0
492.0
116.0
141.0
109.0
80.0
145.0
109.0
114.0
138.0
110.0
117.0
144.0
110.0
139.0
109.0
140.0
108.0
137.0
108.0
102.0
106.0
138.0
100.0
107.0
105.0
111.0
113.0
107.0
140.0
106.0
112.0
139.0
109.0
109.0
110.0
96.0
104.0
143.0
113.0
139.0
108.0
141.0
113.0
110.0
135.0
111.0
102.0
111.0
112.0
137.0
106.0
113.0
140.0
112.0
133.0
114.0
114.0
115.0
112.0
140.0
114.0
112.0
141.0
112.0
138.0
106.0
114.0
113.0
109.0
116.0
109.0
138.0
113.0
135.0
108.0
103.0
141.0
110.0
136.0
108.0
113.0
109.0
142.0
113.0
140.0
99.0
116.0
136.0
113.0
134.0
109.0
106.0
113.0
136.0
96.0
135.0
111.0
135.0
104.0
135.0
110.0
133.0
101.0
137.0
105.0
138.0
101.0
138.0
109.0
138.0
111.0
114.0
139.0
107.0
115.0
109.0
107.0
136.0
178.0
132.0
107.0
107.0
110.0
112.0
141.0
109.0
111.0
109.0
137.0
111.0
110.0
137.0
108.0
140.0
106.0
139.0
105.0
100.0
138.0
114.0
136.0
110.0
138.0
109.0
108.0
93.0
109.0
141.0
101.0
110.0
102.0
106.0
109.0
105.0
138.0
106.0
109.0
110.0
105.0
122.0
112.0
110.0
113.0
111.0
111.0
139.0
108.0
136.0
104.0
107.0
136.0
109.0
140.0
113.0
114.0
132.0
110.0
106.0
140.0
106.0
138.0
112.0
135.0
113.0
136.0
109.0
100.0
109.0
107.0
136.0
112.0
137.0
109.0
107.0
108.0
106.0
139.0
112.0
137.0
107.0
138.0
113.0
139.0
105.0
111.0
141.0
108.0
136.0
113.0
140.0
117.0
114.0
104.0
107.0
138.0
110.0
86.0
115.0
139.0
110.0
137.0
110.0
139.0
106.0
139.0
110.0
136.0
106.0
138.0
109.0
112.0
134.0
114.0
138.0
105.0
136.0
107.0
111.0
144.0
111.0
106.0
105.0
109.0
136.0
113.0
137.0
114.0
139.0
110.0
138.0
105.0
133.0
103.0
96.0
137.0
113.0
138.0
109.0
138.0
105.0
139.0
109.0
107.0
140.0
109.0
137.0
108.0
116.0
136.0
103.0
138.0
108.0
109.0
108.0
138.0
113.0
113.0
134.0
111.0
136.0
111.0
137.0
101.0
134.0
110.0
159.0
109.0
109.0
136.0
177.0
138.0
113.0
112.0
140.0
104.0
109.0
141.0
109.0
106.0
137.0
109.0
142.0
111.0
137.0
111.0
138.0
118.0
140.0
96.0
137.0
109.0
139.0
106.0
136.0
109.0
194.0
136.0
116.0
104.0
139.0
351.0
104.0
136.0
219.0
136.0
114.0
138.0
105.0
139.0
113.0
100.0
106.0
132.0
110.0
137.0
109.0
112.0
132.0
104.0
107.0
108.0
108.0
137.0
109.0
140.0
112.0
137.0
96.0
137.0
104.0
107.0
110.0
115.0
98.0
108.0
110.0
138.0
110.0
110.0
107.0
132.0
109.0
138.0
107.0
109.0
114.0
136.0
104.0
109.0
134.0
99.0
138.0
110.0
113.0
109.0
139.0
115.0
139.0
108.0
113.0
104.0
139.0
104.0
107.0
113.0
109.0
113.0
138.0
105.0
136.0
487.0
137.0
106.0
110.0
138.0
110.0
110.0
136.0
113.0
139.0
112.0
108.0
111.0
138.0
129.0
102.0
115.0
110.0
139.0
113.0
134.0
116.0
134.0
108.0
110.0
136.0
109.0
105.0
99.0
135.0
106.0
135.0
112.0
140.0
111.0
136.0
113.0
114.0
107.0
108.0
142.0
109.0
140.0
111.0
109.0
138.0
111.0
138.0
110.0
137.0
113.0
136.0
109.0
109.0
108.0
111.0
110.0
136.0
98.0
133.0
107.0
106.0
107.0
346.0
136.0
109.0
111.0
138.0
113.0
140.0
107.0
136.0
114.0
112.0
113.0
107.0
131.0
109.0
109.0
107.0
137.0
109.0
106.0
132.0
106.0
491.0
106.0
136.0
112.0
137.0
116.0
112.0
109.0
138.0
111.0
107.0
130.0
109.0
133.0
111.0
136.0
106.0
106.0
139.0
101.0
139.0
121.0
139.0
112.0
112.0
137.0
112.0
138.0
113.0
141.0
102.0
135.0
112.0
133.0
111.0
134.0
105.0
136.0
111.0
138.0
108.0
136.0
102.0
137.0
154.0
109.0
136.0
109.0
111.0
138.0
113.0
140.0
107.0
90.0
112.0
131.0
106.0
109.0
110.0
110.0
140.0
110.0
111.0
135.0
107.0
140.0
105.0
136.0
108.0
132.0
109.0
133.0
108.0
135.0
106.0
106.0
138.0
100.0
114.0
117.0
109.0
106.0
136.0
114.0
140.0
107.0
138.0
110.0
111.0
136.0
113.0
105.0
109.0
113.0
109.0
109.0
108.0
107.0
134.0
106.0
138.0
105.0
110.0
137.0
110.0
139.0
109.0
136.0
108.0
136.0
115.0
139.0
107.0
136.0
117.0
98.0
109.0
136.0
93.0
138.0
112.0
111.0
141.0
107.0
134.0
112.0
138.0
113.0
136.0
107.0
113.0
107.0
138.0
115.0
140.0
112.0
140.0
106.0
141.0
105.0
137.0
112.0
138.0
105.0
135.0
105.0
138.0
108.0
110.0
107.0
141.0
111.0
138.0
99.0
133.0
109.0
108.0
138.0
110.0
112.0
134.0
114.0
105.0
139.0
111.0
138.0
112.0
139.0
100.0
109.0
136.0
226.0
105.0
110.0
136.0
106.0
106.0
136.0
107.0
108.0
110.0
139.0
113.0
113.0
114.0
108.0
