131.0
126.0
128.0
125.0
124.0
151.0
122.0
154.0
125.0
154.0
123.0
123.0
122.0
151.0
124.0
158.0
122.0
150.0
147.0
131.0
155.0
129.0
154.0
121.0
126.0
117.0
123.0
150.0
122.0
125.0
154.0
121.0
117.0
121.0
154.0
124.0
153.0
132.0
157.0
122.0
150.0
125.0
155.0
128.0
156.0
117.0
157.0
122.0
149.0
122.0
117.0
125.0
155.0
121.0
157.0
122.0
152.0
125.0
128.0
118.0
156.0
123.0
121.0
126.0
154.0
123.0
132.0
149.0
129.0
123.0
124.0
126.0
157.0
128.0
121.0
127.0
153.0
123.0
149.0
125.0
153.0
118.0
153.0
126.0
126.0
122.0
151.0
124.0
155.0
125.0
153.0
117.0
156.0
124.0
153.0
124.0
154.0
122.0
125.0
155.0
123.0
123.0
154.0
123.0
150.0
125.0
161.0
124.0
157.0
127.0
150.0
122.0
131.0
156.0
120.0
152.0
127.0
154.0
130.0
153.0
125.0
153.0
124.0
154.0
125.0
128.0
153.0
118.0
152.0
127.0
155.0
127.0
128.0
158.0
118.0
152.0
126.0
154.0
128.0
158.0
125.0
117.0
130.0
154.0
127.0
126.0
130.0
153.0
128.0
124.0
155.0
122.0
154.0
123.0
150.0
126.0
151.0
123.0
124.0
154.0
122.0
155.0
125.0
125.0
122.0
153.0
130.0
153.0
124.0
126.0
155.0
119.0
157.0
118.0
154.0
125.0
156.0
125.0
157.0
126.0
150.0
129.0
152.0
125.0
160.0
121.0
123.0
152.0
122.0
154.0
129.0
157.0
124.0
156.0
111.0
151.0
122.0
123.0
153.0
166.0
157.0
129.0
119.0
154.0
128.0
153.0
125.0
154.0
124.0
153.0
126.0
154.0
125.0
160.0
125.0
157.0
122.0
153.0
119.0
128.0
153.0
125.0
154.0
126.0
154.0
135.0
157.0
128.0
151.0
126.0
154.0
130.0
155.0
123.0
153.0
123.0
129.0
154.0
125.0
127.0
128.0
131.0
114.0
157.0
122.0
123.0
122.0
121.0
118.0
126.0
158.0
121.0
119.0
124.0
126.0
154.0
119.0
153.0
118.0
159.0
128.0
155.0
128.0
154.0
129.0
130.0
154.0
126.0
157.0
123.0
152.0
126.0
151.0
122.0
157.0
125.0
147.0
125.0
154.0
123.0
129.0
151.0
124.0
154.0
117.0
128.0
157.0
125.0
152.0
123.0
157.0
129.0
154.0
125.0
155.0
121.0
115.0
118.0
124.0
152.0
127.0
150.0
124.0
126.0
121.0
124.0
155.0
116.0
157.0
124.0
124.0
153.0
123.0
153.0
123.0
154.0
115.0
155.0
122.0
155.0
128.0
157.0
128.0
149.0
122.0
122.0
123.0
153.0
121.0
125.0
150.0
131.0
401.0
152.0
126.0
154.0
123.0
148.0
122.0
125.0
120.0
156.0
128.0
126.0
150.0
124.0
152.0
127.0
158.0
129.0
122.0
119.0
107.0
125.0
123.0
157.0
127.0
151.0
129.0
152.0
124.0
154.0
121.0
156.0
124.0
125.0
130.0
153.0
130.0
125.0
125.0
121.0
121.0
157.0
271.0
123.0
149.0
125.0
158.0
125.0
154.0
121.0
129.0
125.0
121.0
157.0
125.0
160.0
125.0
157.0
120.0
122.0
157.0
125.0
125.0
151.0
109.0
157.0
126.0
125.0
125.0
123.0
157.0
129.0
155.0
121.0
153.0
126.0
153.0
222.0
123.0
122.0
127.0
206.0
148.0
124.0
123.0
150.0
114.0
149.0
125.0
125.0
154.0
125.0
152.0
120.0
157.0
128.0
157.0
122.0
155.0
125.0
124.0
153.0
123.0
151.0
118.0
124.0
154.0
124.0
149.0
125.0
155.0
118.0
157.0
128.0
154.0
126.0
123.0
153.0
128.0
159.0
114.0
125.0
153.0
128.0
122.0
128.0
118.0
153.0
128.0
123.0
104.0
157.0
218.0
123.0
122.0
124.0
153.0
126.0
157.0
126.0
155.0
122.0
128.0
156.0
109.0
154.0
124.0
116.0
121.0
155.0
122.0
110.0
155.0
125.0
122.0
128.0
132.0
121.0
117.0
156.0
118.0
125.0
155.0
126.0
129.0
155.0
126.0
123.0
154.0
120.0
156.0
118.0
127.0
155.0
126.0
152.0
123.0
122.0
118.0
128.0
218.0
152.0
122.0
127.0
155.0
130.0
128.0
155.0
109.0
154.0
113.0
153.0
125.0
154.0
126.0
123.0
155.0
124.0
124.0
125.0
158.0
124.0
154.0
131.0
154.0
111.0
157.0
125.0
131.0
151.0
122.0
123.0
157.0
126.0
155.0
125.0
155.0
117.0
153.0
127.0
128.0
125.0
125.0
158.0
130.0
128.0
119.0
154.0
128.0
153.0
120.0
153.0
113.0
124.0
160.0
130.0
153.0
122.0
126.0
123.0
154.0
128.0
460.0
157.0
124.0
150.0
221.0
154.0
126.0
118.0
155.0
129.0
153.0
125.0
154.0
124.0
155.0
123.0
124.0
154.0
120.0
154.0
118.0
122.0
156.0
126.0
154.0
121.0
152.0
123.0
154.0
128.0
123.0
153.0
122.0
121.0
157.0
123.0
152.0
124.0
149.0
121.0
151.0
120.0
122.0
121.0
152.0
128.0
153.0
517.0
130.0
154.0
125.0
189.0
149.0
119.0
118.0
148.0
119.0
155.0
125.0
156.0
124.0
106.0
157.0
122.0
125.0
123.0
123.0
118.0
123.0
157.0
119.0
155.0
129.0
126.0
158.0
128.0
128.0
124.0
154.0
125.0
155.0
126.0
124.0
123.0
154.0
128.0
122.0
128.0
156.0
125.0
156.0
122.0
126.0
125.0
148.0
122.0
123.0
122.0
150.0
122.0
154.0
119.0
121.0
157.0
126.0
149.0
121.0
154.0
128.0
156.0
132.0
155.0
126.0
157.0
121.0
128.0
156.0
124.0
128.0
154.0
124.0
151.0
123.0
122.0
156.0
130.0
158.0
126.0
129.0
133.0
126.0
156.0
122.0
153.0
121.0
151.0
121.0
154.0
127.0
153.0
129.0
126.0
153.0
123.0
124.0
151.0
122.0
155.0
130.0
155.0
124.0
157.0
121.0
116.0
128.0
155.0
122.0
154.0
123.0
154.0
123.0
155.0
116.0
155.0
118.0
153.0
125.0
123.0
123.0
158.0
128.0
153.0
126.0
124.0
153.0
126.0
122.0
152.0
125.0
154.0
116.0
113.0
158.0
128.0
154.0
124.0
123.0
129.0
129.0
154.0
121.0
153.0
123.0
157.0
126.0
154.0
125.0
159.0
126.0
126.0
122.0
115.0
125.0
154.0
123.0
123.0
157.0
122.0
153.0
124.0
153.0
124.0
123.0
155.0
123.0
125.0
157.0
124.0
154.0
127.0
125.0
151.0
123.0
151.0
128.0
122.0
152.0
129.0
124.0
121.0
153.0
121.0
125.0
153.0
324.0
121.0
122.0
157.0
124.0
156.0
152.0
123.0
155.0
128.0
126.0
155.0
130.0
123.0
117.0
125.0
157.0
125.0
126.0
122.0
117.0
123.0
138.0
161.0
129.0
157.0
127.0
162.0
128.0
153.0
109.0
151.0
123.0
154.0
128.0
154.0
126.0
157.0
128.0
118.0
121.0
123.0
153.0
127.0
156.0
123.0
155.0
123.0
150.0
126.0
151.0
129.0
126.0
126.0
152.0
125.0
153.0
123.0
156.0
122.0
150.0
125.0
151.0
117.0
126.0
154.0
124.0
157.0
122.0
118.0
123.0
125.0
153.0
127.0
122.0
152.0
122.0
155.0
122.0
153.0
122.0
154.0
128.0
153.0
121.0
125.0
152.0
122.0
153.0
123.0
156.0
119.0
152.0
126.0
156.0
122.0
154.0
119.0
117.0
154.0
109.0
157.0
127.0
125.0
124.0
125.0
157.0
123.0
112.0
154.0
116.0
153.0
121.0
155.0
121.0
120.0
127.0
128.0
158.0
133.0
155.0
129.0
157.0
126.0
125.0
153.0
125.0
151.0
125.0
154.0
117.0
152.0
130.0
123.0
128.0
160.0
132.0
154.0
121.0
124.0
150.0
130.0
157.0
129.0
126.0
153.0
128.0
158.0
125.0
151.0
123.0
154.0
126.0
125.0
149.0
123.0
152.0
122.0
160.0
123.0
124.0
125.0
153.0
124.0
157.0
118.0
150.0
122.0
121.0
117.0
123.0
153.0
126.0
153.0
124.0
156.0
124.0
246.0
129.0
152.0
122.0
125.0
125.0
151.0
123.0
122.0
155.0
130.0
151.0
125.0
121.0
125.0
118.0
160.0
125.0
157.0
125.0
157.0
130.0
160.0
126.0
122.0
126.0
152.0
126.0
153.0
107.0
118.0
157.0
124.0
157.0
120.0
154.0
125.0
155.0
128.0
128.0
154.0
346.0
155.0
129.0
156.0
123.0
125.0
131.0
118.0
152.0
127.0
157.0
129.0
126.0
149.0
126.0
159.0
125.0
155.0
124.0
131.0
155.0
126.0
160.0
126.0
156.0
122.0
125.0
153.0
114.0
155.0
211.0
154.0
123.0
123.0
153.0
130.0
126.0
117.0
151.0
125.0
118.0
153.0
122.0
112.0
154.0
119.0
157.0
126.0
125.0
124.0
122.0
125.0
156.0
120.0
155.0
129.0
148.0
131.0
125.0
151.0
130.0
119.0
155.0
120.0
156.0
122.0
122.0
150.0
128.0
151.0
123.0
154.0
123.0
149.0
123.0
153.0
130.0
155.0
123.0
152.0
122.0
128.0
126.0
152.0
116.0
160.0
117.0
160.0
131.0
125.0
123.0
298.0
125.0
156.0
129.0
128.0
128.0
158.0
129.0
161.0
123.0
151.0
123.0
155.0
128.0
152.0
113.0
158.0
128.0
155.0
125.0
117.0
154.0
124.0
128.0
154.0
129.0
154.0
122.0
154.0
126.0
152.0
122.0
125.0
118.0
155.0
129.0
157.0
124.0
152.0
121.0
160.0
128.0
155.0
126.0
157.0
125.0
149.0
118.0
154.0
122.0
157.0
130.0
154.0
129.0
124.0
153.0
123.0
153.0
116.0
122.0
124.0
157.0
128.0
123.0
150.0
122.0
150.0
126.0
149.0
124.0
121.0
122.0
154.0
122.0
123.0
154.0
121.0
149.0
594.0
125.0
125.0
156.0
123.0
130.0
153.0
121.0
153.0
124.0
152.0
110.0
156.0
129.0
157.0
119.0
154.0
123.0
120.0
151.0
120.0
114.0
152.0
126.0
125.0
129.0
122.0
128.0
157.0
124.0
130.0
155.0
123.0
151.0
113.0
155.0
123.0
153.0
121.0
153.0
120.0
152.0
129.0
122.0
153.0
125.0
154.0
120.0
154.0
125.0
152.0
124.0
125.0
124.0
128.0
124.0
148.0
127.0
155.0
123.0
150.0
113.0
155.0
125.0
123.0
117.0
123.0
154.0
129.0
124.0
150.0
123.0
155.0
122.0
123.0
125.0
125.0
124.0
156.0
122.0
123.0
156.0
122.0
153.0
122.0
152.0
122.0
155.0
122.0
128.0
117.0
150.0
120.0
154.0
123.0
210.0
122.0
133.0
154.0
128.0
152.0
123.0
129.0
154.0
132.0
126.0
156.0
126.0
125.0
117.0
124.0
154.0
126.0
157.0
121.0
154.0
125.0
129.0
124.0
98.0
154.0
124.0
130.0
125.0
128.0
157.0
121.0
151.0
129.0
157.0
124.0
128.0
120.0
122.0
161.0
122.0
123.0
125.0
155.0
123.0
155.0
121.0
129.0
153.0
126.0
154.0
122.0
124.0
123.0
153.0
130.0
157.0
118.0
160.0
126.0
112.0
126.0
152.0
123.0
126.0
129.0
155.0
125.0
124.0
155.0
128.0
125.0
122.0
125.0
126.0
123.0
149.0
129.0
121.0
155.0
121.0
118.0
124.0
149.0
125.0
121.0
124.0
128.0
155.0
126.0
152.0
515.0
123.0
156.0
125.0
477.0
156.0
234.0
156.0
123.0
153.0
129.0
125.0
126.0
123.0
127.0
122.0
155.0
121.0
128.0
154.0
126.0
126.0
159.0
122.0
150.0
125.0
120.0
125.0
159.0
128.0
522.0
154.0
128.0
157.0
117.0
123.0
125.0
122.0
157.0
125.0
124.0
152.0
128.0
199.0
111.0
154.0
131.0
123.0
154.0
119.0
153.0
124.0
157.0
124.0
117.0
149.0
128.0
156.0
125.0
150.0
118.0
152.0
122.0
150.0
121.0
123.0
151.0
123.0
123.0
121.0
152.0
126.0
157.0
123.0
123.0
158.0
121.0
119.0
123.0
124.0
125.0
122.0
154.0
124.0
120.0
154.0
123.0
153.0
127.0
147.0
125.0
122.0
154.0
235.0
122.0
125.0
123.0
152.0
122.0
126.0
489.0
157.0
122.0
122.0
156.0
122.0
124.0
150.0
120.0
154.0
126.0
150.0
122.0
121.0
119.0
119.0
157.0
117.0
155.0
115.0
125.0
151.0
126.0
124.0
121.0
155.0
120.0
128.0
151.0
127.0
125.0
124.0
149.0
122.0
121.0
124.0
121.0
160.0
117.0
128.0
153.0
125.0
118.0
157.0
125.0
155.0
121.0
156.0
125.0
117.0
154.0
124.0
157.0
115.0
157.0
373.0
126.0
154.0
126.0
122.0
153.0
128.0
154.0
125.0
154.0
120.0
124.0
149.0
125.0
153.0
123.0
155.0
123.0
155.0
125.0
122.0
154.0
126.0
149.0
122.0
125.0
123.0
122.0
154.0
123.0
125.0
130.0
158.0
129.0
121.0
535.0
124.0
158.0
125.0
122.0
127.0
150.0
123.0
127.0
120.0
126.0
125.0
126.0
122.0
151.0
128.0
125.0
156.0
125.0
161.0
130.0
123.0
156.0
122.0
152.0
122.0
277.0
151.0
124.0
128.0
154.0
142.0
155.0
125.0
155.0
126.0
128.0
153.0
119.0
150.0
101.0
158.0
119.0
151.0
129.0
155.0
130.0
153.0
125.0
149.0
122.0
125.0
157.0
130.0
154.0
122.0
157.0
125.0
123.0
151.0
130.0
152.0
127.0
156.0
125.0
126.0
150.0
122.0
128.0
159.0
121.0
155.0
117.0
156.0
118.0
153.0
117.0
158.0
123.0
154.0
121.0
130.0
128.0
154.0
122.0
124.0
158.0
129.0
150.0
127.0
154.0
121.0
154.0
126.0
155.0
121.0
123.0
157.0
119.0
157.0
128.0
151.0
539.0
157.0
116.0
123.0
153.0
128.0
127.0
160.0
117.0
149.0
121.0
123.0
150.0
124.0
151.0
126.0
126.0
154.0
120.0
117.0
121.0
151.0
122.0
160.0
128.0
154.0
125.0
128.0
154.0
125.0
154.0
126.0
157.0
125.0
155.0
125.0
153.0
124.0
155.0
117.0
128.0
161.0
125.0
153.0
128.0
156.0
122.0
155.0
124.0
122.0
126.0
154.0
122.0
127.0
122.0
125.0
154.0
125.0
130.0
128.0
154.0
124.0
151.0
123.0
157.0
116.0
153.0
123.0
155.0
122.0
153.0
128.0
154.0
118.0
122.0
155.0
126.0
122.0
156.0
435.0
123.0
125.0
121.0
157.0
126.0
156.0
125.0
151.0
122.0
125.0
154.0
126.0
155.0
126.0
152.0
114.0
154.0
126.0
155.0
121.0
153.0
122.0
155.0
124.0
154.0
125.0
150.0
106.0
154.0
124.0
129.0
124.0
122.0
128.0
123.0
122.0
125.0
153.0
114.0
154.0
125.0
114.0
126.0
154.0
120.0
126.0
151.0
128.0
152.0
130.0
154.0
126.0
124.0
152.0
128.0
155.0
125.0
158.0
123.0
123.0
152.0
126.0
153.0
130.0
154.0
126.0
125.0
109.0
122.0
151.0
112.0
154.0
121.0
154.0
107.0
156.0
128.0
160.0
128.0
148.0
123.0
153.0
126.0
157.0
126.0
154.0
125.0
153.0
129.0
130.0
156.0
193.0
127.0
122.0
154.0
126.0
158.0
124.0
149.0
109.0
157.0
126.0
153.0
124.0
128.0
123.0
151.0
123.0
154.0
129.0
160.0
119.0
154.0
125.0
114.0
130.0
125.0
155.0
128.0
154.0
128.0
153.0
120.0
130.0
156.0
125.0
152.0
126.0
155.0
128.0
154.0
565.0
160.0
127.0
123.0
121.0
155.0
126.0
126.0
154.0
129.0
121.0
155.0
124.0
153.0
124.0
157.0
125.0
156.0
123.0
153.0
128.0
121.0
124.0
106.0
128.0
151.0
125.0
123.0
153.0
126.0
128.0
152.0
122.0
151.0
126.0
153.0
125.0
153.0
122.0
125.0
125.0
123.0
125.0
126.0
155.0
129.0
125.0
154.0
128.0
154.0
129.0
155.0
132.0
155.0
119.0
126.0
123.0
152.0
126.0
122.0
157.0
114.0
123.0
150.0
129.0
155.0
126.0
150.0
124.0
125.0
120.0
154.0
123.0
122.0
121.0
124.0
155.0
125.0
153.0
126.0
154.0
126.0
157.0
126.0
154.0
126.0
154.0
122.0
158.0
124.0
157.0
125.0
160.0
123.0
119.0
128.0
122.0
126.0
123.0
156.0
125.0
114.0
132.0
121.0
154.0
123.0
154.0
122.0
156.0
121.0
157.0
125.0
160.0
128.0
150.0
122.0
158.0
172.0
127.0
162.0
122.0
156.0
124.0
152.0
122.0
153.0
120.0
157.0
120.0
152.0
123.0
154.0
126.0
154.0
117.0
154.0
124.0
125.0
154.0
125.0
151.0
123.0
124.0
477.0
158.0
115.0
124.0
157.0
126.0
152.0
129.0
154.0
126.0
154.0
507.0
126.0
124.0
125.0
128.0
155.0
125.0
153.0
123.0
153.0
122.0
155.0
123.0
152.0
120.0
120.0
538.0
154.0
130.0
155.0
119.0
129.0
153.0
123.0
155.0
121.0
156.0
125.0
124.0
155.0
124.0
154.0
129.0
194.0
153.0
120.0
134.0
128.0
126.0
126.0
154.0
130.0
154.0
130.0
156.0
121.0
124.0
154.0
114.0
156.0
126.0
126.0
157.0
128.0
122.0
154.0
127.0
156.0
125.0
125.0
150.0
125.0
154.0
122.0
150.0
126.0
123.0
129.0
120.0
122.0
154.0
129.0
156.0
123.0
154.0
117.0
157.0
127.0
157.0
124.0
151.0
117.0
155.0
119.0
152.0
126.0
156.0
119.0
152.0
123.0
153.0
125.0
155.0
128.0
155.0
215.0
125.0
153.0
129.0
158.0
123.0
126.0
154.0
122.0
154.0
125.0
149.0
108.0
155.0
125.0
153.0
127.0
154.0
282.0
125.0
121.0
125.0
157.0
126.0
147.0
121.0
125.0
154.0
130.0
154.0
125.0
156.0
120.0
151.0
117.0
154.0
128.0
151.0
123.0
132.0
125.0
125.0
158.0
126.0
153.0
128.0
154.0
131.0
121.0
126.0
126.0
155.0
124.0
126.0
120.0
127.0
152.0
125.0
124.0
122.0
148.0
114.0
153.0
124.0
154.0
120.0
125.0
157.0
126.0
153.0
123.0
156.0
205.0
154.0
123.0
123.0
118.0
126.0
157.0
125.0
117.0
154.0
119.0
122.0
152.0
122.0
121.0
128.0
155.0
123.0
156.0
121.0
158.0
123.0
121.0
154.0
129.0
152.0
121.0
151.0
128.0
122.0
122.0
158.0
128.0
155.0
127.0
125.0
151.0
126.0
128.0
123.0
126.0
153.0
122.0
154.0
125.0
156.0
125.0
152.0
129.0
154.0
128.0
127.0
150.0
121.0
153.0
130.0
150.0
123.0
152.0
129.0
126.0
157.0
548.0
112.0
160.0
124.0
155.0
117.0
157.0
120.0
128.0
154.0
128.0
130.0
129.0
122.0
125.0
151.0
131.0
122.0
151.0
125.0
153.0
125.0
154.0
129.0
157.0
121.0
156.0
132.0
158.0
126.0
160.0
121.0
124.0
151.0
123.0
153.0
114.0
157.0
125.0
156.0
123.0
129.0
155.0
126.0
129.0
160.0
459.0
148.0
120.0
153.0
124.0
126.0
152.0
124.0
151.0
126.0
155.0
116.0
160.0
124.0
121.0
122.0
150.0
125.0
128.0
156.0
122.0
125.0
124.0
119.0
130.0
154.0
123.0
154.0
125.0
122.0
124.0
151.0
126.0
154.0
122.0
154.0
121.0
122.0
154.0
125.0
153.0
126.0
123.0
121.0
151.0
124.0
126.0
157.0
126.0
122.0
121.0
123.0
130.0
128.0
116.0
118.0
155.0
123.0
125.0
125.0
154.0
118.0
125.0
156.0
113.0
154.0
125.0
149.0
126.0
121.0
266.0
154.0
124.0
149.0
123.0
125.0
156.0
197.0
123.0
122.0
155.0
128.0
157.0
123.0
153.0
115.0
150.0
130.0
160.0
125.0
154.0
125.0
157.0
119.0
151.0
194.0
123.0
157.0
125.0
125.0
151.0
247.0
151.0
126.0
128.0
124.0
150.0
123.0
123.0
149.0
129.0
150.0
125.0
118.0
155.0
123.0
152.0
538.0
155.0
129.0
125.0
154.0
117.0
125.0
121.0
122.0
120.0
152.0
115.0
153.0
125.0
121.0
155.0
124.0
122.0
126.0
154.0
125.0
130.0
125.0
125.0
119.0
120.0
155.0
123.0
121.0
126.0
121.0
125.0
148.0
117.0
150.0
131.0
126.0
155.0
130.0
126.0
123.0
122.0
124.0
156.0
123.0
113.0
153.0
124.0
118.0
158.0
126.0
123.0
122.0
153.0
130.0
123.0
153.0
122.0
154.0
117.0
122.0
154.0
118.0
155.0
119.0
150.0
118.0
152.0
129.0
127.0
125.0
156.0
124.0
155.0
123.0
154.0
125.0
126.0
128.0
150.0
123.0
123.0
206.0
150.0
123.0
122.0
126.0
158.0
119.0
128.0
216.0
160.0
119.0
128.0
125.0
154.0
123.0
129.0
125.0
153.0
122.0
125.0
117.0
157.0
121.0
119.0
155.0
125.0
154.0
98.0
160.0
116.0
150.0
124.0
123.0
155.0
131.0
121.0
154.0
125.0
155.0
126.0
122.0
155.0
131.0
125.0
124.0
116.0
126.0
155.0
126.0
148.0
125.0
121.0
123.0
156.0
124.0
123.0
117.0
128.0
129.0
153.0
119.0
154.0
126.0
126.0
126.0
149.0
125.0
157.0
124.0
122.0
157.0
123.0
157.0
128.0
126.0
123.0
129.0
151.0
125.0
153.0
125.0
152.0
123.0
125.0
120.0
151.0
128.0
121.0
154.0
128.0
151.0
127.0
122.0
155.0
112.0
157.0
327.0
110.0
151.0
128.0
116.0
122.0
157.0
128.0
156.0
123.0
150.0
126.0
157.0
126.0
159.0
130.0
154.0
117.0
154.0
126.0
121.0
130.0
154.0
125.0
130.0
125.0
114.0
155.0
130.0
128.0
156.0
124.0
126.0
153.0
122.0
122.0
154.0
122.0
151.0
127.0
154.0
125.0
157.0
125.0
155.0
128.0
124.0
157.0
125.0
124.0
122.0
122.0
124.0
123.0
151.0
123.0
154.0
125.0
160.0
120.0
155.0
130.0
155.0
103.0
157.0
125.0
155.0
124.0
609.0
150.0
123.0
122.0
129.0
122.0
154.0
125.0
125.0
155.0
128.0
128.0
157.0
126.0
156.0
122.0
155.0
125.0
130.0
125.0
154.0
121.0
154.0
459.0
156.0
125.0
154.0
126.0
152.0
118.0
123.0
150.0
126.0
126.0
154.0
128.0
154.0
124.0
149.0
126.0
159.0
122.0
119.0
116.0
124.0
126.0
154.0
128.0
154.0
124.0
157.0
125.0
157.0
125.0
122.0
154.0
121.0
126.0
129.0
154.0
116.0
116.0
123.0
122.0
149.0
123.0
155.0
125.0
155.0
126.0
155.0
126.0
125.0
125.0
155.0
121.0
154.0
130.0
121.0
155.0
124.0
121.0
154.0
125.0
152.0
124.0
125.0
150.0
123.0
124.0
125.0
153.0
104.0
158.0
126.0
151.0
123.0
117.0
125.0
125.0
154.0
126.0
123.0
116.0
123.0
158.0
124.0
123.0
154.0
128.0
155.0
123.0
125.0
125.0
160.0
122.0
155.0
122.0
490.0
154.0
124.0
152.0
128.0
155.0
129.0
156.0
122.0
118.0
117.0
151.0
125.0
154.0
124.0
191.0
150.0
126.0
153.0
124.0
160.0
116.0
156.0
127.0
152.0
124.0
121.0
125.0
155.0
126.0
157.0
125.0
151.0
121.0
126.0
155.0
125.0
98.0
161.0
125.0
154.0
125.0
122.0
121.0
122.0
156.0
129.0
154.0
127.0
123.0
128.0
125.0
122.0
150.0
128.0
154.0
121.0
154.0
123.0
124.0
117.0
152.0
130.0
151.0
119.0
157.0
122.0
154.0
130.0
123.0
152.0
127.0
157.0
122.0
123.0
155.0
121.0
154.0
123.0
151.0
129.0
129.0
155.0
118.0
119.0
122.0
117.0
123.0
152.0
121.0
158.0
127.0
157.0
129.0
156.0
181.0
109.0
126.0
155.0
124.0
155.0
251.0
152.0
126.0
150.0
128.0
119.0
149.0
125.0
152.0
113.0
120.0
153.0
129.0
151.0
125.0
156.0
119.0
122.0
154.0
126.0
156.0
126.0
157.0
128.0
154.0
122.0
157.0
125.0
157.0
124.0
159.0
125.0
157.0
140.0
126.0
149.0
129.0
120.0
154.0
120.0
123.0
125.0
156.0
155.0
147.0
129.0
156.0
128.0
129.0
125.0
149.0
128.0
155.0
125.0
127.0
123.0
157.0
125.0
128.0
154.0
125.0
128.0
155.0
122.0
126.0
585.0
148.0
109.0
122.0
148.0
118.0
125.0
154.0
124.0
123.0
154.0
120.0
125.0
156.0
122.0
124.0
158.0
123.0
122.0
157.0
124.0
154.0
129.0
150.0
124.0
123.0
123.0
122.0
157.0
123.0
125.0
152.0
124.0
155.0
125.0
151.0
118.0
158.0
125.0
115.0
155.0
117.0
119.0
153.0
122.0
153.0
106.0
125.0
125.0
154.0
131.0
152.0
125.0
153.0
123.0
157.0
125.0
124.0
153.0
131.0
157.0
124.0
153.0
126.0
124.0
155.0
128.0
492.0
157.0
125.0
154.0
127.0
153.0
125.0
158.0
123.0
117.0
124.0
149.0
125.0
126.0
118.0
122.0
123.0
119.0
156.0
307.0
126.0
379.0
154.0
109.0
125.0
158.0
121.0
155.0
128.0
123.0
153.0
123.0
150.0
125.0
158.0
128.0
125.0
153.0
120.0
156.0
122.0
158.0
129.0
154.0
125.0
149.0
121.0
125.0
129.0
157.0
122.0
127.0
151.0
126.0
157.0
125.0
128.0
156.0
125.0
153.0
124.0
153.0
128.0
153.0
127.0
157.0
124.0
157.0
122.0
158.0
128.0
157.0
120.0
157.0
125.0
154.0
129.0
123.0
156.0
125.0
153.0
121.0
161.0
113.0
152.0
125.0
126.0
156.0
125.0
154.0
123.0
126.0
153.0
124.0
155.0
128.0
155.0
129.0
117.0
160.0
119.0
126.0
158.0
118.0
124.0
130.0
128.0
122.0
150.0
125.0
122.0
125.0
155.0
130.0
154.0
127.0
122.0
157.0
125.0
120.0
152.0
124.0
157.0
120.0
120.0
124.0
153.0
124.0
117.0
156.0
125.0
157.0
123.0
155.0
107.0
156.0
128.0
151.0
124.0
154.0
130.0
129.0
126.0
157.0
117.0
127.0
157.0
121.0
114.0
124.0
153.0
123.0
157.0
130.0
155.0
128.0
152.0
375.0
123.0
122.0
156.0
122.0
154.0
128.0
125.0
154.0
120.0
126.0
154.0
119.0
155.0
125.0
151.0
114.0
200.0
154.0
126.0
122.0
125.0
152.0
125.0
86.0
160.0
108.0
131.0
154.0
125.0
128.0
155.0
124.0
121.0
128.0
121.0
128.0
126.0
129.0
153.0
123.0
155.0
131.0
115.0
151.0
125.0
117.0
153.0
128.0
160.0
130.0
152.0
123.0
156.0
123.0
150.0
125.0
153.0
129.0
157.0
130.0
126.0
121.0
117.0
127.0
122.0
126.0
156.0
117.0
107.0
124.0
151.0
126.0
154.0
129.0
122.0
117.0
154.0
121.0
156.0
121.0
121.0
154.0
124.0
123.0
124.0
118.0
121.0
121.0
156.0
128.0
155.0
126.0
153.0
119.0
155.0
124.0
153.0
123.0
121.0
125.0
147.0
124.0
152.0
113.0
122.0
128.0
123.0
153.0
130.0
124.0
154.0
127.0
152.0
125.0
148.0
121.0
124.0
154.0
121.0
122.0
119.0
155.0
122.0
125.0
123.0
122.0
154.0
125.0
154.0
128.0
155.0
125.0
155.0
122.0
531.0
121.0
154.0
126.0
154.0
122.0
154.0
122.0
169.0
127.0
154.0
130.0
154.0
124.0
124.0
122.0
123.0
154.0
129.0
157.0
127.0
156.0
124.0
155.0
114.0
129.0
151.0
122.0
156.0
123.0
149.0
129.0
126.0
122.0
123.0
128.0
153.0
122.0
154.0
125.0
125.0
125.0
150.0
125.0
154.0
125.0
153.0
118.0
154.0
121.0
154.0
126.0
157.0
126.0
154.0
116.0
156.0
116.0
155.0
128.0
155.0
125.0
150.0
127.0
154.0
121.0
120.0
154.0
123.0
153.0
122.0
155.0
123.0
158.0
126.0
125.0
154.0
122.0
121.0
153.0
130.0
151.0
128.0
124.0
123.0
153.0
124.0
118.0
157.0
123.0
154.0
118.0
154.0
124.0
118.0
125.0
123.0
153.0
122.0
129.0
125.0
132.0
157.0
125.0
153.0
122.0
125.0
152.0
125.0
154.0
121.0
119.0
149.0
123.0
154.0
124.0
123.0
121.0
125.0
123.0
125.0
155.0
125.0
154.0
127.0
122.0
157.0
125.0
129.0
152.0
124.0
154.0
130.0
154.0
125.0
126.0
126.0
123.0
153.0
116.0
125.0
125.0
124.0
130.0
155.0
130.0
129.0
154.0
581.0
156.0
126.0
157.0
124.0
151.0
128.0
156.0
122.0
150.0
123.0
154.0
128.0
127.0
125.0
153.0
122.0
155.0
122.0
152.0
124.0
156.0
121.0
125.0
152.0
121.0
157.0
119.0
121.0
150.0
130.0
156.0
127.0
155.0
128.0
154.0
122.0
125.0
162.0
122.0
152.0
123.0
150.0
130.0
153.0
129.0
155.0
124.0
153.0
120.0
125.0
123.0
121.0
153.0
130.0
149.0
126.0
362.0
152.0
129.0
125.0
124.0
154.0
123.0
155.0
126.0
154.0
125.0
126.0
151.0
129.0
154.0
125.0
124.0
155.0
125.0
121.0
157.0
126.0
128.0
156.0
123.0
125.0
154.0
123.0
153.0
125.0
125.0
150.0
106.0
119.0
153.0
120.0
162.0
130.0
124.0
126.0
126.0
130.0
153.0
120.0
117.0
152.0
126.0
155.0
128.0
126.0
153.0
130.0
157.0
115.0
125.0
157.0
124.0
157.0
128.0
121.0
157.0
128.0
154.0
122.0
124.0
157.0
124.0
114.0
160.0
132.0
126.0
152.0
124.0
152.0
125.0
129.0
156.0
122.0
155.0
128.0
126.0
154.0
122.0
155.0
123.0
125.0
122.0
153.0
117.0
128.0
157.0
122.0
153.0
116.0
157.0
119.0
158.0
124.0
125.0
122.0
153.0
126.0
155.0
128.0
158.0
125.0
154.0
126.0
123.0
157.0
123.0
151.0
129.0
121.0
148.0
261.0
126.0
104.0
158.0
122.0
126.0
153.0
123.0
122.0
157.0
117.0
154.0
121.0
128.0
123.0
149.0
123.0
157.0
128.0
157.0
126.0
121.0
125.0
153.0
119.0
126.0
126.0
113.0
129.0
154.0
123.0
125.0
123.0
157.0
126.0
129.0
152.0
125.0
154.0
121.0
149.0
121.0
160.0
122.0
130.0
151.0
124.0
122.0
152.0
125.0
132.0
119.0
125.0
158.0
118.0
122.0
153.0
125.0
154.0
111.0
152.0
166.0
154.0
128.0
469.0
154.0
130.0
153.0
120.0
130.0
159.0
122.0
154.0
121.0
126.0
122.0
152.0
125.0
125.0
117.0
118.0
153.0
126.0
152.0
126.0
160.0
124.0
123.0
158.0
122.0
155.0
123.0
115.0
155.0
127.0
156.0
114.0
121.0
151.0
126.0
125.0
157.0
124.0
127.0
156.0
182.0
122.0
153.0
123.0
123.0
128.0
150.0
126.0
154.0
124.0
125.0
153.0
128.0
160.0
109.0
157.0
123.0
153.0
126.0
129.0
158.0
124.0
152.0
127.0
154.0
123.0
161.0
124.0
151.0
125.0
153.0
129.0
156.0
125.0
129.0
153.0
123.0
124.0
118.0
128.0
155.0
123.0
121.0
155.0
130.0
153.0
104.0
154.0
118.0
126.0
152.0
130.0
124.0
121.0
156.0
123.0
165.0
125.0
129.0
126.0
154.0
123.0
153.0
128.0
128.0
154.0
122.0
120.0
153.0
123.0
121.0
125.0
125.0
123.0
155.0
220.0
156.0
122.0
129.0
157.0
122.0
153.0
122.0
125.0
154.0
124.0
155.0
128.0
129.0
127.0
154.0
124.0
153.0
125.0
128.0
154.0
122.0
125.0
155.0
126.0
121.0
161.0
125.0
126.0
131.0
158.0
122.0
157.0
125.0
151.0
122.0
154.0
126.0
131.0
155.0
126.0
152.0
125.0
151.0
122.0
124.0
126.0
126.0
161.0
123.0
127.0
127.0
161.0
122.0
123.0
151.0
123.0
119.0
115.0
155.0
116.0
130.0
126.0
128.0
120.0
121.0
157.0
129.0
156.0
230.0
125.0
153.0
125.0
124.0
124.0
128.0
122.0
309.0
128.0
124.0
156.0
130.0
149.0
126.0
154.0
128.0
123.0
154.0
123.0
154.0
129.0
158.0
123.0
126.0
150.0
128.0
150.0
121.0
156.0
119.0
154.0
116.0
124.0
154.0
129.0
146.0
128.0
152.0
124.0
156.0
126.0
156.0
125.0
153.0
120.0
152.0
123.0
124.0
128.0
157.0
128.0
151.0
118.0
155.0
119.0
156.0
126.0
123.0
120.0
117.0
160.0
129.0
122.0
156.0
130.0
153.0
130.0
125.0
155.0
119.0
115.0
156.0
473.0
158.0
128.0
154.0
128.0
124.0
154.0
130.0
155.0
128.0
124.0
122.0
122.0
156.0
125.0
124.0
121.0
158.0
124.0
155.0
123.0
123.0
123.0
155.0
125.0
151.0
124.0
154.0
129.0
118.0
154.0
125.0
153.0
473.0
155.0
121.0
154.0
125.0
155.0
300.0
122.0
125.0
122.0
129.0
123.0
125.0
124.0
115.0
153.0
123.0
151.0
116.0
152.0
111.0
154.0
123.0
189.0
126.0
154.0
126.0
121.0
154.0
123.0
157.0
126.0
125.0
160.0
128.0
153.0
123.0
153.0
560.0
123.0
119.0
122.0
157.0
129.0
128.0
124.0
126.0
154.0
118.0
121.0
164.0
127.0
151.0
130.0
124.0
156.0
120.0
125.0
154.0
122.0
118.0
152.0
124.0
151.0
126.0
123.0
125.0
123.0
156.0
123.0
158.0
130.0
122.0
150.0
126.0
126.0
154.0
122.0
126.0
152.0
126.0
156.0
123.0
123.0
151.0
126.0
122.0
131.0
128.0
122.0
156.0
122.0
150.0
120.0
121.0
149.0
124.0
154.0
122.0
151.0
125.0
158.0
125.0
157.0
105.0
152.0
128.0
150.0
119.0
121.0
154.0
124.0
150.0
122.0
155.0
117.0
155.0
126.0
126.0
122.0
129.0
150.0
124.0
156.0
126.0
154.0
125.0
154.0
125.0
125.0
155.0
123.0
125.0
148.0
126.0
160.0
122.0
122.0
150.0
123.0
125.0
151.0
130.0
156.0
117.0
156.0
117.0
125.0
153.0
651.0
119.0
125.0
123.0
148.0
123.0
99.0
161.0
123.0
124.0
123.0
120.0
122.0
125.0
156.0
130.0
123.0
151.0
125.0
155.0
126.0
125.0
123.0
125.0
154.0
493.0
154.0
124.0
125.0
125.0
116.0
157.0
128.0
188.0
157.0
121.0
125.0
123.0
156.0
122.0
128.0
128.0
128.0
125.0
121.0
158.0
123.0
114.0
129.0
126.0
117.0
152.0
128.0
153.0
126.0
153.0
126.0
152.0
120.0
152.0
123.0
125.0
125.0
154.0
121.0
156.0
125.0
286.0
157.0
125.0
122.0
153.0
122.0
156.0
129.0
156.0
122.0
105.0
154.0
125.0
116.0
148.0
128.0
125.0
121.0
152.0
128.0
158.0
125.0
154.0
130.0
152.0
129.0
125.0
125.0
155.0
128.0
157.0
741.0
124.0
124.0
153.0
122.0
124.0
153.0
127.0
129.0
160.0
123.0
124.0
126.0
121.0
125.0
124.0
154.0
123.0
123.0
122.0
123.0
125.0
155.0
122.0
153.0
124.0
154.0
119.0
122.0
153.0
130.0
156.0
122.0
123.0
150.0
126.0
154.0
131.0
154.0
121.0
123.0
154.0
128.0
154.0
121.0
154.0
127.0
157.0
131.0
130.0
160.0
130.0
154.0
125.0
122.0
155.0
128.0
118.0
157.0
122.0
126.0
154.0
113.0
151.0
122.0
130.0
129.0
157.0
123.0
157.0
128.0
150.0
125.0
158.0
122.0
127.0
118.0
158.0
120.0
153.0
119.0
156.0
118.0
155.0
126.0
152.0
122.0
154.0
121.0
153.0
121.0
156.0
123.0
151.0
129.0
154.0
129.0
124.0
158.0
122.0
154.0
122.0
151.0
128.0
155.0
122.0
152.0
125.0
155.0
126.0
153.0
126.0
153.0
129.0
125.0
128.0
154.0
130.0
152.0
231.0
129.0
153.0
122.0
152.0
126.0
232.0
119.0
124.0
440.0
130.0
156.0
316.0
154.0
123.0
156.0
125.0
157.0
126.0
157.0
128.0
155.0
123.0
124.0
124.0
152.0
121.0
156.0
125.0
123.0
155.0
124.0
151.0
306.0
156.0
117.0
122.0
125.0
154.0
125.0
154.0
120.0
130.0
157.0
124.0
154.0
113.0
154.0
122.0
122.0
154.0
124.0
150.0
122.0
155.0
126.0
151.0
125.0
158.0
125.0
148.0
123.0
156.0
123.0
149.0
122.0
126.0
153.0
125.0
153.0
124.0
123.0
122.0
155.0
121.0
155.0
124.0
123.0
128.0
127.0
132.0
113.0
153.0
125.0
154.0
122.0
152.0
129.0
158.0
123.0
157.0
122.0
125.0
124.0
125.0
124.0
154.0
120.0
155.0
124.0
149.0
125.0
156.0
126.0
122.0
125.0
127.0
129.0
154.0
123.0
274.0
122.0
151.0
121.0
153.0
123.0
155.0
115.0
154.0
125.0
158.0
126.0
155.0
124.0
154.0
125.0
155.0
122.0
152.0
127.0
151.0
246.0
152.0
127.0
122.0
124.0
153.0
124.0
149.0
125.0
153.0
118.0
576.0
157.0
119.0
155.0
130.0
157.0
114.0
119.0
126.0
123.0
155.0
123.0
155.0
120.0
118.0
112.0
150.0
242.0
154.0
117.0
154.0
122.0
149.0
122.0
123.0
156.0
122.0
157.0
116.0
124.0
157.0
126.0
154.0
128.0
152.0
125.0
129.0
154.0
123.0
155.0
128.0
155.0
128.0
157.0
116.0
151.0
126.0
125.0
125.0
123.0
160.0
123.0
154.0
130.0
150.0
121.0
155.0
125.0
121.0
121.0
156.0
123.0
124.0
127.0
149.0
124.0
125.0
155.0
125.0
153.0
122.0
155.0
120.0
125.0
129.0
128.0
152.0
125.0
155.0
126.0
110.0
154.0
126.0
153.0
124.0
122.0
153.0
134.0
127.0
151.0
122.0
153.0
125.0
123.0
130.0
155.0
123.0
126.0
150.0
125.0
118.0
158.0
123.0
126.0
155.0
122.0
158.0
340.0
158.0
126.0
117.0
155.0
127.0
122.0
154.0
123.0
151.0
123.0
125.0
152.0
126.0
155.0
122.0
154.0
132.0
154.0
117.0
153.0
125.0
116.0
128.0
154.0
118.0
114.0
128.0
128.0
128.0
123.0
156.0
126.0
154.0
124.0
154.0
114.0
154.0
184.0
128.0
154.0
130.0
125.0
155.0
122.0
330.0
154.0
125.0
158.0
128.0
127.0
123.0
152.0
125.0
154.0
127.0
154.0
116.0
151.0
126.0
155.0
132.0
123.0
155.0
121.0
151.0
123.0
157.0
126.0
157.0
129.0
131.0
126.0
122.0
154.0
126.0
154.0
122.0
123.0
154.0
122.0
155.0
123.0
153.0
122.0
149.0
131.0
125.0
154.0
117.0
150.0
129.0
125.0
120.0
153.0
129.0
130.0
129.0
127.0
546.0
129.0
153.0
118.0
157.0
123.0
152.0
126.0
123.0
152.0
126.0
121.0
151.0
124.0
235.0
127.0
125.0
114.0
150.0
130.0
154.0
125.0
128.0
154.0
125.0
126.0
118.0
129.0
122.0
119.0
152.0
122.0
154.0
124.0
160.0
126.0
286.0
153.0
124.0
128.0
151.0
125.0
121.0
154.0
117.0
152.0
125.0
118.0
152.0
123.0
155.0
120.0
160.0
125.0
132.0
155.0
125.0
124.0
116.0
157.0
123.0
124.0
154.0
129.0
121.0
154.0
125.0
157.0
123.0
152.0
107.0
154.0
125.0
120.0
154.0
130.0
117.0
157.0
125.0
153.0
124.0
155.0
125.0
120.0
151.0
121.0
122.0
129.0
113.0
157.0
119.0
126.0
153.0
121.0
154.0
124.0
124.0
159.0
131.0
129.0
154.0
126.0
122.0
126.0
160.0
125.0
154.0
116.0
155.0
122.0
116.0
155.0
120.0
156.0
129.0
122.0
150.0
122.0
160.0
118.0
597.0
149.0
121.0
123.0
157.0
112.0
158.0
116.0
155.0
126.0
153.0
402.0
153.0
123.0
153.0
121.0
124.0
156.0
116.0
129.0
153.0
126.0
125.0
149.0
130.0
390.0
122.0
157.0
126.0
123.0
122.0
125.0
153.0
125.0
152.0
125.0
154.0
123.0
153.0
123.0
126.0
128.0
129.0
128.0
390.0
153.0
122.0
151.0
124.0
128.0
154.0
126.0
154.0
129.0
123.0
126.0
155.0
123.0
151.0
130.0
121.0
128.0
152.0
127.0
149.0
126.0
126.0
118.0
157.0
126.0
151.0
120.0
125.0
122.0
154.0
118.0
158.0
182.0
156.0
123.0
157.0
126.0
118.0
126.0
152.0
125.0
128.0
150.0
124.0
126.0
155.0
98.0
155.0
124.0
155.0
125.0
123.0
121.0
153.0
125.0
160.0
122.0
130.0
123.0
127.0
153.0
122.0
126.0
152.0
128.0
125.0
153.0
130.0
122.0
153.0
118.0
126.0
154.0
130.0
158.0
129.0
126.0
151.0
126.0
153.0
116.0
124.0
153.0
123.0
154.0
125.0
125.0
160.0
123.0
152.0
125.0
112.0
153.0
127.0
154.0
123.0
122.0
153.0
125.0
153.0
128.0
117.0
129.0
154.0
124.0
154.0
129.0
156.0
125.0
153.0
128.0
121.0
151.0
130.0
157.0
122.0
158.0
128.0
156.0
116.0
154.0
122.0
150.0
119.0
120.0
154.0
125.0
154.0
129.0
125.0
125.0
122.0
157.0
122.0
154.0
126.0
125.0
154.0
125.0
153.0
127.0
156.0
125.0
129.0
122.0
155.0
124.0
153.0
123.0
124.0
126.0
124.0
122.0
152.0
122.0
121.0
151.0
124.0
152.0
125.0
114.0
155.0
127.0
153.0
129.0
154.0
186.0
155.0
123.0
259.0
125.0
154.0
125.0
122.0
155.0
125.0
155.0
125.0
157.0
125.0
121.0
156.0
126.0
155.0
122.0
126.0
130.0
152.0
124.0
118.0
125.0
121.0
126.0
125.0
122.0
152.0
404.0
124.0
152.0
200.0
125.0
157.0
130.0
157.0
123.0
126.0
125.0
122.0
150.0
125.0
124.0
158.0
130.0
122.0
125.0
121.0
126.0
119.0
154.0
126.0
117.0
120.0
122.0
121.0
151.0
123.0
133.0
119.0
154.0
121.0
119.0
128.0
153.0
125.0
153.0
130.0
160.0
123.0
157.0
129.0
152.0
119.0
128.0
158.0
123.0
131.0
156.0
125.0
123.0
156.0
121.0
152.0
125.0
383.0
125.0
151.0
129.0
121.0
154.0
122.0
202.0
125.0
123.0
127.0
128.0
155.0
118.0
157.0
129.0
157.0
129.0
156.0
130.0
156.0
125.0
130.0
154.0
118.0
130.0
126.0
122.0
125.0
129.0
153.0
119.0
156.0
127.0
128.0
153.0
125.0
156.0
119.0
157.0
123.0
155.0
126.0
157.0
126.0
154.0
126.0
151.0
129.0
130.0
160.0
121.0
124.0
155.0
130.0
152.0
126.0
156.0
122.0
150.0
127.0
153.0
125.0
127.0
127.0
129.0
112.0
154.0
125.0
121.0
114.0
127.0
125.0
151.0
131.0
154.0
125.0
122.0
155.0
123.0
157.0
129.0
155.0
129.0
126.0
123.0
150.0
125.0
154.0
127.0
125.0
125.0
152.0
129.0
125.0
155.0
123.0
156.0
123.0
153.0
118.0
126.0
126.0
154.0
124.0
155.0
122.0
153.0
114.0
125.0
128.0
155.0
118.0
157.0
126.0
155.0
122.0
154.0
127.0
113.0
125.0
155.0
202.0
128.0
128.0
123.0
155.0
122.0
126.0
153.0
112.0
157.0
106.0
154.0
125.0
129.0
124.0
150.0
118.0
154.0
120.0
129.0
158.0
129.0
154.0
126.0
156.0
124.0
151.0
125.0
120.0
158.0
126.0
123.0
153.0
123.0
153.0
123.0
156.0
120.0
155.0
124.0
122.0
157.0
125.0
161.0
128.0
131.0
156.0
129.0
155.0
126.0
126.0
124.0
124.0
124.0
123.0
158.0
127.0
125.0
153.0
119.0
151.0
141.0
130.0
157.0
124.0
154.0
125.0
154.0
126.0
124.0
129.0
160.0
123.0
152.0
126.0
156.0
155.0
152.0
121.0
158.0
124.0
128.0
119.0
155.0
123.0
119.0
160.0
125.0
154.0
127.0
154.0
123.0
122.0
126.0
126.0
125.0
115.0
155.0
125.0
116.0
153.0
128.0
125.0
130.0
154.0
346.0
153.0
123.0
125.0
126.0
124.0
152.0
126.0
155.0
126.0
121.0
122.0
153.0
125.0
128.0
126.0
123.0
156.0
122.0
122.0
154.0
125.0
157.0
126.0
125.0
150.0
124.0
117.0
154.0
113.0
126.0
128.0
124.0
155.0
125.0
153.0
121.0
125.0
212.0
154.0
129.0
151.0
125.0
126.0
154.0
125.0
157.0
128.0
126.0
153.0
127.0
155.0
122.0
125.0
155.0
123.0
152.0
122.0
126.0
123.0
154.0
116.0
128.0
156.0
113.0
121.0
125.0
154.0
127.0
125.0
121.0
128.0
131.0
155.0
122.0
155.0
124.0
150.0
125.0
153.0
124.0
122.0
123.0
122.0
125.0
125.0
129.0
125.0
128.0
132.0
154.0
125.0
190.0
122.0
128.0
158.0
122.0
126.0
153.0
123.0
128.0
126.0
157.0
125.0
118.0
129.0
131.0
125.0
154.0
129.0
127.0
151.0
123.0
154.0
125.0
125.0
154.0
119.0
128.0
128.0
156.0
128.0
156.0
93.0
162.0
128.0
122.0
122.0
153.0
125.0
157.0
126.0
119.0
153.0
126.0
125.0
159.0
125.0
121.0
126.0
122.0
151.0
125.0
123.0
126.0
127.0
114.0
156.0
124.0
126.0
153.0
114.0
123.0
123.0
129.0
155.0
122.0
124.0
116.0
156.0
130.0
122.0
121.0
120.0
128.0
157.0
125.0
155.0
123.0
129.0
155.0
128.0
153.0
118.0
123.0
154.0
122.0
125.0
151.0
313.0
157.0
184.0
125.0
119.0
154.0
132.0
152.0
123.0
123.0
122.0
153.0
125.0
154.0
124.0
155.0
129.0
123.0
155.0
124.0
156.0
121.0
123.0
157.0
124.0
152.0
124.0
130.0
156.0
129.0
128.0
155.0
126.0
157.0
123.0
153.0
130.0
129.0
124.0
153.0
126.0
157.0
125.0
129.0
125.0
154.0
121.0
130.0
119.0
190.0
121.0
182.0
110.0
154.0
130.0
123.0
156.0
125.0
121.0
158.0
121.0
110.0
154.0
125.0
115.0
129.0
155.0
128.0
156.0
125.0
128.0
126.0
121.0
124.0
158.0
125.0
156.0
125.0
149.0
130.0
155.0
122.0
151.0
126.0
122.0
126.0
154.0
126.0
123.0
130.0
154.0
133.0
156.0
129.0
125.0
122.0
130.0
157.0
125.0
161.0
122.0
151.0
129.0
154.0
126.0
123.0
101.0
163.0
123.0
125.0
129.0
154.0
129.0
158.0
124.0
155.0
121.0
155.0
128.0
120.0
123.0
126.0
117.0
155.0
122.0
126.0
122.0
151.0
127.0
150.0
122.0
155.0
125.0
156.0
129.0
127.0
154.0
122.0
151.0
130.0
162.0
127.0
154.0
129.0
132.0
155.0
123.0
158.0
128.0
152.0
120.0
157.0
121.0
118.0
119.0
149.0
114.0
126.0
123.0
162.0
125.0
155.0
128.0
130.0
119.0
121.0
123.0
154.0
212.0
121.0
125.0
156.0
124.0
130.0
160.0
128.0
157.0
126.0
126.0
125.0
124.0
155.0
125.0
129.0
125.0
151.0
122.0
123.0
129.0
153.0
119.0
124.0
130.0
155.0
126.0
158.0
127.0
124.0
128.0
154.0
122.0
123.0
128.0
132.0
126.0
123.0
128.0
158.0
121.0
157.0
125.0
122.0
154.0
120.0
120.0
125.0
154.0
117.0
149.0
124.0
152.0
129.0
132.0
122.0
156.0
122.0
122.0
155.0
128.0
127.0
152.0
124.0
122.0
153.0
128.0
126.0
157.0
125.0
131.0
116.0
154.0
121.0
157.0
192.0
155.0
126.0
157.0
126.0
154.0
122.0
154.0
127.0
125.0
153.0
122.0
122.0
127.0
122.0
123.0
154.0
125.0
131.0
127.0
125.0
122.0
156.0
125.0
123.0
153.0
127.0
128.0
125.0
153.0
130.0
155.0
126.0
157.0
124.0
122.0
155.0
129.0
160.0
128.0
123.0
126.0
332.0
122.0
154.0
128.0
158.0
129.0
153.0
122.0
154.0
128.0
157.0
109.0
126.0
157.0
115.0
158.0
127.0
124.0
124.0
130.0
126.0
120.0
128.0
122.0
125.0
154.0
130.0
124.0
154.0
122.0
160.0
127.0
226.0
157.0
123.0
126.0
149.0
123.0
125.0
123.0
119.0
122.0
153.0
125.0
130.0
121.0
122.0
131.0
154.0
123.0
152.0
128.0
156.0
126.0
150.0
123.0
154.0
128.0
152.0
122.0
154.0
117.0
124.0
125.0
125.0
113.0
160.0
123.0
155.0
132.0
131.0
123.0
155.0
129.0
126.0
119.0
122.0
128.0
152.0
125.0
123.0
126.0
150.0
121.0
128.0
147.0
118.0
154.0
126.0
137.0
364.0
155.0
111.0
158.0
126.0
154.0
129.0
152.0
122.0
130.0
154.0
124.0
128.0
156.0
195.0
152.0
124.0
155.0
124.0
121.0
109.0
125.0
157.0
126.0
97.0
157.0
129.0
126.0
155.0
126.0
132.0
151.0
125.0
157.0
126.0
157.0
128.0
155.0
122.0
121.0
123.0
154.0
114.0
129.0
128.0
129.0
128.0
123.0
154.0
125.0
123.0
154.0
126.0
128.0
130.0
110.0
122.0
152.0
129.0
155.0
124.0
156.0
130.0
128.0
158.0
123.0
121.0
126.0
129.0
157.0
127.0
121.0
154.0
128.0
155.0
126.0
126.0
126.0
130.0
152.0
126.0
129.0
155.0
125.0
154.0
124.0
124.0
130.0
132.0
125.0
136.0
158.0
130.0
155.0
123.0
118.0
158.0
122.0
158.0
126.0
129.0
126.0
154.0
125.0
152.0
118.0
130.0
154.0
128.0
154.0
124.0
479.0
191.0
150.0
114.0
155.0
127.0
154.0
116.0
153.0
130.0
155.0
117.0
155.0
116.0
151.0
114.0
161.0
123.0
154.0
122.0
130.0
156.0
126.0
124.0
125.0
233.0
157.0
126.0
149.0
125.0
125.0
127.0
123.0
154.0
121.0
125.0
130.0
154.0
124.0
121.0
160.0
125.0
151.0
128.0
151.0
124.0
115.0
156.0
124.0
156.0
122.0
151.0
125.0
121.0
108.0
131.0
156.0
116.0
128.0
123.0
126.0
118.0
128.0
157.0
118.0
126.0
124.0
126.0
116.0
125.0
128.0
124.0
126.0
125.0
156.0
123.0
153.0
126.0
125.0
155.0
125.0
157.0
131.0
127.0
152.0
125.0
125.0
154.0
125.0
151.0
124.0
155.0
126.0
157.0
126.0
118.0
125.0
124.0
154.0
123.0
160.0
179.0
125.0
122.0
122.0
153.0
124.0
156.0
123.0
153.0
123.0
158.0
123.0
126.0
160.0
126.0
156.0
129.0
156.0
125.0
130.0
121.0
123.0
154.0
127.0
105.0
126.0
153.0
130.0
153.0
122.0
153.0
123.0
151.0
132.0
151.0
124.0
157.0
130.0
128.0
152.0
126.0
156.0
124.0
151.0
125.0
130.0
154.0
125.0
125.0
122.0
124.0
155.0
125.0
154.0
126.0
157.0
127.0
156.0
117.0
153.0
118.0
116.0
160.0
129.0
157.0
128.0
155.0
121.0
152.0
124.0
124.0
155.0
124.0
150.0
126.0
126.0
154.0
121.0
153.0
125.0
129.0
123.0
156.0
128.0
128.0
151.0
124.0
153.0
130.0
155.0
116.0
151.0
125.0
178.0
124.0
123.0
153.0
126.0
156.0
127.0
123.0
154.0
116.0
119.0
153.0
126.0
123.0
153.0
128.0
161.0
129.0
154.0
130.0
156.0
129.0
154.0
115.0
158.0
125.0
158.0
123.0
153.0
119.0
125.0
156.0
124.0
122.0
151.0
128.0
118.0
155.0
125.0
157.0
125.0
151.0
123.0
157.0
122.0
116.0
124.0
153.0
129.0
154.0
123.0
125.0
154.0
122.0
122.0
119.0
124.0
155.0
125.0
152.0
124.0
157.0
112.0
155.0
120.0
123.0
125.0
126.0
113.0
124.0
123.0
158.0
124.0
124.0
124.0
150.0
125.0
154.0
122.0
126.0
125.0
153.0
121.0
416.0
150.0
117.0
155.0
126.0
125.0
354.0
155.0
130.0
156.0
123.0
128.0
119.0
155.0
190.0
122.0
286.0
121.0
127.0
154.0
125.0
154.0
122.0
150.0
121.0
124.0
155.0
126.0
128.0
153.0
128.0
154.0
126.0
123.0
128.0
158.0
129.0
122.0
126.0
125.0
156.0
126.0
154.0
126.0
154.0
127.0
126.0
151.0
122.0
114.0
498.0
154.0
123.0
149.0
129.0
154.0
125.0
150.0
128.0
125.0
126.0
125.0
156.0
125.0
153.0
123.0
125.0
160.0
124.0
153.0
173.0
155.0
128.0
154.0
126.0
121.0
124.0
125.0
124.0
151.0
108.0
152.0
122.0
121.0
125.0
129.0
156.0
124.0
129.0
153.0
125.0
154.0
129.0
154.0
128.0
123.0
128.0
125.0
152.0
130.0
127.0
128.0
155.0
126.0
125.0
151.0
123.0
222.0
125.0
157.0
132.0
155.0
126.0
124.0
125.0
151.0
132.0
125.0
151.0
122.0
149.0
126.0
157.0
126.0
122.0
154.0
499.0
158.0
122.0
155.0
125.0
126.0
149.0
122.0
154.0
128.0
160.0
121.0
151.0
123.0
154.0
128.0
152.0
125.0
153.0
126.0
155.0
125.0
153.0
112.0
157.0
126.0
128.0
152.0
127.0
126.0
155.0
126.0
154.0
496.0
109.0
125.0
150.0
124.0
124.0
130.0
122.0
154.0
128.0
123.0
153.0
125.0
160.0
122.0
150.0
121.0
153.0
122.0
158.0
128.0
158.0
126.0
477.0
154.0
114.0
125.0
128.0
120.0
126.0
149.0
125.0
157.0
129.0
154.0
125.0
124.0
152.0
128.0
125.0
123.0
128.0
125.0
130.0
126.0
124.0
153.0
119.0
154.0
125.0
126.0
154.0
128.0
156.0
128.0
149.0
121.0
153.0
128.0
154.0
123.0
156.0
125.0
119.0
128.0
157.0
110.0
154.0
123.0
126.0
156.0
123.0
149.0
121.0
157.0
127.0
155.0
125.0
121.0
120.0
154.0
124.0
156.0
122.0
156.0
122.0
155.0
125.0
152.0
129.0
154.0
118.0
155.0
118.0
155.0
124.0
124.0
123.0
155.0
128.0
152.0
114.0
153.0
129.0
119.0
157.0
124.0
124.0
153.0
127.0
124.0
158.0
122.0
152.0
128.0
154.0
116.0
125.0
150.0
129.0
121.0
126.0
154.0
121.0
125.0
153.0
235.0
126.0
130.0
156.0
125.0
128.0
125.0
124.0
