153.0
152.0
152.0
153.0
208.0
180.0
144.0
178.0
149.0
182.0
150.0
148.0
153.0
175.0
147.0
182.0
146.0
178.0
177.0
152.0
178.0
154.0
179.0
151.0
149.0
145.0
148.0
178.0
149.0
151.0
178.0
144.0
139.0
149.0
178.0
152.0
182.0
155.0
180.0
209.0
182.0
153.0
189.0
151.0
181.0
149.0
181.0
151.0
179.0
148.0
147.0
150.0
182.0
145.0
182.0
149.0
178.0
148.0
150.0
142.0
182.0
144.0
146.0
151.0
178.0
151.0
154.0
178.0
149.0
152.0
145.0
151.0
184.0
149.0
149.0
154.0
179.0
151.0
175.0
152.0
182.0
149.0
176.0
157.0
151.0
151.0
174.0
149.0
187.0
148.0
180.0
144.0
179.0
147.0
176.0
154.0
179.0
149.0
154.0
180.0
150.0
149.0
181.0
152.0
182.0
153.0
183.0
154.0
180.0
151.0
181.0
157.0
152.0
185.0
153.0
180.0
152.0
180.0
154.0
177.0
148.0
173.0
148.0
178.0
150.0
149.0
178.0
144.0
183.0
151.0
179.0
149.0
150.0
183.0
201.0
179.0
149.0
179.0
152.0
179.0
148.0
152.0
211.0
177.0
154.0
201.0
230.0
174.0
154.0
148.0
181.0
144.0
176.0
145.0
173.0
155.0
178.0
143.0
150.0
183.0
149.0
178.0
148.0
148.0
149.0
181.0
156.0
181.0
146.0
148.0
179.0
148.0
182.0
147.0
182.0
150.0
185.0
146.0
182.0
149.0
181.0
154.0
181.0
150.0
180.0
144.0
149.0
180.0
146.0
179.0
152.0
181.0
146.0
182.0
133.0
177.0
153.0
148.0
180.0
267.0
180.0
153.0
146.0
176.0
145.0
178.0
151.0
180.0
147.0
182.0
146.0
178.0
148.0
186.0
148.0
186.0
153.0
180.0
151.0
150.0
182.0
151.0
181.0
155.0
178.0
151.0
185.0
153.0
183.0
152.0
172.0
148.0
184.0
146.0
182.0
149.0
154.0
180.0
153.0
155.0
149.0
157.0
137.0
177.0
150.0
150.0
148.0
146.0
148.0
149.0
184.0
145.0
146.0
149.0
208.0
181.0
149.0
181.0
576.0
187.0
270.0
181.0
154.0
182.0
208.0
145.0
181.0
151.0
184.0
144.0
176.0
210.0
181.0
202.0
178.0
152.0
178.0
149.0
180.0
146.0
157.0
177.0
148.0
181.0
589.0
154.0
182.0
155.0
178.0
151.0
185.0
206.0
181.0
155.0
179.0
138.0
146.0
146.0
207.0
180.0
151.0
177.0
151.0
205.0
151.0
203.0
181.0
141.0
186.0
148.0
151.0
181.0
152.0
186.0
205.0
186.0
146.0
186.0
148.0
180.0
150.0
178.0
144.0
175.0
341.0
298.0
146.0
182.0
150.0
153.0
182.0
155.0
148.0
176.0
145.0
185.0
148.0
180.0
149.0
147.0
151.0
182.0
154.0
149.0
176.0
149.0
184.0
149.0
180.0
153.0
144.0
148.0
138.0
152.0
151.0
181.0
146.0
173.0
153.0
177.0
150.0
179.0
149.0
182.0
149.0
154.0
222.0
179.0
146.0
215.0
152.0
150.0
146.0
183.0
149.0
149.0
174.0
148.0
179.0
150.0
187.0
146.0
149.0
154.0
150.0
182.0
149.0
187.0
202.0
184.0
148.0
155.0
178.0
147.0
145.0
178.0
140.0
187.0
150.0
149.0
152.0
146.0
178.0
148.0
180.0
149.0
180.0
150.0
183.0
150.0
154.0
152.0
147.0
150.0
175.0
154.0
147.0
178.0
139.0
174.0
154.0
152.0
176.0
151.0
175.0
148.0
180.0
151.0
181.0
153.0
178.0
156.0
145.0
174.0
149.0
172.0
139.0
153.0
174.0
150.0
186.0
153.0
186.0
528.0
185.0
150.0
179.0
148.0
148.0
180.0
145.0
180.0
142.0
156.0
180.0
149.0
140.0
148.0
147.0
179.0
152.0
149.0
132.0
185.0
152.0
147.0
149.0
149.0
183.0
149.0
183.0
149.0
181.0
146.0
148.0
182.0
133.0
180.0
151.0
145.0
146.0
178.0
149.0
137.0
181.0
150.0
149.0
152.0
154.0
146.0
142.0
181.0
145.0
153.0
182.0
151.0
151.0
181.0
155.0
144.0
181.0
146.0
180.0
150.0
152.0
182.0
151.0
178.0
151.0
152.0
144.0
153.0
152.0
178.0
146.0
150.0
176.0
149.0
148.0
182.0
133.0
182.0
138.0
179.0
206.0
181.0
147.0
145.0
181.0
154.0
151.0
149.0
181.0
147.0
179.0
149.0
177.0
132.0
180.0
145.0
153.0
178.0
394.0
146.0
178.0
153.0
176.0
152.0
184.0
145.0
175.0
148.0
157.0
154.0
209.0
183.0
153.0
151.0
145.0
181.0
154.0
178.0
148.0
177.0
140.0
150.0
187.0
157.0
182.0
142.0
154.0
151.0
180.0
151.0
146.0
181.0
148.0
177.0
149.0
184.0
154.0
594.0
182.0
146.0
178.0
157.0
184.0
150.0
183.0
150.0
149.0
187.0
275.0
183.0
148.0
146.0
178.0
154.0
177.0
202.0
176.0
151.0
182.0
149.0
153.0
178.0
149.0
149.0
177.0
205.0
177.0
144.0
174.0
146.0
178.0
146.0
145.0
151.0
178.0
148.0
186.0
148.0
155.0
177.0
152.0
149.0
177.0
149.0
142.0
180.0
146.0
187.0
336.0
181.0
150.0
132.0
184.0
146.0
151.0
146.0
149.0
146.0
144.0
177.0
208.0
181.0
153.0
152.0
178.0
149.0
209.0
210.0
184.0
144.0
177.0
149.0
149.0
332.0
177.0
154.0
144.0
148.0
181.0
151.0
180.0
145.0
151.0
150.0
176.0
152.0
149.0
148.0
179.0
149.0
182.0
148.0
147.0
180.0
155.0
173.0
210.0
182.0
154.0
178.0
150.0
186.0
150.0
177.0
141.0
151.0
180.0
149.0
155.0
187.0
156.0
177.0
149.0
150.0
178.0
207.0
181.0
146.0
208.0
155.0
156.0
183.0
149.0
180.0
148.0
180.0
148.0
181.0
149.0
184.0
148.0
152.0
180.0
142.0
206.0
182.0
148.0
174.0
149.0
182.0
154.0
180.0
149.0
145.0
148.0
182.0
148.0
185.0
205.0
186.0
152.0
183.0
141.0
182.0
146.0
182.0
150.0
149.0
149.0
182.0
149.0
181.0
148.0
155.0
179.0
218.0
148.0
181.0
149.0
178.0
145.0
138.0
187.0
153.0
180.0
146.0
154.0
151.0
148.0
180.0
148.0
184.0
208.0
176.0
148.0
175.0
150.0
186.0
150.0
151.0
147.0
136.0
151.0
180.0
205.0
144.0
185.0
149.0
178.0
154.0
181.0
149.0
206.0
180.0
149.0
150.0
180.0
153.0
182.0
153.0
155.0
181.0
150.0
177.0
152.0
142.0
184.0
155.0
148.0
141.0
176.0
151.0
153.0
186.0
146.0
147.0
149.0
183.0
152.0
181.0
177.0
150.0
181.0
146.0
205.0
181.0
146.0
153.0
141.0
154.0
181.0
152.0
149.0
145.0
149.0
157.0
202.0
186.0
151.0
178.0
150.0
183.0
153.0
177.0
137.0
186.0
203.0
175.0
151.0
184.0
146.0
182.0
212.0
145.0
146.0
150.0
181.0
151.0
182.0
210.0
182.0
150.0
180.0
151.0
178.0
153.0
156.0
155.0
178.0
154.0
180.0
205.0
186.0
151.0
177.0
154.0
177.0
142.0
206.0
180.0
153.0
178.0
148.0
146.0
148.0
148.0
177.0
150.0
145.0
181.0
151.0
180.0
154.0
179.0
206.0
178.0
209.0
180.0
153.0
149.0
181.0
151.0
177.0
151.0
180.0
138.0
178.0
157.0
180.0
205.0
181.0
150.0
144.0
181.0
141.0
184.0
153.0
149.0
152.0
154.0
178.0
148.0
148.0
178.0
146.0
182.0
148.0
178.0
149.0
148.0
145.0
151.0
183.0
161.0
181.0
155.0
181.0
148.0
307.0
180.0
151.0
179.0
154.0
178.0
140.0
181.0
155.0
146.0
151.0
185.0
205.0
180.0
148.0
149.0
181.0
230.0
177.0
150.0
156.0
181.0
154.0
182.0
152.0
180.0
148.0
174.0
154.0
144.0
184.0
205.0
179.0
205.0
182.0
160.0
149.0
153.0
183.0
149.0
178.0
144.0
178.0
206.0
148.0
146.0
148.0
176.0
159.0
178.0
208.0
180.0
143.0
156.0
151.0
178.0
150.0
151.0
155.0
176.0
142.0
149.0
186.0
153.0
178.0
152.0
146.0
154.0
144.0
182.0
147.0
184.0
148.0
184.0
237.0
186.0
154.0
151.0
151.0
173.0
158.0
178.0
130.0
143.0
184.0
148.0
183.0
151.0
179.0
150.0
180.0
159.0
210.0
185.0
151.0
180.0
154.0
181.0
152.0
151.0
153.0
152.0
182.0
153.0
179.0
150.0
150.0
179.0
152.0
182.0
152.0
183.0
148.0
155.0
180.0
148.0
186.0
152.0
185.0
146.0
149.0
181.0
563.0
181.0
154.0
177.0
148.0
149.0
183.0
148.0
151.0
574.0
179.0
202.0
142.0
186.0
146.0
134.0
180.0
151.0
182.0
151.0
154.0
210.0
149.0
153.0
183.0
152.0
179.0
210.0
181.0
157.0
153.0
178.0
157.0
148.0
185.0
150.0
187.0
147.0
151.0
176.0
152.0
178.0
147.0
181.0
147.0
180.0
148.0
184.0
147.0
183.0
151.0
179.0
148.0
154.0
155.0
179.0
146.0
184.0
142.0
187.0
157.0
148.0
150.0
320.0
154.0
176.0
152.0
150.0
157.0
183.0
157.0
182.0
149.0
184.0
149.0
180.0
149.0
177.0
134.0
183.0
154.0
183.0
151.0
148.0
185.0
150.0
148.0
176.0
151.0
181.0
148.0
180.0
208.0
179.0
151.0
153.0
620.0
186.0
153.0
185.0
208.0
181.0
141.0
185.0
156.0
180.0
150.0
182.0
154.0
178.0
150.0
178.0
148.0
178.0
155.0
181.0
153.0
209.0
185.0
149.0
182.0
141.0
149.0
149.0
182.0
151.0
154.0
179.0
148.0
176.0
150.0
181.0
149.0
143.0
150.0
181.0
151.0
148.0
177.0
146.0
178.0
141.0
150.0
150.0
180.0
150.0
149.0
183.0
146.0
180.0
146.0
180.0
137.0
183.0
153.0
185.0
547.0
180.0
145.0
154.0
176.0
146.0
141.0
179.0
153.0
149.0
157.0
171.0
152.0
180.0
152.0
148.0
178.0
154.0
180.0
139.0
181.0
146.0
178.0
210.0
178.0
149.0
181.0
150.0
154.0
181.0
149.0
182.0
147.0
176.0
152.0
181.0
150.0
150.0
151.0
152.0
149.0
174.0
206.0
175.0
147.0
179.0
136.0
181.0
150.0
151.0
137.0
145.0
180.0
152.0
150.0
186.0
149.0
177.0
151.0
149.0
148.0
152.0
209.0
182.0
152.0
538.0
181.0
210.0
181.0
146.0
182.0
147.0
183.0
149.0
154.0
145.0
178.0
202.0
182.0
146.0
149.0
149.0
154.0
183.0
149.0
186.0
150.0
203.0
179.0
150.0
149.0
183.0
152.0
149.0
139.0
147.0
184.0
149.0
180.0
154.0
178.0
146.0
152.0
416.0
119.0
180.0
150.0
158.0
149.0
151.0
181.0
144.0
175.0
157.0
182.0
153.0
153.0
144.0
147.0
189.0
141.0
152.0
149.0
184.0
153.0
178.0
147.0
151.0
178.0
152.0
182.0
148.0
150.0
147.0
182.0
153.0
181.0
148.0
188.0
151.0
138.0
149.0
181.0
205.0
148.0
154.0
182.0
154.0
149.0
185.0
150.0
149.0
152.0
148.0
152.0
153.0
180.0
154.0
142.0
181.0
149.0
147.0
202.0
178.0
152.0
150.0
148.0
253.0
182.0
153.0
177.0
140.0
203.0
181.0
149.0
138.0
184.0
150.0
181.0
149.0
178.0
153.0
154.0
148.0
205.0
152.0
325.0
178.0
154.0
209.0
182.0
149.0
152.0
180.0
147.0
181.0
148.0
149.0
153.0
183.0
150.0
144.0
180.0
149.0
179.0
144.0
154.0
153.0
144.0
178.0
200.0
151.0
180.0
148.0
150.0
138.0
180.0
150.0
146.0
181.0
150.0
184.0
154.0
182.0
149.0
138.0
178.0
152.0
178.0
151.0
187.0
141.0
180.0
149.0
173.0
148.0
148.0
180.0
149.0
150.0
149.0
179.0
154.0
179.0
150.0
150.0
180.0
149.0
148.0
144.0
149.0
148.0
148.0
179.0
152.0
142.0
181.0
153.0
183.0
155.0
178.0
148.0
202.0
178.0
163.0
148.0
154.0
147.0
180.0
149.0
149.0
145.0
182.0
148.0
149.0
179.0
145.0
208.0
181.0
146.0
182.0
144.0
178.0
148.0
145.0
148.0
145.0
178.0
141.0
186.0
142.0
205.0
181.0
153.0
148.0
146.0
180.0
149.0
206.0
177.0
157.0
155.0
149.0
179.0
151.0
149.0
146.0
146.0
181.0
146.0
155.0
181.0
148.0
145.0
180.0
490.0
182.0
427.0
182.0
156.0
144.0
178.0
151.0
184.0
141.0
180.0
217.0
149.0
183.0
153.0
153.0
181.0
151.0
178.0
153.0
187.0
149.0
152.0
179.0
152.0
180.0
147.0
183.0
209.0
182.0
153.0
149.0
183.0
152.0
178.0
146.0
149.0
146.0
153.0
182.0
146.0
149.0
153.0
183.0
153.0
147.0
140.0
202.0
183.0
149.0
152.0
154.0
178.0
154.0
187.0
200.0
151.0
154.0
153.0
144.0
182.0
155.0
151.0
180.0
148.0
186.0
209.0
146.0
182.0
147.0
187.0
206.0
152.0
180.0
154.0
154.0
173.0
234.0
178.0
151.0
181.0
151.0
157.0
182.0
146.0
180.0
742.0
166.0
149.0
177.0
153.0
176.0
150.0
176.0
151.0
176.0
146.0
222.0
182.0
212.0
182.0
207.0
183.0
208.0
150.0
180.0
152.0
177.0
152.0
186.0
150.0
154.0
178.0
148.0
155.0
187.0
144.0
181.0
144.0
183.0
148.0
182.0
145.0
184.0
144.0
179.0
144.0
149.0
152.0
184.0
151.0
148.0
181.0
152.0
185.0
154.0
181.0
146.0
179.0
156.0
184.0
147.0
152.0
180.0
555.0
182.0
149.0
176.0
142.0
186.0
138.0
150.0
181.0
155.0
150.0
182.0
139.0
180.0
146.0
153.0
183.0
154.0
179.0
153.0
149.0
181.0
146.0
145.0
150.0
180.0
144.0
174.0
152.0
182.0
157.0
149.0
181.0
151.0
182.0
151.0
184.0
147.0
178.0
149.0
176.0
211.0
187.0
142.0
153.0
179.0
151.0
182.0
151.0
180.0
150.0
178.0
149.0
151.0
206.0
183.0
149.0
154.0
152.0
199.0
171.0
150.0
153.0
154.0
180.0
149.0
184.0
142.0
182.0
142.0
181.0
204.0
184.0
149.0
181.0
153.0
176.0
146.0
145.0
178.0
153.0
146.0
178.0
148.0
150.0
150.0
142.0
185.0
152.0
175.0
260.0
181.0
148.0
151.0
183.0
150.0
183.0
209.0
180.0
137.0
178.0
269.0
180.0
151.0
177.0
153.0
175.0
148.0
178.0
212.0
180.0
133.0
183.0
155.0
157.0
148.0
153.0
160.0
149.0
148.0
210.0
180.0
649.0
181.0
153.0
137.0
154.0
185.0
149.0
147.0
181.0
151.0
183.0
152.0
182.0
151.0
156.0
180.0
208.0
180.0
152.0
180.0
148.0
145.0
178.0
153.0
176.0
151.0
180.0
154.0
151.0
133.0
145.0
181.0
138.0
179.0
144.0
182.0
132.0
184.0
147.0
186.0
151.0
182.0
148.0
172.0
205.0
184.0
207.0
177.0
202.0
180.0
153.0
149.0
179.0
152.0
217.0
149.0
180.0
150.0
187.0
148.0
177.0
136.0
179.0
150.0
185.0
152.0
154.0
148.0
173.0
149.0
177.0
150.0
183.0
142.0
177.0
153.0
142.0
211.0
150.0
175.0
387.0
180.0
155.0
186.0
150.0
150.0
176.0
148.0
183.0
150.0
183.0
155.0
180.0
613.0
184.0
154.0
152.0
144.0
178.0
153.0
152.0
180.0
151.0
144.0
177.0
148.0
180.0
148.0
188.0
153.0
184.0
204.0
178.0
154.0
148.0
149.0
132.0
153.0
181.0
153.0
149.0
179.0
157.0
146.0
182.0
155.0
181.0
149.0
181.0
149.0
178.0
149.0
143.0
152.0
150.0
151.0
151.0
181.0
153.0
148.0
182.0
151.0
179.0
148.0
178.0
153.0
180.0
146.0
151.0
154.0
183.0
149.0
152.0
177.0
141.0
149.0
179.0
149.0
183.0
416.0
180.0
154.0
148.0
148.0
173.0
154.0
153.0
145.0
155.0
183.0
150.0
177.0
146.0
181.0
153.0
186.0
212.0
177.0
154.0
175.0
422.0
187.0
153.0
186.0
149.0
186.0
148.0
146.0
153.0
149.0
206.0
149.0
178.0
151.0
147.0
157.0
557.0
182.0
147.0
180.0
201.0
181.0
151.0
185.0
146.0
191.0
206.0
178.0
149.0
180.0
201.0
149.0
184.0
153.0
182.0
149.0
179.0
151.0
178.0
151.0
180.0
139.0
181.0
148.0
184.0
208.0
181.0
146.0
181.0
153.0
150.0
184.0
150.0
174.0
149.0
147.0
140.0
186.0
141.0
148.0
181.0
196.0
179.0
156.0
183.0
151.0
177.0
145.0
154.0
248.0
148.0
153.0
184.0
156.0
179.0
145.0
178.0
151.0
183.0
152.0
176.0
149.0
144.0
142.0
180.0
157.0
181.0
150.0
150.0
174.0
149.0
181.0
148.0
178.0
153.0
152.0
178.0
153.0
180.0
210.0
152.0
176.0
202.0
164.0
151.0
150.0
152.0
179.0
149.0
178.0
211.0
185.0
144.0
206.0
181.0
138.0
177.0
147.0
219.0
181.0
148.0
146.0
180.0
151.0
185.0
151.0
150.0
181.0
148.0
183.0
149.0
180.0
152.0
149.0
153.0
149.0
150.0
183.0
152.0
186.0
150.0
180.0
143.0
184.0
155.0
181.0
147.0
177.0
142.0
182.0
152.0
178.0
151.0
183.0
144.0
178.0
208.0
184.0
148.0
180.0
149.0
183.0
149.0
148.0
182.0
151.0
183.0
152.0
153.0
179.0
147.0
178.0
157.0
183.0
624.0
183.0
234.0
181.0
150.0
181.0
150.0
154.0
148.0
151.0
185.0
153.0
176.0
149.0
153.0
179.0
150.0
180.0
148.0
176.0
150.0
176.0
142.0
181.0
154.0
182.0
149.0
154.0
147.0
149.0
186.0
153.0
185.0
200.0
186.0
155.0
150.0
152.0
149.0
185.0
203.0
149.0
146.0
154.0
180.0
153.0
154.0
144.0
179.0
147.0
180.0
152.0
179.0
150.0
151.0
185.0
149.0
179.0
145.0
177.0
150.0
180.0
148.0
148.0
144.0
153.0
183.0
153.0
141.0
180.0
205.0
149.0
183.0
149.0
142.0
150.0
179.0
149.0
181.0
205.0
178.0
149.0
146.0
180.0
154.0
176.0
345.0
175.0
154.0
156.0
144.0
185.0
150.0
182.0
153.0
152.0
180.0
150.0
154.0
149.0
146.0
182.0
148.0
183.0
154.0
178.0
151.0
176.0
153.0
180.0
150.0
152.0
185.0
146.0
181.0
154.0
179.0
299.0
180.0
149.0
150.0
186.0
144.0
138.0
189.0
146.0
181.0
142.0
182.0
149.0
206.0
182.0
153.0
156.0
150.0
146.0
149.0
181.0
157.0
150.0
181.0
147.0
180.0
144.0
179.0
153.0
180.0
149.0
181.0
149.0
184.0
149.0
183.0
147.0
149.0
175.0
151.0
181.0
145.0
177.0
150.0
181.0
154.0
152.0
181.0
149.0
150.0
186.0
251.0
178.0
480.0
185.0
147.0
148.0
178.0
149.0
176.0
154.0
181.0
144.0
188.0
147.0
143.0
144.0
178.0
150.0
151.0
180.0
151.0
156.0
142.0
148.0
157.0
183.0
147.0
177.0
149.0
144.0
147.0
173.0
149.0
179.0
153.0
179.0
145.0
206.0
180.0
154.0
181.0
154.0
150.0
149.0
181.0
146.0
208.0
180.0
149.0
154.0
154.0
152.0
153.0
150.0
142.0
148.0
182.0
151.0
142.0
153.0
183.0
142.0
152.0
177.0
139.0
178.0
149.0
181.0
153.0
148.0
146.0
183.0
149.0
182.0
148.0
151.0
182.0
150.0
149.0
148.0
178.0
209.0
181.0
149.0
175.0
139.0
183.0
150.0
185.0
148.0
178.0
148.0
181.0
146.0
181.0
221.0
152.0
183.0
145.0
217.0
179.0
154.0
178.0
157.0
150.0
150.0
181.0
153.0
148.0
178.0
151.0
181.0
146.0
144.0
177.0
149.0
181.0
137.0
180.0
205.0
147.0
182.0
146.0
152.0
143.0
145.0
147.0
176.0
143.0
181.0
151.0
154.0
181.0
149.0
147.0
158.0
184.0
148.0
157.0
148.0
149.0
145.0
155.0
180.0
152.0
144.0
152.0
145.0
147.0
179.0
151.0
177.0
157.0
152.0
180.0
152.0
146.0
208.0
149.0
151.0
185.0
150.0
141.0
180.0
148.0
150.0
177.0
205.0
154.0
150.0
178.0
157.0
151.0
179.0
149.0
178.0
142.0
204.0
182.0
146.0
185.0
146.0
182.0
147.0
179.0
151.0
149.0
150.0
184.0
149.0
185.0
151.0
176.0
149.0
153.0
152.0
178.0
152.0
149.0
145.0
178.0
149.0
143.0
149.0
185.0
143.0
154.0
153.0
181.0
143.0
156.0
153.0
186.0
146.0
154.0
147.0
183.0
208.0
152.0
143.0
184.0
144.0
148.0
180.0
157.0
182.0
118.0
182.0
140.0
179.0
149.0
147.0
183.0
149.0
144.0
180.0
152.0
179.0
152.0
149.0
185.0
153.0
148.0
151.0
139.0
155.0
181.0
151.0
180.0
155.0
144.0
150.0
181.0
142.0
154.0
142.0
152.0
153.0
172.0
142.0
179.0
150.0
152.0
149.0
176.0
149.0
180.0
155.0
385.0
184.0
148.0
178.0
155.0
148.0
150.0
206.0
176.0
149.0
178.0
149.0
184.0
148.0
154.0
145.0
182.0
152.0
146.0
180.0
154.0
180.0
158.0
208.0
182.0
143.0
182.0
148.0
137.0
181.0
146.0
141.0
203.0
180.0
152.0
182.0
142.0
187.0
149.0
181.0
147.0
185.0
152.0
184.0
150.0
182.0
152.0
149.0
151.0
177.0
151.0
153.0
151.0
138.0
183.0
157.0
154.0
180.0
208.0
153.0
182.0
153.0
148.0
180.0
149.0
182.0
154.0
181.0
149.0
182.0
152.0
183.0
152.0
149.0
183.0
149.0
144.0
147.0
154.0
209.0
153.0
181.0
153.0
180.0
153.0
182.0
149.0
177.0
154.0
178.0
595.0
182.0
148.0
182.0
147.0
235.0
182.0
146.0
150.0
153.0
148.0
182.0
152.0
149.0
181.0
152.0
149.0
181.0
149.0
181.0
148.0
179.0
154.0
148.0
149.0
185.0
151.0
179.0
139.0
183.0
149.0
181.0
154.0
177.0
146.0
152.0
174.0
152.0
149.0
174.0
153.0
176.0
146.0
178.0
222.0
177.0
156.0
147.0
141.0
152.0
200.0
183.0
153.0
181.0
154.0
186.0
152.0
182.0
149.0
150.0
182.0
146.0
153.0
153.0
178.0
140.0
151.0
208.0
149.0
178.0
149.0
181.0
148.0
181.0
150.0
183.0
149.0
147.0
153.0
181.0
202.0
179.0
144.0
153.0
183.0
151.0
153.0
181.0
151.0
176.0
150.0
150.0
184.0
151.0
157.0
152.0
181.0
128.0
184.0
152.0
180.0
148.0
149.0
148.0
206.0
181.0
147.0
154.0
137.0
146.0
182.0
148.0
152.0
178.0
149.0
178.0
146.0
149.0
146.0
178.0
150.0
180.0
149.0
139.0
186.0
150.0
183.0
208.0
179.0
151.0
181.0
142.0
146.0
144.0
183.0
150.0
186.0
150.0
150.0
180.0
155.0
180.0
150.0
184.0
141.0
178.0
144.0
181.0
205.0
147.0
148.0
180.0
147.0
181.0
153.0
181.0
152.0
152.0
177.0
152.0
128.0
186.0
152.0
178.0
148.0
146.0
146.0
146.0
180.0
149.0
183.0
156.0
145.0
154.0
146.0
154.0
182.0
154.0
183.0
150.0
178.0
149.0
209.0
145.0
182.0
151.0
180.0
150.0
180.0
149.0
181.0
153.0
207.0
180.0
151.0
181.0
152.0
147.0
181.0
143.0
181.0
146.0
185.0
208.0
153.0
179.0
146.0
146.0
148.0
149.0
144.0
184.0
541.0
183.0
155.0
185.0
150.0
174.0
144.0
141.0
149.0
180.0
155.0
183.0
148.0
173.0
152.0
175.0
150.0
205.0
178.0
148.0
180.0
141.0
146.0
181.0
154.0
181.0
152.0
180.0
146.0
205.0
186.0
152.0
180.0
149.0
180.0
207.0
182.0
147.0
182.0
216.0
178.0
246.0
183.0
154.0
177.0
213.0
295.0
176.0
148.0
149.0
177.0
149.0
150.0
208.0
183.0
277.0
177.0
212.0
178.0
152.0
149.0
149.0
181.0
151.0
178.0
150.0
208.0
205.0
182.0
154.0
151.0
181.0
158.0
148.0
180.0
151.0
152.0
138.0
177.0
130.0
153.0
181.0
142.0
298.0
184.0
286.0
150.0
183.0
145.0
148.0
181.0
150.0
148.0
183.0
148.0
144.0
181.0
150.0
181.0
153.0
179.0
153.0
148.0
152.0
149.0
180.0
151.0
151.0
177.0
148.0
183.0
152.0
180.0
139.0
186.0
146.0
144.0
180.0
144.0
144.0
181.0
146.0
180.0
130.0
149.0
149.0
177.0
152.0
180.0
147.0
180.0
151.0
176.0
152.0
150.0
183.0
151.0
183.0
151.0
177.0
154.0
149.0
174.0
162.0
154.0
182.0
146.0
181.0
205.0
178.0
149.0
183.0
148.0
141.0
150.0
178.0
152.0
149.0
146.0
149.0
147.0
144.0
183.0
139.0
153.0
152.0
181.0
141.0
146.0
182.0
480.0
182.0
150.0
152.0
177.0
152.0
176.0
152.0
181.0
205.0
148.0
175.0
150.0
178.0
148.0
183.0
154.0
183.0
148.0
175.0
148.0
148.0
207.0
181.0
150.0
155.0
183.0
151.0
180.0
153.0
155.0
182.0
150.0
176.0
144.0
181.0
201.0
181.0
154.0
181.0
150.0
188.0
148.0
181.0
150.0
181.0
148.0
180.0
151.0
179.0
150.0
147.0
181.0
150.0
180.0
141.0
183.0
685.0
180.0
148.0
153.0
176.0
155.0
180.0
149.0
154.0
178.0
414.0
184.0
150.0
176.0
150.0
141.0
185.0
144.0
155.0
181.0
149.0
156.0
150.0
154.0
148.0
177.0
149.0
146.0
153.0
182.0
151.0
180.0
147.0
153.0
181.0
153.0
147.0
176.0
146.0
176.0
148.0
146.0
155.0
181.0
151.0
137.0
183.0
155.0
183.0
146.0
180.0
129.0
183.0
150.0
180.0
151.0
183.0
157.0
149.0
150.0
182.0
147.0
151.0
186.0
146.0
139.0
153.0
175.0
151.0
183.0
154.0
177.0
155.0
178.0
149.0
150.0
408.0
186.0
151.0
180.0
152.0
150.0
177.0
152.0
152.0
176.0
612.0
181.0
153.0
175.0
144.0
154.0
182.0
154.0
149.0
208.0
180.0
150.0
104.0
189.0
136.0
206.0
186.0
150.0
154.0
180.0
153.0
149.0
153.0
148.0
148.0
152.0
155.0
180.0
152.0
181.0
151.0
140.0
178.0
150.0
154.0
180.0
154.0
183.0
153.0
178.0
145.0
181.0
153.0
181.0
153.0
175.0
151.0
178.0
151.0
145.0
148.0
144.0
153.0
144.0
154.0
179.0
139.0
135.0
149.0
188.0
202.0
181.0
146.0
148.0
138.0
182.0
145.0
185.0
149.0
146.0
187.0
149.0
149.0
154.0
146.0
147.0
145.0
183.0
151.0
176.0
148.0
181.0
150.0
182.0
153.0
176.0
146.0
144.0
146.0
174.0
148.0
185.0
139.0
148.0
146.0
205.0
176.0
155.0
146.0
183.0
151.0
178.0
154.0
175.0
141.0
148.0
177.0
147.0
149.0
154.0
173.0
205.0
152.0
153.0
148.0
181.0
149.0
181.0
147.0
181.0
150.0
179.0
149.0
141.0
145.0
180.0
149.0
178.0
147.0
180.0
145.0
192.0
150.0
174.0
153.0
181.0
151.0
152.0
147.0
153.0
177.0
151.0
185.0
151.0
183.0
153.0
181.0
141.0
149.0
174.0
145.0
180.0
206.0
181.0
146.0
151.0
148.0
154.0
148.0
178.0
151.0
177.0
151.0
148.0
147.0
174.0
148.0
180.0
148.0
176.0
146.0
181.0
147.0
185.0
150.0
178.0
151.0
180.0
570.0
180.0
144.0
177.0
154.0
185.0
152.0
176.0
151.0
181.0
142.0
146.0
178.0
205.0
177.0
205.0
182.0
150.0
175.0
151.0
153.0
179.0
142.0
149.0
181.0
150.0
178.0
160.0
153.0
208.0
179.0
151.0
144.0
184.0
145.0
180.0
144.0
179.0
153.0
141.0
149.0
152.0
179.0
145.0
151.0
208.0
201.0
181.0
205.0
178.0
152.0
205.0
175.0
148.0
184.0
145.0
148.0
178.0
146.0
174.0
146.0
151.0
146.0
151.0
145.0
149.0
180.0
152.0
184.0
150.0
146.0
181.0
149.0
153.0
178.0
146.0
179.0
154.0
176.0
146.0
198.0
153.0
198.0
178.0
138.0
208.0
145.0
158.0
154.0
180.0
150.0
153.0
178.0
141.0
179.0
150.0
182.0
147.0
178.0
155.0
183.0
154.0
175.0
153.0
182.0
152.0
153.0
151.0
177.0
150.0
180.0
492.0
178.0
153.0
180.0
148.0
201.0
181.0
148.0
185.0
146.0
518.0
180.0
154.0
180.0
265.0
179.0
149.0
180.0
150.0
153.0
185.0
149.0
174.0
150.0
179.0
154.0
178.0
150.0
183.0
154.0
178.0
144.0
153.0
146.0
216.0
183.0
156.0
177.0
152.0
142.0
174.0
154.0
148.0
151.0
174.0
147.0
182.0
151.0
184.0
142.0
148.0
179.0
151.0
181.0
148.0
147.0
182.0
150.0
208.0
184.0
153.0
157.0
180.0
153.0
151.0
183.0
148.0
186.0
154.0
151.0
180.0
135.0
144.0
179.0
148.0
186.0
156.0
154.0
152.0
155.0
210.0
181.0
145.0
147.0
179.0
149.0
177.0
154.0
260.0
182.0
154.0
183.0
144.0
154.0
181.0
154.0
182.0
151.0
147.0
185.0
154.0
182.0
150.0
146.0
184.0
148.0
138.0
180.0
152.0
151.0
179.0
151.0
180.0
151.0
151.0
183.0
147.0
183.0
201.0
153.0
177.0
145.0
181.0
150.0
148.0
144.0
180.0
360.0
154.0
186.0
150.0
178.0
139.0
186.0
210.0
174.0
150.0
151.0
146.0
177.0
156.0
177.0
146.0
186.0
150.0
179.0
151.0
145.0
178.0
148.0
177.0
150.0
154.0
180.0
148.0
152.0
731.0
171.0
147.0
150.0
184.0
148.0
148.0
183.0
142.0
178.0
146.0
154.0
149.0
178.0
151.0
183.0
157.0
184.0
152.0
201.0
146.0
182.0
150.0
149.0
151.0
141.0
150.0
181.0
152.0
157.0
202.0
182.0
149.0
153.0
181.0
153.0
180.0
204.0
180.0
148.0
186.0
155.0
251.0
178.0
151.0
145.0
182.0
149.0
153.0
149.0
153.0
187.0
137.0
147.0
177.0
152.0
182.0
625.0
178.0
144.0
181.0
151.0
149.0
178.0
154.0
176.0
149.0
157.0
186.0
154.0
180.0
144.0
149.0
153.0
181.0
205.0
151.0
578.0
146.0
184.0
148.0
178.0
151.0
185.0
151.0
142.0
182.0
147.0
178.0
148.0
141.0
182.0
150.0
173.0
144.0
151.0
175.0
149.0
150.0
178.0
148.0
149.0
177.0
151.0
149.0
177.0
146.0
153.0
150.0
170.0
153.0
178.0
150.0
146.0
181.0
155.0
189.0
132.0
180.0
157.0
183.0
152.0
153.0
177.0
149.0
181.0
154.0
184.0
152.0
185.0
149.0
176.0
298.0
185.0
151.0
180.0
220.0
157.0
182.0
203.0
157.0
148.0
153.0
180.0
148.0
153.0
183.0
148.0
177.0
663.0
180.0
146.0
150.0
179.0
157.0
151.0
148.0
181.0
146.0
192.0
152.0
151.0
149.0
176.0
151.0
183.0
149.0
206.0
178.0
157.0
147.0
183.0
209.0
147.0
148.0
151.0
149.0
179.0
155.0
183.0
148.0
154.0
182.0
139.0
178.0
149.0
151.0
178.0
152.0
181.0
150.0
145.0
150.0
182.0
149.0
179.0
152.0
205.0
181.0
146.0
154.0
184.0
153.0
149.0
185.0
206.0
151.0
155.0
182.0
148.0
182.0
148.0
178.0
152.0
177.0
151.0
155.0
181.0
160.0
179.0
150.0
178.0
146.0
204.0
151.0
154.0
181.0
148.0
147.0
152.0
181.0
149.0
202.0
182.0
151.0
146.0
142.0
183.0
147.0
151.0
153.0
150.0
147.0
148.0
185.0
154.0
175.0
151.0
144.0
183.0
149.0
152.0
153.0
151.0
150.0
150.0
149.0
202.0
184.0
149.0
181.0
151.0
185.0
151.0
152.0
178.0
149.0
178.0
153.0
182.0
149.0
149.0
180.0
206.0
180.0
148.0
182.0
148.0
174.0
151.0
150.0
179.0
215.0
177.0
149.0
178.0
152.0
182.0
149.0
182.0
148.0
181.0
141.0
177.0
207.0
144.0
156.0
180.0
149.0
182.0
140.0
180.0
147.0
182.0
153.0
151.0
146.0
144.0
180.0
156.0
151.0
178.0
152.0
179.0
148.0
150.0
182.0
142.0
138.0
186.0
138.0
180.0
151.0
179.0
153.0
150.0
180.0
150.0
179.0
154.0
215.0
154.0
149.0
185.0
150.0
149.0
147.0
177.0
155.0
180.0
152.0
208.0
149.0
178.0
154.0
183.0
151.0
184.0
154.0
141.0
180.0
154.0
183.0
144.0
179.0
148.0
180.0
149.0
174.0
147.0
148.0
156.0
151.0
157.0
151.0
157.0
145.0
143.0
180.0
151.0
183.0
135.0
178.0
141.0
183.0
148.0
151.0
155.0
176.0
148.0
150.0
180.0
145.0
184.0
154.0
215.0
185.0
151.0
177.0
150.0
177.0
138.0
152.0
148.0
542.0
183.0
151.0
158.0
153.0
150.0
179.0
150.0
145.0
191.0
150.0
171.0
153.0
147.0
181.0
151.0
205.0
181.0
144.0
204.0
180.0
150.0
175.0
149.0
150.0
152.0
151.0
179.0
140.0
178.0
153.0
150.0
181.0
154.0
206.0
181.0
148.0
146.0
180.0
154.0
181.0
150.0
153.0
181.0
148.0
146.0
160.0
159.0
147.0
183.0
148.0
185.0
151.0
147.0
183.0
156.0
177.0
150.0
186.0
157.0
185.0
148.0
180.0
134.0
173.0
152.0
178.0
148.0
150.0
180.0
149.0
178.0
151.0
181.0
148.0
182.0
151.0
147.0
152.0
154.0
180.0
152.0
181.0
149.0
177.0
154.0
181.0
149.0
149.0
178.0
150.0
152.0
178.0
151.0
181.0
150.0
149.0
179.0
151.0
148.0
181.0
270.0
181.0
144.0
182.0
144.0
151.0
182.0
122.0
189.0
227.0
207.0
175.0
150.0
118.0
187.0
153.0
147.0
200.0
151.0
149.0
151.0
183.0
202.0
149.0
182.0
154.0
183.0
148.0
156.0
140.0
153.0
189.0
145.0
178.0
152.0
150.0
154.0
146.0
185.0
150.0
150.0
180.0
152.0
212.0
152.0
179.0
203.0
155.0
154.0
150.0
205.0
145.0
182.0
147.0
134.0
281.0
152.0
145.0
174.0
153.0
178.0
154.0
181.0
149.0
174.0
151.0
182.0
149.0
150.0
205.0
177.0
146.0
177.0
149.0
149.0
181.0
145.0
150.0
179.0
150.0
177.0
150.0
181.0
203.0
687.0
176.0
142.0
142.0
177.0
146.0
154.0
145.0
180.0
152.0
182.0
205.0
180.0
151.0
180.0
148.0
155.0
154.0
183.0
154.0
181.0
567.0
205.0
150.0
186.0
154.0
149.0
178.0
155.0
154.0
187.0
149.0
149.0
154.0
206.0
157.0
144.0
173.0
153.0
142.0
205.0
146.0
154.0
186.0
146.0
185.0
225.0
180.0
144.0
149.0
187.0
211.0
183.0
148.0
150.0
178.0
153.0
186.0
155.0
180.0
145.0
156.0
187.0
154.0
182.0
148.0
180.0
229.0
182.0
155.0
154.0
182.0
150.0
181.0
151.0
148.0
181.0
205.0
149.0
180.0
204.0
147.0
174.0
144.0
181.0
148.0
150.0
204.0
182.0
152.0
181.0
151.0
181.0
147.0
180.0
252.0
153.0
153.0
186.0
145.0
180.0
149.0
177.0
142.0
178.0
158.0
180.0
142.0
182.0
151.0
181.0
149.0
181.0
202.0
179.0
150.0
183.0
154.0
208.0
183.0
148.0
178.0
146.0
178.0
149.0
180.0
152.0
182.0
152.0
183.0
142.0
178.0
151.0
182.0
154.0
153.0
153.0
177.0
208.0
180.0
153.0
149.0
180.0
148.0
176.0
151.0
144.0
145.0
148.0
144.0
151.0
173.0
145.0
182.0
151.0
187.0
149.0
185.0
147.0
186.0
151.0
173.0
152.0
145.0
148.0
179.0
145.0
184.0
154.0
149.0
182.0
145.0
179.0
153.0
185.0
144.0
149.0
153.0
181.0
204.0
186.0
147.0
378.0
183.0
208.0
181.0
133.0
180.0
149.0
144.0
181.0
149.0
180.0
539.0
181.0
150.0
181.0
210.0
182.0
151.0
182.0
206.0
180.0
202.0
178.0
144.0
203.0
178.0
149.0
178.0
147.0
149.0
147.0
181.0
149.0
179.0
154.0
146.0
153.0
263.0
153.0
133.0
183.0
149.0
177.0
149.0
181.0
147.0
187.0
205.0
183.0
149.0
148.0
154.0
152.0
208.0
184.0
205.0
184.0
148.0
178.0
153.0
178.0
152.0
152.0
148.0
153.0
154.0
178.0
152.0
155.0
152.0
180.0
145.0
179.0
145.0
182.0
138.0
186.0
145.0
177.0
150.0
179.0
389.0
177.0
154.0
180.0
154.0
177.0
149.0
181.0
148.0
180.0
151.0
146.0
146.0
179.0
148.0
180.0
205.0
182.0
141.0
133.0
181.0
140.0
182.0
153.0
185.0
140.0
143.0
155.0
152.0
178.0
148.0
178.0
142.0
145.0
137.0
176.0
150.0
177.0
145.0
176.0
145.0
179.0
149.0
142.0
181.0
145.0
178.0
149.0
149.0
185.0
151.0
183.0
156.0
178.0
152.0
152.0
180.0
149.0
180.0
157.0
182.0
153.0
180.0
145.0
177.0
205.0
153.0
149.0
149.0
181.0
151.0
181.0
150.0
181.0
152.0
180.0
154.0
150.0
145.0
183.0
148.0
288.0
154.0
178.0
154.0
147.0
178.0
304.0
178.0
151.0
180.0
151.0
149.0
157.0
160.0
181.0
151.0
181.0
147.0
142.0
180.0
210.0
175.0
152.0
147.0
181.0
153.0
153.0
177.0
151.0
182.0
152.0
150.0
151.0
183.0
154.0
152.0
176.0
147.0
141.0
180.0
150.0
151.0
181.0
149.0
182.0
290.0
180.0
209.0
138.0
181.0
155.0
148.0
184.0
150.0
175.0
149.0
148.0
177.0
149.0
180.0
148.0
179.0
149.0
180.0
145.0
173.0
204.0
142.0
150.0
184.0
144.0
138.0
210.0
150.0
150.0
147.0
179.0
149.0
182.0
150.0
181.0
146.0
180.0
160.0
151.0
177.0
151.0
206.0
186.0
148.0
151.0
178.0
577.0
184.0
154.0
157.0
150.0
177.0
145.0
178.0
150.0
181.0
138.0
179.0
149.0
181.0
154.0
152.0
180.0
153.0
181.0
149.0
184.0
205.0
185.0
152.0
150.0
154.0
151.0
178.0
148.0
177.0
486.0
148.0
178.0
149.0
184.0
148.0
179.0
146.0
176.0
206.0
152.0
182.0
142.0
178.0
148.0
156.0
147.0
178.0
152.0
150.0
210.0
148.0
142.0
151.0
176.0
144.0
182.0
149.0
180.0
149.0
147.0
180.0
141.0
152.0
179.0
146.0
150.0
155.0
150.0
138.0
178.0
203.0
181.0
152.0
146.0
174.0
148.0
155.0
146.0
156.0
149.0
138.0
184.0
146.0
180.0
146.0
182.0
148.0
149.0
178.0
201.0
218.0
181.0
150.0
149.0
184.0
146.0
185.0
154.0
147.0
179.0
151.0
184.0
146.0
186.0
153.0
213.0
183.0
153.0
146.0
142.0
182.0
149.0
436.0
183.0
156.0
145.0
181.0
153.0
178.0
146.0
180.0
674.0
183.0
152.0
145.0
183.0
151.0
140.0
183.0
151.0
180.0
151.0
181.0
148.0
148.0
176.0
146.0
155.0
148.0
136.0
185.0
146.0
153.0
185.0
145.0
180.0
146.0
154.0
181.0
148.0
198.0
178.0
150.0
150.0
208.0
181.0
149.0
177.0
146.0
178.0
146.0
141.0
178.0
146.0
181.0
205.0
151.0
181.0
145.0
184.0
151.0
138.0
185.0
151.0
150.0
184.0
140.0
180.0
146.0
178.0
146.0
183.0
150.0
179.0
149.0
180.0
154.0
149.0
182.0
139.0
153.0
180.0
146.0
146.0
181.0
149.0
148.0
142.0
182.0
155.0
151.0
146.0
149.0
179.0
208.0
178.0
154.0
180.0
142.0
176.0
153.0
152.0
151.0
151.0
147.0
149.0
177.0
150.0
181.0
146.0
151.0
179.0
152.0
182.0
149.0
149.0
209.0
184.0
150.0
182.0
154.0
140.0
153.0
181.0
154.0
177.0
150.0
154.0
143.0
181.0
149.0
177.0
150.0
152.0
269.0
181.0
147.0
184.0
151.0
178.0
149.0
182.0
154.0
139.0
154.0
185.0
150.0
146.0
177.0
152.0
525.0
182.0
122.0
183.0
285.0
183.0
151.0
262.0
148.0
179.0
152.0
185.0
153.0
148.0
153.0
154.0
180.0
150.0
154.0
181.0
147.0
146.0
179.0
150.0
149.0
174.0
143.0
210.0
179.0
152.0
181.0
150.0
149.0
176.0
153.0
183.0
152.0
210.0
181.0
203.0
182.0
150.0
154.0
182.0
150.0
179.0
206.0
137.0
178.0
208.0
180.0
160.0
147.0
179.0
143.0
184.0
150.0
146.0
154.0
180.0
243.0
180.0
152.0
179.0
149.0
181.0
154.0
144.0
175.0
208.0
178.0
206.0
182.0
151.0
176.0
144.0
176.0
152.0
178.0
146.0
149.0
183.0
151.0
183.0
152.0
151.0
153.0
153.0
183.0
152.0
180.0
151.0
151.0
178.0
146.0
183.0
148.0
178.0
149.0
153.0
152.0
177.0
150.0
180.0
206.0
144.0
151.0
166.0
396.0
183.0
146.0
145.0
180.0
152.0
180.0
148.0
142.0
178.0
146.0
177.0
150.0
178.0
172.0
177.0
144.0
150.0
151.0
179.0
147.0
145.0
182.0
146.0
182.0
213.0
187.0
153.0
146.0
182.0
208.0
178.0
146.0
146.0
152.0
179.0
152.0
146.0
149.0
205.0
152.0
202.0
151.0
173.0
148.0
207.0
179.0
155.0
155.0
181.0
211.0
184.0
205.0
152.0
152.0
152.0
182.0
146.0
152.0
182.0
148.0
152.0
151.0
141.0
152.0
145.0
185.0
204.0
143.0
146.0
146.0
143.0
177.0
152.0
159.0
144.0
180.0
151.0
146.0
150.0
176.0
151.0
179.0
154.0
187.0
149.0
185.0
153.0
180.0
141.0
151.0
182.0
148.0
156.0
177.0
150.0
152.0
185.0
151.0
178.0
151.0
148.0
152.0
183.0
156.0
145.0
182.0
148.0
169.0
156.0
149.0
150.0
151.0
183.0
144.0
183.0
149.0
185.0
146.0
180.0
152.0
182.0
149.0
153.0
182.0
139.0
150.0
152.0
150.0
205.0
153.0
177.0
144.0
176.0
151.0
154.0
181.0
151.0
181.0
203.0
183.0
150.0
180.0
154.0
177.0
156.0
174.0
147.0
179.0
209.0
150.0
182.0
153.0
147.0
179.0
151.0
176.0
149.0
181.0
150.0
174.0
148.0
176.0
145.0
153.0
150.0
151.0
133.0
181.0
151.0
150.0
138.0
149.0
149.0
176.0
150.0
180.0
149.0
148.0
180.0
147.0
181.0
148.0
178.0
154.0
146.0
147.0
170.0
150.0
178.0
148.0
149.0
205.0
176.0
153.0
152.0
178.0
151.0
181.0
206.0
177.0
146.0
151.0
208.0
180.0
406.0
180.0
141.0
178.0
141.0
149.0
155.0
179.0
144.0
179.0
146.0
181.0
150.0
180.0
157.0
138.0
204.0
184.0
152.0
152.0
151.0
149.0
180.0
145.0
151.0
178.0
140.0
180.0
133.0
182.0
148.0
213.0
151.0
177.0
145.0
182.0
150.0
148.0
182.0
157.0
181.0
146.0
186.0
231.0
179.0
153.0
148.0
187.0
149.0
151.0
178.0
150.0
186.0
145.0
183.0
146.0
180.0
151.0
150.0
179.0
152.0
182.0
147.0
157.0
182.0
150.0
182.0
148.0
150.0
149.0
153.0
150.0
153.0
182.0
155.0
148.0
181.0
146.0
180.0
151.0
156.0
180.0
148.0
181.0
148.0
178.0
205.0
146.0
286.0
184.0
154.0
184.0
151.0
181.0
308.0
176.0
145.0
187.0
154.0
204.0
149.0
181.0
145.0
144.0
181.0
149.0
181.0
154.0
175.0
155.0
145.0
208.0
154.0
151.0
142.0
180.0
149.0
137.0
180.0
154.0
147.0
148.0
184.0
152.0
179.0
143.0
156.0
149.0
148.0
185.0
149.0
180.0
157.0
149.0
146.0
181.0
152.0
149.0
152.0
146.0
179.0
145.0
150.0
181.0
154.0
181.0
152.0
150.0
179.0
157.0
141.0
185.0
142.0
149.0
246.0
148.0
177.0
151.0
174.0
150.0
145.0
153.0
181.0
155.0
178.0
148.0
150.0
177.0
155.0
181.0
149.0
150.0
178.0
145.0
183.0
154.0
152.0
178.0
150.0
178.0
146.0
149.0
154.0
186.0
139.0
155.0
180.0
143.0
148.0
150.0
181.0
149.0
208.0
152.0
154.0
153.0
180.0
148.0
178.0
149.0
183.0
210.0
182.0
153.0
151.0
148.0
151.0
152.0
148.0
150.0
206.0
154.0
158.0
178.0
149.0
151.0
148.0
151.0
183.0
145.0
150.0
177.0
149.0
151.0
151.0
181.0
154.0
205.0
154.0
154.0
155.0
176.0
149.0
153.0
182.0
146.0
181.0
152.0
361.0
179.0
153.0
151.0
150.0
183.0
154.0
181.0
109.0
183.0
151.0
207.0
148.0
179.0
151.0
181.0
154.0
574.0
179.0
148.0
389.0
183.0
148.0
147.0
146.0
146.0
181.0
149.0
151.0
152.0
155.0
141.0
181.0
148.0
150.0
181.0
141.0
149.0
149.0
149.0
181.0
150.0
146.0
142.0
181.0
152.0
146.0
148.0
148.0
203.0
182.0
151.0
183.0
148.0
149.0
183.0
203.0
180.0
143.0
146.0
178.0
313.0
154.0
178.0
153.0
181.0
149.0
152.0
144.0
175.0
155.0
177.0
151.0
149.0
153.0
183.0
154.0
178.0
150.0
180.0
150.0
151.0
177.0
208.0
183.0
149.0
146.0
177.0
149.0
177.0
147.0
217.0
176.0
153.0
150.0
181.0
153.0
186.0
154.0
182.0
151.0
154.0
204.0
178.0
148.0
174.0
152.0
153.0
203.0
179.0
150.0
154.0
149.0
150.0
148.0
151.0
134.0
181.0
150.0
147.0
180.0
149.0
150.0
183.0
150.0
133.0
181.0
156.0
151.0
151.0
179.0
148.0
183.0
157.0
153.0
151.0
153.0
154.0
173.0
151.0
181.0
150.0
177.0
154.0
182.0
145.0
185.0
152.0
144.0
150.0
181.0
202.0
148.0
150.0
186.0
153.0
184.0
155.0
148.0
148.0
151.0
178.0
148.0
180.0
146.0
174.0
155.0
177.0
151.0
150.0
122.0
182.0
148.0
149.0
157.0
178.0
156.0
181.0
207.0
176.0
148.0
180.0
147.0
145.0
144.0
149.0
145.0
178.0
150.0
152.0
149.0
184.0
151.0
183.0
150.0
186.0
154.0
185.0
148.0
153.0
175.0
151.0
180.0
152.0
178.0
148.0
176.0
154.0
147.0
180.0
154.0
181.0
151.0
175.0
144.0
184.0
147.0
146.0
149.0
176.0
149.0
153.0
149.0
182.0
149.0
186.0
152.0
153.0
146.0
149.0
146.0
176.0
248.0
149.0
153.0
183.0
153.0
154.0
189.0
152.0
184.0
155.0
266.0
150.0
210.0
183.0
150.0
154.0
152.0
184.0
140.0
148.0
149.0
186.0
146.0
150.0
208.0
187.0
149.0
178.0
208.0
148.0
156.0
186.0
154.0
146.0
150.0
155.0
150.0
151.0
149.0
185.0
146.0
181.0
151.0
144.0
182.0
149.0
146.0
147.0
177.0
202.0
170.0
147.0
178.0
157.0
153.0
150.0
182.0
149.0
146.0
177.0
205.0
150.0
173.0
154.0
202.0
182.0
245.0
152.0
179.0
202.0
160.0
142.0
178.0
151.0
180.0
153.0
183.0
152.0
181.0
152.0
182.0
207.0
181.0
205.0
151.0
179.0
150.0
204.0
209.0
148.0
151.0
180.0
152.0
153.0
208.0
153.0
205.0
183.0
149.0
155.0
183.0
154.0
153.0
155.0
182.0
151.0
186.0
153.0
178.0
152.0
149.0
182.0
148.0
183.0
150.0
153.0
210.0
377.0
205.0
178.0
153.0
182.0
158.0
179.0
203.0
183.0
213.0
184.0
134.0
150.0
186.0
141.0
179.0
151.0
152.0
149.0
160.0
207.0
148.0
221.0
151.0
154.0
180.0
150.0
157.0
177.0
537.0
187.0
211.0
145.0
182.0
149.0
152.0
176.0
144.0
151.0
154.0
150.0
148.0
181.0
153.0
153.0
145.0
149.0
151.0
184.0
146.0
179.0
152.0
184.0
207.0
182.0
150.0
186.0
152.0
179.0
150.0
183.0
143.0
149.0
151.0
212.0
146.0
185.0
148.0
181.0
149.0
245.0
145.0
181.0
153.0
156.0
146.0
209.0
208.0
178.0
155.0
152.0
149.0
178.0
148.0
157.0
179.0
150.0
178.0
205.0
158.0
148.0
185.0
138.0
182.0
155.0
182.0
152.0
181.0
146.0
154.0
183.0
153.0
153.0
187.0
151.0
186.0
149.0
181.0
149.0
148.0
132.0
153.0
185.0
150.0
119.0
183.0
151.0
153.0
178.0
205.0
209.0
185.0
153.0
182.0
152.0
181.0
144.0
180.0
148.0
146.0
150.0
183.0
140.0
154.0
150.0
149.0
208.0
149.0
182.0
153.0
149.0
181.0
152.0
157.0
151.0
137.0
150.0
179.0
153.0
186.0
148.0
182.0
155.0
157.0
183.0
149.0
144.0
148.0
152.0
182.0
154.0
153.0
185.0
317.0
180.0
161.0
154.0
152.0
205.0
183.0
154.0
152.0
187.0
153.0
176.0
149.0
208.0
153.0
149.0
156.0
270.0
185.0
149.0
181.0
153.0
150.0
187.0
149.0
180.0
153.0
158.0
152.0
183.0
209.0
177.0
143.0
150.0
178.0
150.0
178.0
153.0
142.0
150.0
180.0
139.0
179.0
148.0
182.0
141.0
184.0
155.0
180.0
142.0
184.0
145.0
181.0
138.0
182.0
150.0
178.0
151.0
154.0
180.0
208.0
151.0
150.0
146.0
181.0
149.0
174.0
150.0
149.0
148.0
149.0
177.0
253.0
146.0
154.0
182.0
154.0
149.0
181.0
154.0
180.0
148.0
178.0
148.0
138.0
180.0
150.0
183.0
206.0
181.0
150.0
149.0
138.0
212.0
182.0
139.0
153.0
144.0
147.0
151.0
149.0
183.0
145.0
153.0
205.0
150.0
180.0
153.0
154.0
149.0
208.0
205.0
180.0
205.0
181.0
210.0
549.0
181.0
156.0
182.0
155.0
152.0
182.0
146.0
148.0
181.0
153.0
179.0
151.0
178.0
149.0
180.0
150.0
141.0
152.0
147.0
178.0
244.0
183.0
150.0
146.0
151.0
152.0
179.0
208.0
183.0
152.0
180.0
148.0
187.0
149.0
152.0
181.0
146.0
181.0
156.0
185.0
153.0
147.0
142.0
151.0
183.0
153.0
130.0
156.0
181.0
150.0
176.0
209.0
180.0
144.0
181.0
153.0
176.0
154.0
184.0
150.0
202.0
183.0
157.0
181.0
149.0
180.0
150.0
150.0
182.0
148.0
152.0
146.0
157.0
180.0
157.0
179.0
153.0
180.0
149.0
179.0
144.0
180.0
145.0
138.0
182.0
151.0
186.0
146.0
184.0
148.0
178.0
202.0
151.0
187.0
148.0
180.0
205.0
149.0
183.0
145.0
185.0
153.0
151.0
150.0
180.0
157.0
154.0
179.0
154.0
181.0
200.0
177.0
146.0
180.0
150.0
202.0
152.0
207.0
184.0
151.0
181.0
158.0
211.0
183.0
137.0
153.0
184.0
205.0
202.0
182.0
150.0
191.0
150.0
185.0
152.0
178.0
153.0
183.0
627.0
181.0
152.0
185.0
150.0
179.0
150.0
150.0
182.0
211.0
147.0
177.0
157.0
139.0
183.0
155.0
182.0
153.0
183.0
149.0
178.0
146.0
141.0
151.0
178.0
148.0
176.0
150.0
153.0
183.0
143.0
150.0
148.0
208.0
182.0
150.0
182.0
152.0
184.0
134.0
178.0
151.0
149.0
155.0
150.0
142.0
150.0
203.0
182.0
151.0
145.0
153.0
180.0
147.0
181.0
151.0
145.0
152.0
181.0
142.0
145.0
180.0
141.0
183.0
152.0
204.0
154.0
186.0
154.0
181.0
150.0
151.0
143.0
181.0
154.0
151.0
149.0
153.0
152.0
180.0
145.0
180.0
149.0
178.0
149.0
153.0
183.0
152.0
149.0
180.0
157.0
182.0
156.0
150.0
149.0
181.0
168.0
149.0
148.0
151.0
183.0
152.0
182.0
153.0
178.0
201.0
151.0
180.0
148.0
149.0
138.0
180.0
152.0
177.0
151.0
183.0
150.0
182.0
152.0
154.0
152.0
154.0
184.0
149.0
179.0
150.0
148.0
178.0
151.0
175.0
415.0
179.0
149.0
184.0
153.0
150.0
155.0
149.0
208.0
176.0
138.0
178.0
150.0
153.0
152.0
153.0
178.0
149.0
150.0
181.0
154.0
180.0
146.0
182.0
152.0
152.0
154.0
203.0
179.0
206.0
154.0
149.0
181.0
153.0
147.0
174.0
149.0
142.0
154.0
178.0
149.0
179.0
156.0
153.0
150.0
178.0
154.0
148.0
177.0
149.0
172.0
155.0
179.0
148.0
148.0
182.0
146.0
185.0
146.0
180.0
151.0
150.0
176.0
146.0
180.0
149.0
184.0
145.0
181.0
150.0
181.0
149.0
182.0
148.0
178.0
150.0
184.0
145.0
184.0
143.0
181.0
150.0
148.0
180.0
150.0
146.0
179.0
152.0
184.0
144.0
133.0
154.0
176.0
147.0
145.0
152.0
146.0
184.0
149.0
154.0
180.0
151.0
180.0
144.0
175.0
149.0
181.0
148.0
180.0
154.0
184.0
148.0
141.0
182.0
143.0
151.0
153.0
144.0
148.0
177.0
150.0
182.0
205.0
173.0
146.0
153.0
183.0
153.0
151.0
149.0
155.0
149.0
146.0
151.0
149.0
181.0
150.0
181.0
148.0
152.0
181.0
146.0
181.0
151.0
182.0
149.0
180.0
154.0
181.0
145.0
180.0
154.0
149.0
151.0
183.0
132.0
179.0
156.0
155.0
184.0
151.0
178.0
149.0
185.0
149.0
181.0
149.0
154.0
145.0
178.0
152.0
187.0
149.0
179.0
461.0
187.0
206.0
175.0
151.0
185.0
145.0
177.0
139.0
188.0
143.0
151.0
255.0
182.0
149.0
183.0
134.0
177.0
209.0
148.0
180.0
149.0
151.0
177.0
149.0
150.0
182.0
207.0
181.0
209.0
187.0
141.0
147.0
176.0
152.0
145.0
152.0
178.0
145.0
206.0
179.0
152.0
149.0
150.0
180.0
149.0
155.0
157.0
153.0
