172.0
156.0
162.0
165.0
167.0
195.0
160.0
194.0
162.0
194.0
160.0
156.0
163.0
187.0
156.0
197.0
157.0
190.0
187.0
164.0
191.0
221.0
190.0
162.0
214.0
157.0
159.0
192.0
165.0
157.0
190.0
239.0
149.0
162.0
190.0
162.0
190.0
162.0
196.0
160.0
197.0
160.0
195.0
161.0
190.0
159.0
195.0
162.0
193.0
158.0
153.0
156.0
198.0
157.0
194.0
157.0
185.0
164.0
159.0
522.0
198.0
152.0
157.0
162.0
189.0
157.0
170.0
192.0
162.0
162.0
155.0
212.0
194.0
162.0
160.0
169.0
192.0
160.0
185.0
162.0
194.0
161.0
194.0
163.0
161.0
157.0
189.0
165.0
196.0
157.0
191.0
150.0
192.0
157.0
192.0
161.0
196.0
158.0
160.0
194.0
160.0
164.0
192.0
162.0
196.0
165.0
195.0
170.0
196.0
157.0
190.0
164.0
161.0
195.0
160.0
193.0
165.0
194.0
158.0
189.0
158.0
192.0
162.0
193.0
160.0
165.0
189.0
150.0
190.0
160.0
194.0
165.0
161.0
189.0
153.0
194.0
162.0
197.0
168.0
197.0
157.0
158.0
160.0
190.0
162.0
172.0
159.0
187.0
160.0
160.0
194.0
158.0
192.0
153.0
187.0
168.0
187.0
155.0
270.0
194.0
160.0
186.0
160.0
158.0
163.0
194.0
169.0
188.0
159.0
205.0
193.0
157.0
191.0
157.0
191.0
158.0
195.0
346.0
194.0
165.0
194.0
169.0
197.0
208.0
200.0
158.0
162.0
190.0
157.0
184.0
165.0
197.0
160.0
197.0
475.0
191.0
161.0
156.0
188.0
157.0
191.0
164.0
154.0
186.0
153.0
192.0
217.0
193.0
156.0
191.0
159.0
192.0
158.0
199.0
161.0
193.0
161.0
192.0
161.0
165.0
194.0
160.0
189.0
162.0
181.0
160.0
197.0
165.0
201.0
157.0
187.0
162.0
192.0
162.0
193.0
160.0
235.0
198.0
157.0
162.0
162.0
169.0
150.0
198.0
162.0
160.0
160.0
228.0
155.0
163.0
194.0
162.0
573.0
162.0
160.0
189.0
162.0
191.0
154.0
198.0
163.0
193.0
218.0
198.0
164.0
162.0
193.0
160.0
196.0
158.0
190.0
162.0
190.0
160.0
195.0
162.0
189.0
164.0
192.0
158.0
163.0
191.0
158.0
200.0
152.0
160.0
197.0
164.0
196.0
165.0
200.0
161.0
196.0
164.0
198.0
155.0
158.0
162.0
160.0
190.0
165.0
195.0
161.0
160.0
164.0
165.0
199.0
151.0
197.0
154.0
161.0
189.0
161.0
198.0
162.0
197.0
156.0
196.0
166.0
191.0
163.0
188.0
155.0
189.0
156.0
162.0
156.0
194.0
210.0
163.0
191.0
167.0
166.0
186.0
165.0
191.0
159.0
196.0
165.0
160.0
211.0
195.0
216.0
160.0
186.0
157.0
192.0
162.0
194.0
164.0
153.0
158.0
149.0
162.0
157.0
191.0
162.0
187.0
160.0
187.0
164.0
194.0
157.0
194.0
157.0
200.0
164.0
197.0
165.0
154.0
160.0
164.0
157.0
196.0
154.0
161.0
185.0
158.0
193.0
163.0
193.0
158.0
160.0
160.0
162.0
196.0
160.0
196.0
158.0
192.0
160.0
160.0
190.0
151.0
162.0
196.0
146.0
189.0
161.0
164.0
166.0
160.0
191.0
157.0
194.0
158.0
194.0
163.0
194.0
165.0
243.0
157.0
164.0
163.0
187.0
162.0
208.0
186.0
149.0
185.0
163.0
162.0
193.0
164.0
193.0
313.0
190.0
163.0
194.0
209.0
191.0
164.0
160.0
189.0
155.0
186.0
152.0
155.0
193.0
162.0
194.0
165.0
188.0
154.0
192.0
206.0
193.0
160.0
155.0
191.0
159.0
192.0
150.0
168.0
195.0
204.0
596.0
160.0
158.0
193.0
160.0
162.0
136.0
194.0
161.0
157.0
217.0
157.0
190.0
165.0
195.0
163.0
197.0
154.0
160.0
197.0
146.0
196.0
160.0
148.0
157.0
192.0
159.0
144.0
193.0
167.0
273.0
159.0
165.0
152.0
601.0
190.0
155.0
165.0
194.0
163.0
162.0
191.0
163.0
209.0
195.0
149.0
189.0
163.0
161.0
196.0
162.0
187.0
162.0
153.0
158.0
221.0
162.0
186.0
162.0
162.0
194.0
160.0
166.0
195.0
143.0
191.0
150.0
193.0
162.0
191.0
160.0
153.0
196.0
157.0
166.0
164.0
198.0
165.0
187.0
162.0
191.0
142.0
194.0
153.0
165.0
195.0
155.0
156.0
190.0
160.0
188.0
160.0
198.0
152.0
190.0
160.0
168.0
162.0
166.0
196.0
164.0
163.0
155.0
192.0
165.0
194.0
154.0
183.0
146.0
162.0
196.0
166.0
192.0
150.0
164.0
157.0
189.0
157.0
156.0
198.0
160.0
185.0
163.0
193.0
165.0
155.0
188.0
160.0
187.0
164.0
189.0
161.0
195.0
162.0
160.0
196.0
160.0
196.0
164.0
160.0
193.0
164.0
197.0
153.0
189.0
157.0
194.0
164.0
161.0
186.0
162.0
164.0
191.0
162.0
189.0
157.0
191.0
158.0
194.0
158.0
153.0
158.0
191.0
165.0
193.0
162.0
168.0
197.0
160.0
159.0
188.0
160.0
149.0
190.0
154.0
197.0
154.0
186.0
156.0
712.0
190.0
156.0
161.0
159.0
158.0
158.0
155.0
188.0
160.0
196.0
167.0
164.0
198.0
161.0
160.0
166.0
201.0
162.0
190.0
256.0
161.0
157.0
186.0
162.0
156.0
155.0
197.0
166.0
192.0
159.0
156.0
163.0
188.0
161.0
157.0
149.0
194.0
160.0
198.0
155.0
162.0
197.0
168.0
186.0
162.0
192.0
160.0
192.0
213.0
196.0
160.0
193.0
152.0
160.0
191.0
158.0
165.0
198.0
158.0
194.0
154.0
168.0
190.0
164.0
197.0
162.0
168.0
170.0
170.0
197.0
160.0
185.0
155.0
194.0
157.0
190.0
157.0
193.0
163.0
160.0
190.0
155.0
161.0
194.0
160.0
190.0
163.0
195.0
163.0
191.0
161.0
152.0
215.0
200.0
156.0
194.0
164.0
191.0
156.0
197.0
152.0
194.0
157.0
200.0
152.0
160.0
162.0
192.0
160.0
191.0
164.0
164.0
192.0
164.0
160.0
190.0
164.0
193.0
293.0
147.0
196.0
165.0
193.0
157.0
161.0
161.0
163.0
194.0
159.0
192.0
150.0
190.0
154.0
187.0
161.0
202.0
160.0
166.0
165.0
151.0
157.0
194.0
155.0
160.0
189.0
160.0
188.0
165.0
193.0
154.0
161.0
191.0
228.0
155.0
191.0
160.0
189.0
162.0
162.0
193.0
155.0
190.0
163.0
154.0
190.0
167.0
157.0
155.0
189.0
161.0
162.0
196.0
155.0
285.0
157.0
193.0
163.0
194.0
186.0
160.0
196.0
161.0
160.0
193.0
160.0
163.0
157.0
164.0
198.0
164.0
161.0
160.0
373.0
165.0
166.0
200.0
168.0
197.0
166.0
197.0
166.0
192.0
152.0
193.0
160.0
193.0
166.0
196.0
158.0
190.0
163.0
160.0
158.0
160.0
196.0
162.0
194.0
164.0
192.0
214.0
185.0
166.0
186.0
162.0
161.0
164.0
191.0
162.0
188.0
162.0
202.0
154.0
188.0
162.0
186.0
157.0
163.0
190.0
162.0
188.0
162.0
200.0
164.0
162.0
189.0
165.0
208.0
194.0
155.0
196.0
160.0
190.0
161.0
194.0
167.0
188.0
162.0
154.0
189.0
165.0
185.0
158.0
192.0
152.0
187.0
165.0
193.0
162.0
187.0
157.0
150.0
194.0
150.0
194.0
317.0
166.0
162.0
160.0
190.0
155.0
154.0
193.0
156.0
192.0
158.0
191.0
160.0
159.0
161.0
168.0
200.0
171.0
193.0
170.0
198.0
158.0
164.0
197.0
163.0
193.0
158.0
194.0
156.0
193.0
168.0
158.0
169.0
200.0
168.0
190.0
154.0
209.0
190.0
165.0
193.0
166.0
168.0
192.0
163.0
193.0
164.0
189.0
160.0
192.0
203.0
154.0
197.0
154.0
188.0
165.0
195.0
162.0
162.0
159.0
189.0
165.0
199.0
154.0
193.0
155.0
210.0
159.0
158.0
194.0
169.0
191.0
164.0
198.0
162.0
162.0
162.0
189.0
161.0
164.0
163.0
192.0
157.0
161.0
192.0
162.0
190.0
160.0
160.0
288.0
146.0
199.0
206.0
198.0
161.0
197.0
165.0
197.0
168.0
154.0
204.0
188.0
165.0
192.0
142.0
604.0
196.0
158.0
192.0
155.0
194.0
161.0
197.0
168.0
161.0
194.0
161.0
189.0
160.0
195.0
161.0
165.0
169.0
389.0
193.0
162.0
186.0
161.0
210.0
190.0
163.0
195.0
154.0
192.0
166.0
165.0
190.0
162.0
201.0
166.0
193.0
152.0
160.0
189.0
154.0
196.0
162.0
185.0
159.0
153.0
193.0
160.0
162.0
156.0
190.0
162.0
158.0
189.0
157.0
141.0
187.0
156.0
197.0
164.0
166.0
168.0
224.0
162.0
196.0
160.0
190.0
168.0
202.0
165.0
165.0
187.0
168.0
152.0
194.0
156.0
196.0
157.0
163.0
186.0
206.0
186.0
156.0
192.0
155.0
185.0
162.0
197.0
161.0
202.0
162.0
190.0
248.0
165.0
160.0
191.0
148.0
192.0
154.0
199.0
168.0
213.0
160.0
165.0
206.0
191.0
160.0
158.0
165.0
199.0
165.0
190.0
155.0
189.0
158.0
188.0
201.0
189.0
149.0
197.0
168.0
195.0
158.0
155.0
194.0
158.0
160.0
185.0
162.0
198.0
154.0
192.0
160.0
193.0
160.0
162.0
147.0
197.0
165.0
194.0
162.0
187.0
154.0
197.0
164.0
194.0
223.0
199.0
160.0
188.0
220.0
194.0
164.0
192.0
168.0
194.0
162.0
166.0
200.0
164.0
193.0
149.0
160.0
161.0
197.0
164.0
212.0
195.0
160.0
193.0
166.0
190.0
157.0
156.0
157.0
188.0
164.0
162.0
189.0
160.0
187.0
152.0
156.0
162.0
193.0
224.0
215.0
199.0
153.0
193.0
158.0
189.0
151.0
194.0
167.0
197.0
161.0
194.0
157.0
165.0
194.0
156.0
150.0
192.0
216.0
160.0
169.0
162.0
165.0
195.0
162.0
161.0
196.0
158.0
189.0
151.0
193.0
158.0
193.0
165.0
195.0
166.0
193.0
166.0
161.0
189.0
160.0
200.0
153.0
189.0
164.0
196.0
161.0
164.0
161.0
163.0
162.0
187.0
163.0
194.0
231.0
194.0
151.0
189.0
157.0
160.0
148.0
158.0
191.0
160.0
165.0
191.0
164.0
193.0
158.0
156.0
157.0
166.0
162.0
195.0
152.0
158.0
197.0
154.0
194.0
162.0
194.0
152.0
195.0
161.0
165.0
156.0
192.0
151.0
195.0
157.0
163.0
155.0
171.0
191.0
166.0
192.0
157.0
160.0
185.0
166.0
161.0
194.0
162.0
164.0
149.0
160.0
201.0
166.0
190.0
167.0
194.0
155.0
161.0
161.0
134.0
191.0
289.0
169.0
168.0
162.0
190.0
157.0
189.0
169.0
197.0
162.0
160.0
154.0
159.0
202.0
152.0
162.0
157.0
196.0
162.0
195.0
154.0
159.0
189.0
160.0
191.0
157.0
161.0
162.0
187.0
163.0
196.0
162.0
202.0
205.0
149.0
160.0
189.0
155.0
160.0
163.0
191.0
357.0
162.0
198.0
163.0
164.0
162.0
163.0
160.0
161.0
194.0
169.0
154.0
194.0
155.0
445.0
157.0
191.0
163.0
161.0
157.0
158.0
192.0
163.0
190.0
154.0
168.0
194.0
154.0
153.0
189.0
164.0
197.0
158.0
194.0
212.0
160.0
163.0
160.0
165.0
161.0
189.0
166.0
158.0
197.0
161.0
168.0
187.0
155.0
191.0
162.0
162.0
204.0
192.0
157.0
152.0
190.0
157.0
197.0
155.0
164.0
162.0
159.0
192.0
158.0
154.0
195.0
160.0
166.0
146.0
196.0
161.0
155.0
193.0
160.0
200.0
160.0
197.0
164.0
148.0
189.0
161.0
193.0
162.0
196.0
153.0
190.0
165.0
186.0
163.0
306.0
189.0
152.0
157.0
227.0
193.0
166.0
194.0
158.0
159.0
196.0
154.0
157.0
206.0
160.0
160.0
160.0
196.0
165.0
153.0
190.0
163.0
188.0
168.0
188.0
157.0
155.0
191.0
157.0
154.0
169.0
437.0
194.0
165.0
157.0
148.0
196.0
156.0
158.0
193.0
153.0
162.0
195.0
156.0
192.0
153.0
190.0
153.0
154.0
154.0
157.0
192.0
154.0
197.0
581.0
163.0
194.0
156.0
244.0
157.0
192.0
160.0
165.0
193.0
162.0
163.0
215.0
191.0
157.0
157.0
256.0
160.0
191.0
155.0
165.0
187.0
161.0
155.0
197.0
158.0
186.0
161.0
190.0
158.0
152.0
194.0
157.0
194.0
148.0
188.0
158.0
162.0
199.0
158.0
160.0
192.0
162.0
193.0
162.0
200.0
157.0
160.0
189.0
162.0
193.0
157.0
195.0
166.0
197.0
157.0
155.0
193.0
161.0
186.0
154.0
156.0
160.0
157.0
193.0
162.0
162.0
210.0
197.0
162.0
159.0
154.0
158.0
194.0
155.0
162.0
161.0
193.0
157.0
158.0
164.0
216.0
162.0
161.0
474.0
193.0
160.0
155.0
190.0
165.0
196.0
165.0
157.0
192.0
160.0
194.0
160.0
169.0
189.0
157.0
218.0
192.0
158.0
197.0
158.0
196.0
210.0
169.0
189.0
157.0
190.0
130.0
196.0
157.0
186.0
161.0
190.0
302.0
193.0
161.0
186.0
157.0
162.0
198.0
165.0
193.0
160.0
190.0
161.0
165.0
193.0
167.0
193.0
164.0
193.0
160.0
164.0
194.0
157.0
162.0
195.0
155.0
189.0
153.0
191.0
157.0
190.0
578.0
197.0
164.0
193.0
154.0
160.0
163.0
150.0
162.0
212.0
196.0
164.0
193.0
172.0
189.0
158.0
196.0
158.0
195.0
152.0
162.0
193.0
153.0
192.0
157.0
192.0
156.0
196.0
150.0
162.0
198.0
162.0
162.0
189.0
147.0
190.0
158.0
162.0
191.0
163.0
191.0
165.0
157.0
189.0
154.0
153.0
161.0
189.0
159.0
194.0
165.0
193.0
162.0
164.0
195.0
165.0
187.0
162.0
198.0
160.0
189.0
156.0
195.0
163.0
197.0
150.0
167.0
193.0
158.0
191.0
160.0
191.0
161.0
193.0
165.0
158.0
160.0
196.0
161.0
165.0
160.0
163.0
188.0
159.0
162.0
162.0
194.0
165.0
194.0
157.0
191.0
156.0
192.0
157.0
199.0
205.0
189.0
162.0
187.0
157.0
153.0
196.0
161.0
153.0
190.0
158.0
162.0
164.0
153.0
198.0
165.0
196.0
168.0
193.0
163.0
166.0
195.0
164.0
190.0
163.0
193.0
147.0
188.0
168.0
197.0
163.0
188.0
163.0
190.0
157.0
194.0
161.0
186.0
136.0
192.0
166.0
172.0
159.0
162.0
165.0
164.0
162.0
157.0
193.0
151.0
196.0
163.0
144.0
168.0
196.0
159.0
160.0
190.0
165.0
192.0
163.0
200.0
165.0
166.0
196.0
161.0
189.0
165.0
196.0
162.0
162.0
198.0
157.0
193.0
167.0
195.0
167.0
161.0
147.0
154.0
191.0
156.0
188.0
159.0
192.0
144.0
200.0
159.0
198.0
162.0
189.0
161.0
189.0
163.0
197.0
166.0
191.0
160.0
190.0
165.0
162.0
198.0
169.0
158.0
161.0
191.0
162.0
198.0
153.0
186.0
143.0
199.0
166.0
197.0
157.0
168.0
210.0
190.0
157.0
193.0
158.0
195.0
156.0
189.0
163.0
152.0
168.0
157.0
186.0
165.0
192.0
159.0
196.0
157.0
158.0
190.0
162.0
196.0
166.0
197.0
166.0
191.0
144.0
197.0
168.0
164.0
156.0
187.0
162.0
164.0
191.0
162.0
161.0
190.0
161.0
189.0
160.0
198.0
164.0
198.0
162.0
190.0
165.0
153.0
160.0
141.0
160.0
189.0
162.0
160.0
191.0
164.0
158.0
194.0
165.0
194.0
160.0
191.0
162.0
189.0
155.0
161.0
160.0
160.0
157.0
166.0
191.0
166.0
157.0
195.0
162.0
192.0
212.0
187.0
166.0
196.0
149.0
162.0
162.0
196.0
158.0
164.0
194.0
149.0
154.0
191.0
165.0
197.0
163.0
197.0
161.0
155.0
154.0
192.0
163.0
159.0
158.0
162.0
193.0
163.0
189.0
161.0
194.0
165.0
197.0
164.0
189.0
218.0
192.0
152.0
199.0
166.0
191.0
160.0
202.0
160.0
158.0
164.0
157.0
162.0
161.0
191.0
161.0
161.0
165.0
155.0
194.0
160.0
194.0
152.0
194.0
163.0
200.0
150.0
200.0
164.0
189.0
161.0
191.0
212.0
163.0
195.0
161.0
200.0
160.0
192.0
157.0
194.0
157.0
199.0
154.0
187.0
160.0
194.0
158.0
193.0
151.0
192.0
218.0
162.0
196.0
156.0
190.0
160.0
418.0
156.0
197.0
150.0
158.0
190.0
157.0
197.0
167.0
194.0
161.0
189.0
150.0
164.0
162.0
160.0
167.0
197.0
227.0
191.0
160.0
186.0
156.0
190.0
206.0
189.0
169.0
157.0
158.0
189.0
164.0
200.0
157.0
163.0
191.0
160.0
196.0
156.0
195.0
163.0
166.0
194.0
160.0
196.0
165.0
161.0
191.0
156.0
172.0
157.0
157.0
157.0
182.0
245.0
193.0
168.0
198.0
153.0
157.0
195.0
148.0
196.0
157.0
170.0
197.0
165.0
161.0
194.0
161.0
196.0
215.0
162.0
190.0
163.0
193.0
158.0
185.0
157.0
157.0
162.0
155.0
163.0
192.0
165.0
197.0
213.0
190.0
154.0
197.0
163.0
195.0
160.0
193.0
157.0
192.0
162.0
193.0
160.0
198.0
154.0
190.0
157.0
193.0
157.0
189.0
164.0
197.0
157.0
161.0
194.0
160.0
193.0
162.0
160.0
192.0
157.0
192.0
165.0
194.0
138.0
194.0
158.0
190.0
162.0
193.0
162.0
157.0
270.0
161.0
194.0
164.0
189.0
154.0
159.0
187.0
169.0
190.0
161.0
190.0
160.0
193.0
149.0
189.0
169.0
193.0
158.0
165.0
155.0
398.0
202.0
164.0
196.0
161.0
191.0
160.0
158.0
160.0
164.0
197.0
161.0
156.0
153.0
162.0
189.0
337.0
165.0
155.0
187.0
149.0
194.0
159.0
182.0
208.0
166.0
196.0
156.0
191.0
160.0
199.0
157.0
191.0
164.0
160.0
153.0
165.0
196.0
160.0
153.0
190.0
160.0
155.0
192.0
210.0
160.0
161.0
190.0
155.0
197.0
160.0
194.0
157.0
161.0
194.0
167.0
189.0
157.0
190.0
162.0
164.0
162.0
200.0
165.0
195.0
163.0
162.0
194.0
158.0
165.0
162.0
161.0
196.0
153.0
193.0
240.0
190.0
165.0
189.0
160.0
189.0
161.0
166.0
193.0
163.0
194.0
161.0
194.0
160.0
189.0
162.0
157.0
196.0
157.0
150.0
200.0
161.0
198.0
614.0
193.0
154.0
161.0
189.0
170.0
168.0
162.0
154.0
159.0
195.0
171.0
161.0
187.0
164.0
185.0
157.0
192.0
160.0
196.0
160.0
195.0
161.0
198.0
158.0
202.0
156.0
166.0
189.0
158.0
189.0
154.0
193.0
158.0
196.0
160.0
164.0
195.0
161.0
162.0
190.0
157.0
186.0
162.0
190.0
162.0
164.0
186.0
157.0
187.0
166.0
191.0
156.0
201.0
161.0
157.0
154.0
187.0
163.0
161.0
198.0
162.0
164.0
204.0
159.0
165.0
193.0
154.0
193.0
158.0
153.0
161.0
195.0
160.0
187.0
156.0
190.0
155.0
160.0
190.0
166.0
196.0
157.0
153.0
166.0
196.0
165.0
167.0
199.0
160.0
158.0
158.0
166.0
162.0
164.0
154.0
160.0
194.0
163.0
160.0
167.0
186.0
154.0
162.0
197.0
149.0
187.0
161.0
180.0
167.0
160.0
162.0
191.0
162.0
193.0
160.0
162.0
196.0
152.0
160.0
156.0
191.0
165.0
200.0
160.0
188.0
149.0
189.0
162.0
197.0
164.0
194.0
166.0
197.0
155.0
191.0
234.0
161.0
197.0
161.0
165.0
190.0
163.0
190.0
163.0
157.0
155.0
189.0
158.0
154.0
185.0
164.0
195.0
158.0
158.0
195.0
160.0
190.0
147.0
196.0
160.0
162.0
200.0
155.0
217.0
157.0
157.0
161.0
189.0
145.0
193.0
160.0
162.0
194.0
160.0
189.0
168.0
195.0
162.0
170.0
156.0
160.0
153.0
164.0
194.0
158.0
156.0
239.0
156.0
155.0
189.0
164.0
191.0
217.0
158.0
189.0
162.0
157.0
164.0
162.0
160.0
193.0
163.0
151.0
195.0
165.0
154.0
191.0
156.0
109.0
160.0
190.0
166.0
162.0
189.0
158.0
187.0
157.0
156.0
190.0
154.0
193.0
160.0
193.0
150.0
186.0
173.0
160.0
166.0
194.0
162.0
194.0
264.0
186.0
161.0
165.0
165.0
187.0
160.0
156.0
157.0
188.0
158.0
152.0
163.0
196.0
156.0
165.0
165.0
196.0
154.0
168.0
163.0
197.0
164.0
158.0
160.0
193.0
163.0
160.0
155.0
192.0
154.0
151.0
194.0
160.0
192.0
138.0
197.0
561.0
187.0
165.0
155.0
195.0
165.0
157.0
188.0
162.0
195.0
205.0
161.0
193.0
165.0
160.0
160.0
150.0
163.0
194.0
160.0
194.0
158.0
156.0
158.0
193.0
163.0
160.0
150.0
166.0
158.0
190.0
484.0
190.0
161.0
168.0
213.0
187.0
163.0
196.0
161.0
158.0
198.0
157.0
194.0
155.0
162.0
154.0
160.0
188.0
162.0
194.0
162.0
192.0
158.0
162.0
146.0
188.0
163.0
160.0
190.0
163.0
188.0
170.0
173.0
199.0
154.0
201.0
154.0
142.0
190.0
161.0
145.0
157.0
194.0
245.0
197.0
151.0
196.0
162.0
195.0
212.0
190.0
167.0
197.0
164.0
194.0
162.0
158.0
167.0
192.0
160.0
162.0
165.0
148.0
196.0
168.0
162.0
189.0
162.0
162.0
195.0
210.0
156.0
186.0
162.0
194.0
202.0
187.0
166.0
200.0
158.0
194.0
166.0
162.0
200.0
157.0
158.0
155.0
163.0
160.0
162.0
191.0
168.0
192.0
160.0
190.0
257.0
193.0
161.0
195.0
146.0
193.0
153.0
193.0
163.0
146.0
193.0
159.0
157.0
168.0
161.0
187.0
161.0
165.0
198.0
167.0
165.0
196.0
160.0
196.0
155.0
188.0
162.0
163.0
161.0
194.0
162.0
190.0
149.0
187.0
160.0
194.0
166.0
187.0
153.0
161.0
194.0
163.0
162.0
190.0
418.0
189.0
158.0
185.0
162.0
194.0
160.0
159.0
154.0
158.0
160.0
189.0
165.0
195.0
165.0
194.0
160.0
195.0
161.0
158.0
196.0
157.0
166.0
160.0
197.0
156.0
154.0
164.0
160.0
192.0
162.0
196.0
154.0
193.0
161.0
191.0
162.0
160.0
161.0
196.0
152.0
189.0
157.0
164.0
194.0
160.0
164.0
193.0
158.0
197.0
212.0
161.0
190.0
164.0
166.0
166.0
195.0
137.0
197.0
160.0
192.0
157.0
514.0
365.0
160.0
196.0
156.0
163.0
149.0
159.0
190.0
162.0
160.0
190.0
159.0
195.0
162.0
167.0
160.0
192.0
161.0
192.0
165.0
151.0
195.0
162.0
195.0
162.0
192.0
163.0
192.0
155.0
156.0
158.0
191.0
165.0
198.0
154.0
158.0
191.0
162.0
193.0
160.0
194.0
157.0
193.0
161.0
196.0
158.0
160.0
160.0
194.0
162.0
197.0
165.0
192.0
160.0
162.0
194.0
169.0
137.0
191.0
162.0
200.0
164.0
153.0
154.0
158.0
197.0
164.0
194.0
163.0
160.0
164.0
157.0
164.0
192.0
162.0
194.0
160.0
194.0
165.0
159.0
157.0
193.0
158.0
186.0
157.0
191.0
161.0
196.0
164.0
161.0
192.0
164.0
190.0
165.0
160.0
191.0
162.0
187.0
151.0
193.0
164.0
161.0
194.0
154.0
155.0
160.0
155.0
162.0
192.0
157.0
197.0
164.0
191.0
162.0
194.0
153.0
144.0
160.0
193.0
162.0
200.0
158.0
191.0
163.0
189.0
159.0
158.0
190.0
156.0
187.0
150.0
159.0
191.0
168.0
186.0
162.0
196.0
160.0
157.0
194.0
164.0
187.0
164.0
194.0
163.0
194.0
160.0
193.0
160.0
193.0
160.0
194.0
161.0
194.0
164.0
160.0
187.0
158.0
163.0
185.0
162.0
215.0
164.0
197.0
165.0
186.0
161.0
198.0
162.0
162.0
160.0
188.0
164.0
193.0
153.0
162.0
158.0
196.0
157.0
165.0
197.0
165.0
158.0
194.0
204.0
162.0
141.0
185.0
137.0
157.0
189.0
155.0
160.0
191.0
161.0
162.0
197.0
157.0
160.0
190.0
165.0
158.0
194.0
157.0
576.0
193.0
161.0
191.0
166.0
193.0
166.0
158.0
162.0
161.0
195.0
160.0
166.0
192.0
160.0
186.0
166.0
190.0
149.0
195.0
157.0
153.0
196.0
153.0
150.0
193.0
161.0
194.0
141.0
165.0
164.0
194.0
168.0
192.0
161.0
192.0
162.0
197.0
165.0
160.0
189.0
166.0
198.0
164.0
194.0
157.0
155.0
194.0
168.0
152.0
192.0
161.0
192.0
168.0
195.0
160.0
197.0
157.0
160.0
164.0
189.0
165.0
160.0
158.0
158.0
155.0
158.0
197.0
154.0
162.0
163.0
194.0
146.0
157.0
193.0
153.0
191.0
163.0
162.0
188.0
165.0
189.0
164.0
196.0
165.0
155.0
190.0
164.0
195.0
152.0
191.0
163.0
197.0
155.0
190.0
161.0
212.0
161.0
198.0
160.0
164.0
194.0
164.0
194.0
161.0
211.0
192.0
160.0
187.0
154.0
190.0
157.0
190.0
160.0
200.0
164.0
198.0
157.0
192.0
367.0
194.0
154.0
196.0
162.0
193.0
162.0
164.0
191.0
162.0
191.0
150.0
194.0
140.0
194.0
155.0
158.0
198.0
165.0
195.0
157.0
161.0
190.0
165.0
196.0
161.0
196.0
166.0
152.0
198.0
152.0
163.0
196.0
157.0
166.0
162.0
218.0
159.0
194.0
217.0
157.0
161.0
197.0
160.0
193.0
160.0
160.0
198.0
162.0
154.0
185.0
162.0
192.0
162.0
152.0
165.0
189.0
160.0
146.0
191.0
157.0
195.0
160.0
189.0
144.0
193.0
160.0
193.0
162.0
187.0
166.0
160.0
169.0
194.0
155.0
164.0
198.0
149.0
154.0
162.0
190.0
157.0
198.0
164.0
188.0
160.0
187.0
162.0
164.0
162.0
198.0
158.0
195.0
169.0
156.0
187.0
155.0
162.0
193.0
154.0
194.0
157.0
190.0
149.0
162.0
193.0
161.0
157.0
158.0
187.0
160.0
117.0
200.0
146.0
164.0
194.0
161.0
165.0
198.0
157.0
404.0
165.0
156.0
157.0
168.0
158.0
189.0
161.0
196.0
160.0
558.0
190.0
162.0
292.0
181.0
161.0
193.0
162.0
191.0
156.0
198.0
161.0
192.0
207.0
191.0
163.0
191.0
159.0
165.0
161.0
153.0
160.0
156.0
161.0
194.0
154.0
144.0
162.0
198.0
158.0
187.0
162.0
160.0
612.0
190.0
160.0
194.0
161.0
154.0
198.0
157.0
160.0
163.0
152.0
157.0
156.0
193.0
163.0
191.0
161.0
193.0
155.0
190.0
160.0
197.0
162.0
154.0
157.0
184.0
155.0
193.0
146.0
160.0
211.0
160.0
189.0
166.0
227.0
193.0
169.0
201.0
161.0
191.0
153.0
160.0
187.0
157.0
161.0
160.0
188.0
156.0
165.0
161.0
155.0
194.0
157.0
200.0
165.0
191.0
165.0
191.0
160.0
153.0
154.0
196.0
164.0
193.0
158.0
188.0
153.0
204.0
161.0
187.0
162.0
197.0
213.0
157.0
154.0
157.0
196.0
164.0
197.0
161.0
198.0
210.0
194.0
156.0
212.0
192.0
153.0
186.0
164.0
192.0
154.0
158.0
251.0
160.0
164.0
189.0
166.0
190.0
164.0
158.0
160.0
187.0
158.0
190.0
158.0
182.0
157.0
194.0
154.0
193.0
212.0
190.0
158.0
191.0
148.0
193.0
155.0
189.0
165.0
196.0
163.0
191.0
165.0
193.0
155.0
151.0
196.0
161.0
189.0
158.0
192.0
163.0
187.0
161.0
163.0
190.0
165.0
155.0
194.0
157.0
191.0
165.0
165.0
160.0
193.0
169.0
155.0
200.0
161.0
187.0
559.0
192.0
165.0
155.0
157.0
158.0
189.0
163.0
167.0
160.0
164.0
194.0
164.0
183.0
162.0
162.0
192.0
162.0
195.0
158.0
157.0
193.0
158.0
188.0
205.0
162.0
160.0
163.0
214.0
159.0
189.0
165.0
197.0
213.0
158.0
194.0
165.0
164.0
193.0
162.0
194.0
167.0
193.0
168.0
171.0
158.0
155.0
189.0
154.0
163.0
161.0
165.0
169.0
195.0
210.0
164.0
196.0
144.0
196.0
163.0
196.0
155.0
191.0
168.0
196.0
154.0
190.0
169.0
202.0
163.0
162.0
161.0
189.0
162.0
191.0
154.0
190.0
162.0
196.0
158.0
157.0
190.0
160.0
191.0
159.0
158.0
189.0
162.0
191.0
164.0
193.0
164.0
192.0
162.0
161.0
202.0
161.0
190.0
158.0
190.0
165.0
189.0
169.0
197.0
158.0
193.0
148.0
163.0
157.0
160.0
189.0
168.0
188.0
157.0
154.0
191.0
168.0
169.0
160.0
189.0
167.0
194.0
160.0
194.0
160.0
160.0
193.0
268.0
193.0
162.0
160.0
184.0
167.0
165.0
198.0
361.0
167.0
193.0
160.0
160.0
196.0
158.0
190.0
164.0
161.0
198.0
142.0
158.0
189.0
156.0
196.0
170.0
161.0
210.0
163.0
168.0
193.0
153.0
152.0
191.0
161.0
196.0
168.0
158.0
194.0
161.0
194.0
151.0
167.0
190.0
164.0
197.0
160.0
158.0
193.0
162.0
194.0
162.0
160.0
196.0
158.0
149.0
195.0
168.0
158.0
191.0
160.0
190.0
154.0
165.0
190.0
162.0
194.0
164.0
168.0
186.0
160.0
195.0
157.0
162.0
156.0
193.0
157.0
168.0
202.0
156.0
187.0
157.0
197.0
161.0
189.0
159.0
162.0
160.0
189.0
168.0
197.0
161.0
194.0
163.0
191.0
161.0
155.0
195.0
229.0
188.0
215.0
157.0
191.0
160.0
163.0
137.0
204.0
160.0
160.0
197.0
158.0
160.0
197.0
156.0
188.0
164.0
165.0
156.0
189.0
160.0
200.0
167.0
194.0
167.0
155.0
165.0
192.0
160.0
162.0
270.0
145.0
163.0
189.0
164.0
166.0
160.0
195.0
163.0
170.0
191.0
165.0
190.0
153.0
188.0
156.0
195.0
250.0
162.0
188.0
162.0
158.0
189.0
157.0
160.0
156.0
161.0
201.0
151.0
163.0
190.0
167.0
196.0
150.0
185.0
150.0
187.0
162.0
164.0
191.0
165.0
188.0
160.0
171.0
200.0
157.0
193.0
254.0
157.0
162.0
193.0
155.0
210.0
154.0
161.0
194.0
211.0
195.0
166.0
196.0
162.0
155.0
195.0
158.0
194.0
162.0
153.0
189.0
157.0
192.0
149.0
157.0
185.0
164.0
166.0
193.0
154.0
219.0
193.0
161.0
160.0
191.0
162.0
163.0
164.0
185.0
158.0
186.0
162.0
159.0
191.0
164.0
200.0
147.0
194.0
166.0
192.0
160.0
164.0
194.0
161.0
192.0
165.0
192.0
164.0
193.0
164.0
189.0
158.0
196.0
165.0
194.0
162.0
166.0
194.0
160.0
164.0
162.0
165.0
195.0
153.0
208.0
194.0
353.0
190.0
513.0
194.0
160.0
157.0
188.0
164.0
167.0
161.0
192.0
159.0
206.0
166.0
167.0
159.0
197.0
158.0
191.0
160.0
157.0
191.0
166.0
162.0
197.0
165.0
157.0
164.0
158.0
210.0
186.0
164.0
190.0
160.0
166.0
200.0
154.0
194.0
160.0
160.0
189.0
157.0
197.0
159.0
163.0
162.0
190.0
165.0
186.0
161.0
162.0
193.0
160.0
162.0
194.0
293.0
166.0
197.0
158.0
161.0
170.0
196.0
154.0
192.0
151.0
189.0
162.0
189.0
166.0
171.0
199.0
171.0
195.0
164.0
190.0
158.0
162.0
169.0
169.0
192.0
162.0
158.0
165.0
197.0
160.0
160.0
194.0
161.0
154.0
151.0
198.0
229.0
160.0
161.0
162.0
156.0
165.0
192.0
165.0
196.0
160.0
160.0
195.0
158.0
164.0
157.0
165.0
160.0
157.0
164.0
155.0
200.0
160.0
191.0
160.0
193.0
164.0
161.0
192.0
161.0
191.0
165.0
194.0
158.0
156.0
188.0
158.0
190.0
164.0
195.0
153.0
186.0
156.0
153.0
193.0
158.0
193.0
162.0
183.0
161.0
194.0
160.0
192.0
160.0
191.0
154.0
192.0
156.0
154.0
215.0
196.0
155.0
194.0
508.0
195.0
157.0
197.0
165.0
168.0
157.0
157.0
194.0
165.0
157.0
194.0
158.0
189.0
159.0
159.0
196.0
158.0
152.0
197.0
151.0
193.0
164.0
197.0
161.0
166.0
191.0
163.0
188.0
166.0
155.0
155.0
162.0
197.0
210.0
154.0
161.0
186.0
161.0
191.0
160.0
160.0
224.0
194.0
164.0
198.0
162.0
197.0
214.0
156.0
195.0
165.0
196.0
152.0
194.0
161.0
190.0
162.0
189.0
150.0
254.0
159.0
255.0
162.0
160.0
164.0
160.0
156.0
187.0
168.0
190.0
145.0
186.0
148.0
196.0
161.0
164.0
161.0
192.0
154.0
163.0
193.0
160.0
197.0
170.0
169.0
198.0
167.0
191.0
164.0
190.0
150.0
158.0
153.0
151.0
192.0
161.0
162.0
161.0
157.0
193.0
157.0
152.0
204.0
216.0
190.0
163.0
157.0
200.0
155.0
160.0
192.0
153.0
154.0
189.0
166.0
191.0
162.0
158.0
169.0
161.0
192.0
154.0
191.0
160.0
154.0
189.0
161.0
158.0
189.0
155.0
169.0
191.0
168.0
197.0
164.0
160.0
192.0
157.0
156.0
167.0
163.0
160.0
195.0
160.0
192.0
162.0
154.0
192.0
165.0
196.0
162.0
193.0
166.0
195.0
158.0
189.0
144.0
190.0
165.0
188.0
281.0
160.0
191.0
156.0
189.0
165.0
190.0
152.0
193.0
164.0
228.0
164.0
168.0
197.0
160.0
200.0
161.0
189.0
163.0
193.0
164.0
163.0
196.0
154.0
157.0
192.0
164.0
194.0
218.0
159.0
192.0
160.0
160.0
195.0
158.0
192.0
155.0
197.0
153.0
164.0
193.0
138.0
192.0
157.0
166.0
188.0
157.0
131.0
190.0
168.0
160.0
157.0
164.0
153.0
164.0
194.0
170.0
166.0
189.0
160.0
193.0
161.0
165.0
156.0
164.0
198.0
160.0
194.0
161.0
162.0
164.0
154.0
186.0
166.0
157.0
187.0
156.0
166.0
161.0
193.0
156.0
170.0
162.0
165.0
163.0
155.0
193.0
163.0
147.0
163.0
228.0
151.0
185.0
162.0
183.0
162.0
194.0
163.0
190.0
160.0
193.0
160.0
161.0
162.0
194.0
165.0
188.0
165.0
162.0
193.0
158.0
162.0
189.0
157.0
191.0
165.0
192.0
158.0
134.0
189.0
161.0
146.0
188.0
165.0
168.0
157.0
189.0
167.0
201.0
162.0
191.0
161.0
194.0
166.0
165.0
264.0
194.0
163.0
194.0
106.0
219.0
160.0
194.0
212.0
164.0
193.0
168.0
162.0
202.0
160.0
158.0
162.0
159.0
162.0
151.0
187.0
160.0
154.0
162.0
156.0
208.0
200.0
261.0
189.0
155.0
195.0
157.0
155.0
194.0
169.0
195.0
161.0
160.0
191.0
170.0
196.0
169.0
193.0
149.0
167.0
189.0
211.0
194.0
156.0
195.0
157.0
193.0
162.0
166.0
196.0
157.0
190.0
163.0
155.0
191.0
158.0
152.0
193.0
159.0
162.0
185.0
155.0
194.0
205.0
216.0
164.0
186.0
158.0
193.0
160.0
192.0
162.0
193.0
165.0
163.0
161.0
198.0
526.0
188.0
159.0
194.0
154.0
194.0
165.0
193.0
158.0
198.0
202.0
186.0
151.0
189.0
157.0
188.0
166.0
200.0
167.0
159.0
193.0
164.0
183.0
154.0
189.0
160.0
189.0
168.0
190.0
165.0
194.0
202.0
191.0
163.0
196.0
218.0
167.0
160.0
188.0
163.0
190.0
166.0
158.0
190.0
153.0
189.0
160.0
157.0
156.0
158.0
151.0
160.0
191.0
157.0
191.0
164.0
205.0
160.0
194.0
160.0
193.0
154.0
183.0
166.0
158.0
165.0
193.0
156.0
194.0
161.0
319.0
192.0
152.0
189.0
170.0
197.0
155.0
162.0
158.0
190.0
162.0
196.0
160.0
158.0
197.0
161.0
193.0
685.0
191.0
163.0
161.0
187.0
209.0
192.0
152.0
197.0
163.0
191.0
164.0
197.0
157.0
189.0
155.0
188.0
162.0
190.0
157.0
160.0
189.0
167.0
188.0
217.0
161.0
157.0
197.0
162.0
193.0
220.0
157.0
162.0
164.0
164.0
140.0
193.0
218.0
193.0
161.0
194.0
162.0
199.0
155.0
192.0
158.0
154.0
161.0
163.0
156.0
194.0
157.0
192.0
161.0
189.0
170.0
196.0
164.0
161.0
162.0
271.0
163.0
192.0
212.0
169.0
168.0
191.0
160.0
194.0
164.0
194.0
154.0
191.0
157.0
194.0
160.0
191.0
160.0
192.0
161.0
193.0
161.0
189.0
215.0
196.0
162.0
190.0
168.0
155.0
157.0
194.0
216.0
194.0
156.0
194.0
155.0
146.0
193.0
153.0
191.0
170.0
198.0
153.0
154.0
162.0
162.0
199.0
164.0
195.0
457.0
162.0
149.0
183.0
161.0
192.0
154.0
194.0
154.0
193.0
155.0
160.0
194.0
160.0
191.0
161.0
163.0
194.0
161.0
191.0
163.0
194.0
158.0
162.0
193.0
160.0
194.0
166.0
194.0
166.0
196.0
158.0
194.0
158.0
161.0
168.0
163.0
199.0
162.0
197.0
168.0
191.0
160.0
193.0
165.0
164.0
157.0
195.0
162.0
155.0
163.0
185.0
161.0
162.0
194.0
162.0
195.0
164.0
197.0
165.0
160.0
163.0
161.0
196.0
156.0
193.0
155.0
146.0
188.0
165.0
189.0
156.0
161.0
195.0
168.0
160.0
192.0
165.0
195.0
163.0
152.0
171.0
199.0
168.0
165.0
194.0
154.0
150.0
191.0
164.0
165.0
190.0
160.0
197.0
162.0
196.0
158.0
152.0
196.0
162.0
159.0
192.0
166.0
188.0
290.0
157.0
189.0
164.0
193.0
160.0
186.0
160.0
191.0
154.0
186.0
154.0
152.0
157.0
190.0
160.0
151.0
165.0
218.0
160.0
168.0
194.0
161.0
196.0
157.0
189.0
158.0
193.0
162.0
165.0
190.0
157.0
166.0
197.0
162.0
163.0
187.0
157.0
198.0
166.0
162.0
158.0
189.0
160.0
189.0
163.0
196.0
154.0
194.0
157.0
191.0
199.0
161.0
193.0
156.0
189.0
162.0
192.0
166.0
197.0
165.0
164.0
161.0
156.0
189.0
163.0
197.0
158.0
203.0
190.0
157.0
191.0
157.0
196.0
162.0
192.0
165.0
168.0
192.0
160.0
192.0
163.0
165.0
148.0
191.0
163.0
165.0
161.0
164.0
157.0
161.0
191.0
152.0
199.0
165.0
192.0
213.0
160.0
190.0
154.0
160.0
188.0
502.0
161.0
215.0
164.0
149.0
193.0
168.0
190.0
162.0
160.0
193.0
157.0
166.0
152.0
158.0
160.0
148.0
187.0
158.0
191.0
157.0
190.0
156.0
161.0
189.0
158.0
162.0
190.0
162.0
155.0
193.0
153.0
194.0
165.0
158.0
190.0
165.0
194.0
156.0
198.0
163.0
162.0
196.0
166.0
156.0
147.0
193.0
160.0
156.0
197.0
166.0
157.0
191.0
161.0
193.0
159.0
193.0
146.0
200.0
163.0
418.0
196.0
161.0
150.0
192.0
160.0
194.0
163.0
194.0
163.0
161.0
194.0
157.0
162.0
160.0
148.0
193.0
158.0
161.0
193.0
155.0
187.0
158.0
165.0
196.0
155.0
159.0
190.0
164.0
165.0
157.0
194.0
158.0
193.0
149.0
191.0
162.0
155.0
190.0
156.0
194.0
163.0
160.0
187.0
160.0
197.0
162.0
154.0
194.0
160.0
158.0
196.0
649.0
196.0
150.0
191.0
158.0
199.0
160.0
191.0
161.0
187.0
158.0
158.0
191.0
148.0
163.0
194.0
156.0
160.0
189.0
162.0
155.0
151.0
193.0
165.0
161.0
155.0
213.0
196.0
163.0
196.0
158.0
193.0
161.0
195.0
161.0
158.0
167.0
164.0
165.0
152.0
189.0
160.0
187.0
201.0
165.0
198.0
163.0
194.0
161.0
154.0
155.0
193.0
162.0
191.0
218.0
151.0
166.0
196.0
160.0
193.0
162.0
161.0
158.0
197.0
160.0
194.0
161.0
162.0
160.0
193.0
160.0
202.0
161.0
190.0
160.0
193.0
160.0
154.0
204.0
195.0
166.0
166.0
192.0
164.0
160.0
197.0
133.0
195.0
160.0
193.0
164.0
164.0
155.0
189.0
160.0
199.0
162.0
163.0
217.0
164.0
191.0
161.0
157.0
191.0
159.0
163.0
190.0
164.0
157.0
188.0
160.0
170.0
193.0
165.0
190.0
157.0
166.0
190.0
160.0
200.0
160.0
163.0
193.0
155.0
191.0
162.0
165.0
199.0
162.0
190.0
161.0
154.0
188.0
164.0
196.0
154.0
154.0
186.0
157.0
191.0
160.0
157.0
163.0
192.0
160.0
191.0
161.0
194.0
158.0
193.0
168.0
160.0
189.0
164.0
186.0
157.0
196.0
166.0
187.0
154.0
191.0
155.0
196.0
154.0
162.0
194.0
206.0
196.0
225.0
267.0
165.0
161.0
197.0
162.0
193.0
166.0
162.0
191.0
160.0
192.0
161.0
193.0
213.0
162.0
161.0
192.0
310.0
191.0
158.0
155.0
164.0
165.0
158.0
190.0
162.0
154.0
186.0
156.0
190.0
266.0
152.0
193.0
162.0
189.0
169.0
194.0
163.0
190.0
158.0
166.0
162.0
196.0
299.0
160.0
191.0
165.0
192.0
164.0
202.0
165.0
161.0
194.0
161.0
192.0
153.0
160.0
162.0
183.0
158.0
159.0
158.0
157.0
165.0
153.0
157.0
190.0
160.0
159.0
196.0
166.0
160.0
198.0
165.0
194.0
160.0
165.0
163.0
161.0
191.0
158.0
161.0
195.0
160.0
170.0
162.0
254.0
165.0
157.0
195.0
157.0
155.0
157.0
163.0
152.0
191.0
158.0
170.0
152.0
193.0
161.0
158.0
157.0
193.0
160.0
197.0
163.0
194.0
156.0
193.0
170.0
196.0
150.0
165.0
195.0
162.0
168.0
189.0
164.0
164.0
197.0
158.0
186.0
162.0
161.0
155.0
194.0
165.0
155.0
194.0
157.0
162.0
166.0
162.0
234.0
167.0
193.0
154.0
194.0
163.0
193.0
161.0
185.0
160.0
191.0
158.0
162.0
190.0
145.0
161.0
165.0
156.0
160.0
167.0
198.0
160.0
189.0
162.0
165.0
200.0
164.0
197.0
158.0
198.0
155.0
190.0
164.0
194.0
164.0
190.0
157.0
189.0
167.0
162.0
198.0
162.0
160.0
193.0
166.0
187.0
163.0
190.0
162.0
188.0
166.0
188.0
158.0
158.0
162.0
161.0
144.0
193.0
166.0
160.0
148.0
162.0
160.0
193.0
162.0
193.0
161.0
158.0
189.0
157.0
189.0
162.0
191.0
162.0
162.0
164.0
186.0
158.0
186.0
159.0
161.0
163.0
184.0
158.0
161.0
196.0
160.0
194.0
160.0
191.0
462.0
156.0
162.0
192.0
162.0
193.0
155.0
191.0
144.0
160.0
169.0
187.0
420.0
196.0
158.0
194.0
159.0
194.0
162.0
146.0
158.0
195.0
160.0
163.0
162.0
158.0
195.0
148.0
155.0
196.0
147.0
189.0
145.0
193.0
170.0
165.0
163.0
186.0
158.0
198.0
158.0
162.0
193.0
165.0
192.0
160.0
194.0
162.0
189.0
163.0
162.0
197.0
155.0
162.0
189.0
165.0
197.0
157.0
194.0
162.0
189.0
160.0
155.0
190.0
164.0
193.0
162.0
165.0
197.0
166.0
198.0
162.0
160.0
158.0
213.0
162.0
166.0
196.0
164.0
160.0
197.0
155.0
190.0
390.0
160.0
196.0
165.0
192.0
157.0
189.0
164.0
154.0
163.0
194.0
160.0
194.0
166.0
189.0
160.0
186.0
155.0
199.0
163.0
161.0
158.0
192.0
161.0
152.0
201.0
160.0
189.0
165.0
192.0
162.0
156.0
162.0
165.0
164.0
146.0
194.0
162.0
143.0
195.0
167.0
160.0
166.0
198.0
165.0
189.0
157.0
162.0
158.0
159.0
189.0
158.0
193.0
168.0
156.0
163.0
189.0
160.0
164.0
217.0
166.0
197.0
155.0
272.0
197.0
161.0
193.0
166.0
160.0
189.0
163.0
155.0
197.0
149.0
162.0
162.0
207.0
187.0
153.0
189.0
158.0
157.0
168.0
199.0
167.0
188.0
163.0
168.0
196.0
166.0
196.0
162.0
165.0
199.0
164.0
192.0
161.0
158.0
189.0
163.0
190.0
158.0
158.0
164.0
190.0
153.0
158.0
191.0
618.0
160.0
164.0
193.0
163.0
166.0
161.0
162.0
160.0
196.0
157.0
190.0
161.0
192.0
163.0
194.0
168.0
158.0
153.0
153.0
164.0
163.0
164.0
166.0
217.0
169.0
191.0
164.0
154.0
154.0
162.0
189.0
160.0
163.0
189.0
235.0
160.0
162.0
196.0
162.0
155.0
165.0
346.0
162.0
193.0
166.0
162.0
190.0
160.0
197.0
164.0
160.0
191.0
158.0
162.0
158.0
191.0
161.0
197.0
121.0
194.0
164.0
164.0
161.0
190.0
164.0
200.0
162.0
150.0
191.0
288.0
165.0
199.0
162.0
158.0
156.0
153.0
190.0
165.0
161.0
160.0
165.0
154.0
202.0
156.0
158.0
194.0
149.0
160.0
156.0
160.0
199.0
160.0
161.0
155.0
191.0
163.0
152.0
155.0
157.0
171.0
193.0
162.0
194.0
163.0
162.0
189.0
161.0
190.0
152.0
162.0
193.0
158.0
214.0
190.0
162.0
191.0
164.0
242.0
153.0
191.0
168.0
190.0
158.0
161.0
387.0
195.0
162.0
186.0
162.0
200.0
164.0
157.0
186.0
161.0
191.0
160.0
154.0
190.0
160.0
183.0
160.0
162.0
193.0
168.0
155.0
190.0
166.0
193.0
162.0
191.0
164.0
158.0
154.0
192.0
161.0
197.0
166.0
164.0
160.0
189.0
280.0
167.0
297.0
160.0
156.0
170.0
146.0
195.0
160.0
158.0
196.0
212.0
158.0
196.0
157.0
146.0
196.0
164.0
152.0
165.0
191.0
163.0
191.0
162.0
160.0
164.0
163.0
164.0
193.0
165.0
200.0
165.0
190.0
158.0
195.0
150.0
195.0
160.0
155.0
166.0
194.0
166.0
202.0
161.0
198.0
161.0
192.0
163.0
161.0
157.0
157.0
194.0
161.0
187.0
155.0
193.0
170.0
194.0
158.0
153.0
131.0
196.0
157.0
155.0
165.0
194.0
165.0
200.0
157.0
191.0
156.0
194.0
162.0
157.0
155.0
162.0
152.0
194.0
164.0
158.0
157.0
195.0
165.0
195.0
158.0
196.0
165.0
197.0
154.0
163.0
186.0
156.0
190.0
158.0
193.0
160.0
190.0
166.0
162.0
194.0
164.0
196.0
160.0
193.0
156.0
190.0
157.0
155.0
155.0
191.0
157.0
161.0
161.0
200.0
160.0
198.0
166.0
161.0
154.0
163.0
157.0
195.0
252.0
154.0
153.0
191.0
168.0
160.0
194.0
160.0
195.0
164.0
162.0
160.0
156.0
193.0
161.0
154.0
161.0
193.0
155.0
158.0
165.0
197.0
157.0
160.0
164.0
196.0
162.0
191.0
154.0
162.0
163.0
193.0
161.0
158.0
163.0
164.0
159.0
164.0
158.0
194.0
157.0
194.0
164.0
158.0
193.0
157.0
154.0
161.0
188.0
149.0
185.0
154.0
189.0
164.0
165.0
162.0
194.0
158.0
156.0
192.0
161.0
163.0
189.0
155.0
161.0
194.0
166.0
160.0
189.0
160.0
170.0
150.0
191.0
160.0
189.0
161.0
195.0
165.0
195.0
164.0
194.0
162.0
194.0
161.0
162.0
191.0
164.0
162.0
162.0
158.0
160.0
193.0
161.0
160.0
168.0
160.0
161.0
189.0
160.0
262.0
195.0
160.0
160.0
160.0
193.0
165.0
196.0
173.0
197.0
230.0
161.0
193.0
165.0
198.0
165.0
168.0
162.0
389.0
154.0
195.0
164.0
194.0
168.0
188.0
157.0
195.0
161.0
186.0
143.0
264.0
197.0
157.0
192.0
160.0
161.0
167.0
167.0
163.0
296.0
160.0
492.0
160.0
191.0
168.0
166.0
193.0
154.0
198.0
164.0
165.0
198.0
161.0
210.0
183.0
157.0
161.0
161.0
155.0
157.0
186.0
164.0
165.0
157.0
209.0
165.0
190.0
158.0
184.0
166.0
197.0
155.0
196.0
154.0
195.0
211.0
190.0
165.0
193.0
152.0
153.0
163.0
164.0
153.0
201.0
164.0
199.0
161.0
166.0
158.0
193.0
162.0
165.0
152.0
158.0
164.0
189.0
161.0
160.0
210.0
185.0
155.0
215.0
192.0
156.0
189.0
157.0
224.0
155.0
191.0
148.0
197.0
166.0
194.0
162.0
192.0
165.0
213.0
195.0
162.0
168.0
194.0
162.0
196.0
158.0
194.0
167.0
153.0
598.0
162.0
196.0
159.0
137.0
198.0
157.0
164.0
191.0
170.0
167.0
201.0
160.0
189.0
166.0
196.0
164.0
194.0
155.0
159.0
208.0
194.0
146.0
162.0
160.0
165.0
157.0
156.0
191.0
166.0
161.0
199.0
165.0
162.0
162.0
150.0
157.0
194.0
165.0
195.0
167.0
197.0
165.0
163.0
194.0
163.0
155.0
166.0
161.0
200.0
162.0
162.0
197.0
163.0
193.0
162.0
166.0
162.0
165.0
198.0
163.0
163.0
195.0
160.0
191.0
156.0
155.0
165.0
165.0
164.0
164.0
196.0
168.0
195.0
161.0
164.0
198.0
160.0
193.0
161.0
170.0
162.0
194.0
163.0
196.0
154.0
167.0
194.0
161.0
192.0
165.0
155.0
160.0
193.0
156.0
189.0
157.0
195.0
402.0
191.0
162.0
190.0
148.0
197.0
155.0
194.0
152.0
194.0
212.0
196.0
160.0
166.0
196.0
157.0
161.0
210.0
160.0
193.0
160.0
182.0
158.0
158.0
168.0
162.0
192.0
160.0
162.0
170.0
197.0
160.0
159.0
190.0
161.0
191.0
164.0
187.0
311.0
148.0
194.0
162.0
195.0
162.0
193.0
160.0
160.0
146.0
163.0
195.0
154.0
165.0
155.0
157.0
156.0
204.0
194.0
154.0
168.0
160.0
165.0
191.0
160.0
162.0
152.0
157.0
162.0
191.0
156.0
189.0
166.0
160.0
196.0
162.0
197.0
169.0
210.0
187.0
204.0
158.0
192.0
159.0
194.0
164.0
196.0
163.0
191.0
160.0
153.0
160.0
208.0
189.0
161.0
186.0
160.0
160.0
158.0
158.0
190.0
160.0
194.0
162.0
193.0
160.0
194.0
158.0
163.0
194.0
214.0
197.0
165.0
198.0
166.0
163.0
154.0
161.0
191.0
158.0
585.0
168.0
198.0
165.0
194.0
152.0
190.0
156.0
198.0
163.0
192.0
160.0
197.0
157.0
165.0
189.0
168.0
196.0
155.0
193.0
162.0
163.0
195.0
161.0
166.0
158.0
164.0
193.0
213.0
194.0
169.0
197.0
166.0
195.0
153.0
198.0
156.0
145.0
193.0
162.0
193.0
160.0
191.0
157.0
187.0
162.0
161.0
198.0
157.0
191.0
158.0
164.0
196.0
160.0
196.0
213.0
163.0
162.0
194.0
219.0
213.0
194.0
157.0
185.0
164.0
189.0
153.0
188.0
161.0
214.0
165.0
165.0
197.0
162.0
190.0
169.0
163.0
196.0
573.0
161.0
189.0
162.0
159.0
194.0
164.0
203.0
304.0
196.0
168.0
193.0
166.0
198.0
147.0
193.0
169.0
192.0
157.0
191.0
159.0
162.0
194.0
167.0
157.0
189.0
172.0
160.0
192.0
166.0
197.0
161.0
196.0
157.0
195.0
161.0
151.0
158.0
180.0
168.0
190.0
162.0
165.0
192.0
150.0
161.0
276.0
161.0
195.0
157.0
200.0
163.0
188.0
658.0
195.0
158.0
162.0
164.0
161.0
148.0
159.0
165.0
195.0
157.0
157.0
166.0
191.0
162.0
192.0
212.0
162.0
163.0
189.0
153.0
160.0
185.0
153.0
193.0
165.0
158.0
162.0
200.0
165.0
193.0
157.0
163.0
157.0
197.0
161.0
162.0
153.0
161.0
160.0
192.0
478.0
194.0
153.0
188.0
158.0
163.0
199.0
165.0
164.0
194.0
163.0
196.0
163.0
158.0
166.0
201.0
335.0
162.0
162.0
162.0
194.0
162.0
194.0
165.0
195.0
167.0
161.0
191.0
309.0
342.0
144.0
192.0
166.0
192.0
165.0
196.0
160.0
187.0
170.0
167.0
154.0
169.0
198.0
165.0
197.0
162.0
153.0
189.0
154.0
185.0
154.0
190.0
162.0
197.0
156.0
158.0
261.0
161.0
160.0
193.0
151.0
188.0
161.0
165.0
160.0
163.0
187.0
160.0
216.0
191.0
165.0
196.0
161.0
186.0
214.0
165.0
168.0
161.0
191.0
166.0
162.0
160.0
187.0
210.0
157.0
188.0
160.0
161.0
166.0
196.0
164.0
197.0
166.0
158.0
164.0
189.0
169.0
214.0
195.0
160.0
186.0
165.0
195.0
157.0
158.0
195.0
152.0
194.0
535.0
197.0
160.0
160.0
189.0
158.0
191.0
160.0
201.0
153.0
184.0
162.0
189.0
162.0
195.0
158.0
194.0
163.0
197.0
162.0
196.0
150.0
197.0
160.0
162.0
191.0
158.0
160.0
189.0
162.0
192.0
151.0
142.0
164.0
185.0
162.0
164.0
167.0
160.0
197.0
164.0
160.0
193.0
165.0
202.0
309.0
189.0
158.0
194.0
164.0
196.0
164.0
191.0
158.0
159.0
190.0
145.0
159.0
162.0
154.0
163.0
188.0
165.0
197.0
161.0
187.0
156.0
162.0
189.0
165.0
161.0
161.0
165.0
163.0
160.0
162.0
162.0
191.0
159.0
191.0
161.0
165.0
195.0
193.0
197.0
165.0
197.0
158.0
195.0
166.0
191.0
157.0
196.0
163.0
158.0
161.0
195.0
144.0
194.0
160.0
161.0
194.0
158.0
188.0
160.0
196.0
157.0
194.0
162.0
164.0
155.0
189.0
166.0
200.0
158.0
200.0
154.0
197.0
157.0
184.0
159.0
197.0
155.0
187.0
153.0
194.0
158.0
160.0
161.0
196.0
161.0
197.0
150.0
193.0
160.0
305.0
190.0
158.0
155.0
189.0
162.0
160.0
192.0
163.0
193.0
165.0
193.0
151.0
160.0
191.0
167.0
153.0
157.0
186.0
157.0
161.0
191.0
163.0
164.0
163.0
192.0
160.0
164.0
161.0
159.0
