96.0
94.0
94.0
93.0
96.0
134.0
91.0
138.0
94.0
137.0
89.0
95.0
97.0
136.0
90.0
140.0
91.0
133.0
133.0
92.0
138.0
97.0
137.0
93.0
94.0
84.0
89.0
137.0
93.0
93.0
138.0
91.0
82.0
93.0
137.0
93.0
138.0
95.0
141.0
96.0
139.0
91.0
136.0
94.0
138.0
85.0
138.0
95.0
135.0
86.0
89.0
88.0
141.0
95.0
141.0
91.0
138.0
93.0
93.0
88.0
137.0
89.0
90.0
94.0
136.0
90.0
100.0
140.0
96.0
93.0
94.0
96.0
140.0
93.0
90.0
96.0
136.0
99.0
133.0
95.0
137.0
89.0
138.0
97.0
97.0
92.0
135.0
95.0
139.0
93.0
133.0
89.0
144.0
93.0
138.0
93.0
136.0
87.0
98.0
140.0
91.0
97.0
140.0
89.0
135.0
94.0
136.0
98.0
139.0
96.0
137.0
97.0
97.0
138.0
96.0
140.0
94.0
138.0
98.0
138.0
96.0
141.0
93.0
141.0
93.0
96.0
136.0
86.0
141.0
94.0
140.0
97.0
94.0
141.0
80.0
140.0
94.0
139.0
92.0
136.0
97.0
92.0
89.0
136.0
98.0
97.0
93.0
137.0
98.0
89.0
138.0
92.0
136.0
93.0
141.0
94.0
138.0
93.0
94.0
140.0
87.0
137.0
97.0
91.0
90.0
134.0
99.0
135.0
90.0
90.0
133.0
91.0
140.0
86.0
138.0
98.0
138.0
90.0
139.0
93.0
138.0
96.0
142.0
97.0
136.0
96.0
97.0
135.0
93.0
137.0
95.0
139.0
96.0
138.0
79.0
136.0
91.0
94.0
139.0
92.0
134.0
93.0
92.0
134.0
88.0
133.0
98.0
135.0
93.0
138.0
97.0
138.0
92.0
146.0
91.0
146.0
95.0
138.0
96.0
89.0
135.0
92.0
136.0
97.0
133.0
95.0
137.0
97.0
136.0
96.0
137.0
98.0
140.0
89.0
143.0
92.0
96.0
133.0
93.0
97.0
97.0
98.0
76.0
139.0
357.0
96.0
91.0
96.0
93.0
91.0
137.0
93.0
90.0
92.0
91.0
137.0
94.0
131.0
90.0
139.0
89.0
141.0
93.0
136.0
88.0
90.0
134.0
97.0
136.0
90.0
137.0
89.0
137.0
97.0
134.0
97.0
138.0
92.0
138.0
96.0
97.0
136.0
93.0
138.0
84.0
94.0
136.0
94.0
138.0
97.0
136.0
93.0
136.0
98.0
133.0
82.0
87.0
94.0
94.0
133.0
96.0
132.0
94.0
93.0
97.0
92.0
137.0
81.0
139.0
96.0
98.0
136.0
93.0
140.0
96.0
141.0
86.0
139.0
91.0
138.0
98.0
133.0
96.0
136.0
86.0
93.0
90.0
135.0
94.0
96.0
138.0
100.0
91.0
141.0
92.0
138.0
94.0
136.0
92.0
95.0
94.0
136.0
95.0
90.0
135.0
91.0
137.0
96.0
138.0
94.0
88.0
93.0
79.0
91.0
90.0
141.0
97.0
133.0
98.0
136.0
93.0
140.0
91.0
136.0
94.0
91.0
91.0
137.0
94.0
93.0
89.0
94.0
299.0
141.0
94.0
97.0
137.0
97.0
139.0
107.0
136.0
96.0
91.0
95.0
90.0
141.0
93.0
136.0
91.0
141.0
88.0
92.0
142.0
94.0
93.0
138.0
82.0
136.0
97.0
96.0
96.0
88.0
132.0
90.0
136.0
92.0
135.0
98.0
136.0
97.0
96.0
168.0
90.0
95.0
134.0
86.0
91.0
139.0
82.0
137.0
93.0
92.0
140.0
96.0
134.0
94.0
138.0
90.0
138.0
91.0
129.0
94.0
90.0
139.0
93.0
138.0
86.0
97.0
138.0
93.0
137.0
93.0
136.0
91.0
141.0
94.0
138.0
89.0
92.0
137.0
94.0
138.0
89.0
93.0
138.0
93.0
84.0
93.0
86.0
135.0
91.0
96.0
74.0
141.0
99.0
89.0
90.0
216.0
139.0
94.0
137.0
97.0
137.0
89.0
95.0
138.0
80.0
138.0
88.0
89.0
296.0
136.0
304.0
80.0
137.0
98.0
94.0
95.0
92.0
96.0
85.0
137.0
97.0
94.0
136.0
94.0
93.0
139.0
92.0
94.0
136.0
81.0
134.0
93.0
93.0
140.0
90.0
138.0
96.0
90.0
91.0
95.0
93.0
136.0
90.0
93.0
138.0
96.0
92.0
135.0
74.0
139.0
86.0
137.0
90.0
136.0
92.0
95.0
138.0
98.0
95.0
93.0
138.0
93.0
136.0
98.0
138.0
76.0
139.0
97.0
94.0
134.0
97.0
91.0
140.0
97.0
137.0
96.0
138.0
90.0
132.0
91.0
98.0
93.0
93.0
139.0
99.0
207.0
93.0
141.0
98.0
137.0
96.0
138.0
86.0
91.0
138.0
100.0
138.0
90.0
87.0
92.0
135.0
194.0
93.0
138.0
93.0
131.0
91.0
134.0
94.0
89.0
139.0
93.0
140.0
94.0
137.0
93.0
138.0
93.0
92.0
142.0
93.0
140.0
89.0
90.0
138.0
97.0
138.0
90.0
133.0
94.0
134.0
97.0
94.0
136.0
94.0
93.0
137.0
92.0
138.0
88.0
135.0
93.0
133.0
91.0
90.0
92.0
136.0
91.0
138.0
90.0
92.0
137.0
97.0
92.0
136.0
98.0
429.0
136.0
84.0
144.0
90.0
142.0
91.0
71.0
137.0
93.0
93.0
93.0
93.0
85.0
89.0
135.0
93.0
136.0
97.0
98.0
136.0
93.0
97.0
91.0
136.0
94.0
134.0
93.0
93.0
96.0
134.0
182.0
94.0
95.0
138.0
96.0
136.0
86.0
90.0
90.0
132.0
90.0
93.0
85.0
141.0
93.0
138.0
92.0
169.0
139.0
93.0
134.0
96.0
139.0
95.0
138.0
94.0
136.0
94.0
137.0
86.0
89.0
138.0
94.0
98.0
142.0
98.0
138.0
94.0
89.0
134.0
97.0
137.0
97.0
94.0
94.0
99.0
135.0
98.0
133.0
89.0
138.0
98.0
134.0
98.0
139.0
93.0
96.0
139.0
89.0
94.0
141.0
94.0
138.0
90.0
135.0
93.0
137.0
94.0
94.0
95.0
140.0
94.0
137.0
95.0
133.0
89.0
137.0
81.0
139.0
91.0
140.0
96.0
94.0
96.0
141.0
97.0
138.0
94.0
92.0
139.0
94.0
89.0
132.0
91.0
134.0
90.0
82.0
136.0
98.0
133.0
96.0
90.0
94.0
93.0
139.0
91.0
136.0
94.0
137.0
94.0
134.0
96.0
139.0
95.0
97.0
90.0
84.0
98.0
136.0
98.0
96.0
142.0
97.0
137.0
90.0
140.0
90.0
98.0
135.0
92.0
91.0
135.0
94.0
136.0
92.0
94.0
135.0
94.0
136.0
98.0
92.0
138.0
94.0
93.0
94.0
133.0
90.0
90.0
136.0
92.0
93.0
93.0
137.0
98.0
142.0
126.0
95.0
140.0
93.0
93.0
139.0
96.0
93.0
84.0
93.0
141.0
102.0
91.0
360.0
90.0
94.0
97.0
136.0
98.0
138.0
96.0
134.0
96.0
136.0
81.0
141.0
93.0
135.0
91.0
135.0
93.0
138.0
93.0
94.0
93.0
94.0
141.0
96.0
138.0
92.0
139.0
100.0
133.0
94.0
138.0
93.0
99.0
97.0
138.0
92.0
142.0
94.0
138.0
96.0
134.0
96.0
136.0
85.0
96.0
138.0
91.0
140.0
94.0
96.0
93.0
94.0
136.0
92.0
90.0
135.0
93.0
140.0
94.0
136.0
89.0
133.0
99.0
138.0
90.0
96.0
137.0
95.0
138.0
93.0
138.0
88.0
135.0
90.0
136.0
97.0
137.0
92.0
89.0
140.0
85.0
138.0
96.0
97.0
91.0
92.0
137.0
91.0
514.0
136.0
89.0
139.0
89.0
138.0
93.0
97.0
93.0
97.0
138.0
97.0
136.0
96.0
138.0
94.0
90.0
138.0
90.0
141.0
96.0
134.0
83.0
141.0
98.0
93.0
96.0
138.0
93.0
137.0
453.0
96.0
136.0
94.0
137.0
87.0
93.0
136.0
97.0
139.0
96.0
138.0
90.0
139.0
95.0
93.0
141.0
92.0
132.0
92.0
138.0
94.0
263.0
90.0
138.0
93.0
139.0
91.0
134.0
90.0
93.0
90.0
94.0
137.0
91.0
138.0
93.0
139.0
93.0
98.0
94.0
143.0
96.0
91.0
93.0
139.0
97.0
96.0
140.0
98.0
135.0
93.0
96.0
91.0
89.0
138.0
90.0
141.0
93.0
141.0
89.0
137.0
99.0
97.0
96.0
137.0
98.0
136.0
76.0
89.0
139.0
93.0
142.0
92.0
135.0
91.0
136.0
97.0
93.0
137.0
93.0
136.0
97.0
134.0
94.0
96.0
94.0
87.0
137.0
97.0
139.0
97.0
96.0
137.0
93.0
136.0
90.0
139.0
92.0
97.0
137.0
96.0
139.0
91.0
142.0
90.0
96.0
144.0
88.0
139.0
93.0
136.0
90.0
88.0
140.0
92.0
96.0
86.0
141.0
93.0
86.0
137.0
96.0
80.0
141.0
93.0
138.0
92.0
91.0
94.0
94.0
97.0
138.0
94.0
136.0
98.0
137.0
97.0
94.0
138.0
99.0
91.0
139.0
89.0
136.0
93.0
93.0
136.0
93.0
133.0
91.0
134.0
94.0
134.0
95.0
139.0
92.0
144.0
94.0
134.0
92.0
189.0
95.0
136.0
89.0
138.0
82.0
138.0
96.0
95.0
92.0
93.0
94.0
132.0
90.0
96.0
94.0
136.0
90.0
139.0
93.0
138.0
93.0
140.0
89.0
144.0
84.0
139.0
92.0
139.0
94.0
87.0
145.0
96.0
97.0
136.0
96.0
138.0
92.0
137.0
96.0
140.0
97.0
93.0
87.0
140.0
96.0
136.0
92.0
136.0
84.0
136.0
94.0
138.0
96.0
138.0
98.0
138.0
89.0
134.0
93.0
138.0
98.0
136.0
96.0
97.0
140.0
97.0
137.0
82.0
92.0
93.0
140.0
99.0
93.0
134.0
91.0
137.0
93.0
134.0
91.0
98.0
93.0
140.0
96.0
94.0
133.0
94.0
135.0
89.0
97.0
93.0
137.0
92.0
94.0
139.0
93.0
132.0
91.0
141.0
84.0
139.0
94.0
137.0
97.0
141.0
93.0
90.0
133.0
90.0
87.0
137.0
93.0
97.0
91.0
96.0
98.0
138.0
92.0
93.0
140.0
96.0
136.0
566.0
126.0
89.0
134.0
95.0
142.0
88.0
136.0
97.0
93.0
136.0
96.0
133.0
92.0
132.0
89.0
135.0
97.0
97.0
94.0
97.0
95.0
139.0
92.0
139.0
93.0
135.0
87.0
140.0
93.0
90.0
559.0
95.0
139.0
96.0
95.0
136.0
85.0
134.0
96.0
93.0
93.0
94.0
91.0
139.0
93.0
84.0
137.0
94.0
138.0
87.0
135.0
90.0
137.0
93.0
96.0
191.0
138.0
94.0
136.0
97.0
94.0
97.0
93.0
141.0
96.0
136.0
93.0
93.0
141.0
97.0
93.0
137.0
92.0
97.0
85.0
92.0
141.0
94.0
136.0
93.0
138.0
96.0
93.0
93.0
68.0
141.0
94.0
98.0
98.0
98.0
135.0
85.0
136.0
94.0
139.0
94.0
97.0
91.0
89.0
154.0
90.0
95.0
96.0
135.0
94.0
138.0
433.0
97.0
138.0
93.0
139.0
91.0
92.0
92.0
136.0
94.0
141.0
89.0
142.0
92.0
82.0
205.0
138.0
94.0
98.0
97.0
143.0
94.0
88.0
138.0
93.0
90.0
96.0
93.0
99.0
96.0
135.0
99.0
92.0
138.0
94.0
86.0
93.0
138.0
97.0
94.0
90.0
94.0
141.0
90.0
137.0
84.0
92.0
136.0
87.0
84.0
135.0
94.0
134.0
86.0
135.0
100.0
93.0
97.0
97.0
91.0
92.0
138.0
96.0
92.0
137.0
93.0
94.0
142.0
96.0
134.0
93.0
90.0
97.0
141.0
93.0
87.0
133.0
94.0
144.0
88.0
97.0
96.0
93.0
136.0
99.0
89.0
134.0
91.0
97.0
78.0
134.0
95.0
90.0
140.0
93.0
137.0
98.0
141.0
96.0
89.0
135.0
94.0
137.0
97.0
135.0
88.0
139.0
96.0
136.0
100.0
93.0
134.0
92.0
98.0
93.0
140.0
96.0
138.0
90.0
96.0
142.0
97.0
90.0
91.0
90.0
89.0
93.0
133.0
93.0
90.0
143.0
171.0
138.0
96.0
130.0
91.0
94.0
139.0
91.0
96.0
96.0
91.0
136.0
91.0
195.0
77.0
137.0
93.0
90.0
139.0
90.0
98.0
136.0
92.0
138.0
206.0
138.0
92.0
88.0
103.0
88.0
138.0
88.0
138.0
88.0
93.0
136.0
92.0
93.0
89.0
139.0
95.0
91.0
134.0
95.0
92.0
94.0
135.0
94.0
91.0
92.0
88.0
140.0
440.0
94.0
138.0
100.0
90.0
138.0
90.0
142.0
90.0
137.0
96.0
86.0
134.0
100.0
138.0
86.0
139.0
92.0
97.0
137.0
96.0
97.0
138.0
100.0
138.0
93.0
139.0
92.0
93.0
139.0
98.0
133.0
92.0
138.0
96.0
139.0
92.0
89.0
137.0
92.0
132.0
93.0
96.0
90.0
95.0
137.0
86.0
97.0
99.0
140.0
96.0
92.0
84.0
90.0
141.0
96.0
93.0
94.0
130.0
93.0
94.0
92.0
94.0
91.0
98.0
86.0
138.0
96.0
97.0
138.0
94.0
141.0
96.0
92.0
141.0
84.0
137.0
95.0
93.0
139.0
88.0
91.0
135.0
93.0
134.0
92.0
134.0
90.0
98.0
138.0
89.0
136.0
70.0
146.0
91.0
135.0
89.0
137.0
93.0
133.0
92.0
137.0
90.0
91.0
139.0
94.0
136.0
94.0
142.0
97.0
92.0
134.0
96.0
137.0
88.0
136.0
96.0
93.0
140.0
91.0
94.0
141.0
90.0
131.0
90.0
138.0
92.0
138.0
84.0
139.0
91.0
135.0
89.0
93.0
169.0
136.0
89.0
93.0
137.0
96.0
134.0
93.0
134.0
86.0
142.0
91.0
135.0
93.0
96.0
136.0
83.0
133.0
90.0
136.0
88.0
136.0
82.0
96.0
136.0
97.0
90.0
141.0
493.0
134.0
90.0
95.0
137.0
91.0
141.0
98.0
97.0
137.0
97.0
87.0
93.0
138.0
89.0
139.0
98.0
139.0
91.0
96.0
139.0
99.0
130.0
91.0
138.0
97.0
137.0
93.0
137.0
93.0
140.0
383.0
93.0
137.0
94.0
144.0
94.0
138.0
98.0
141.0
94.0
88.0
93.0
139.0
94.0
96.0
90.0
91.0
138.0
90.0
96.0
95.0
138.0
96.0
141.0
93.0
134.0
88.0
137.0
92.0
141.0
93.0
139.0
93.0
140.0
87.0
95.0
137.0
91.0
94.0
137.0
92.0
93.0
94.0
88.0
133.0
97.0
137.0
94.0
137.0
161.0
97.0
142.0
90.0
137.0
94.0
141.0
84.0
137.0
94.0
136.0
93.0
138.0
93.0
139.0
93.0
137.0
93.0
133.0
83.0
141.0
94.0
91.0
96.0
91.0
99.0
96.0
91.0
96.0
137.0
84.0
142.0
94.0
86.0
95.0
135.0
90.0
89.0
136.0
93.0
136.0
92.0
138.0
88.0
98.0
135.0
98.0
136.0
91.0
138.0
93.0
91.0
143.0
91.0
139.0
98.0
141.0
92.0
95.0
78.0
91.0
137.0
85.0
138.0
94.0
138.0
82.0
141.0
91.0
138.0
94.0
137.0
96.0
133.0
93.0
139.0
93.0
141.0
96.0
137.0
94.0
93.0
141.0
96.0
96.0
96.0
137.0
93.0
141.0
92.0
138.0
77.0
136.0
92.0
138.0
96.0
95.0
93.0
134.0
92.0
137.0
96.0
141.0
90.0
138.0
93.0
84.0
91.0
96.0
140.0
97.0
137.0
91.0
136.0
93.0
95.0
138.0
96.0
136.0
93.0
137.0
94.0
135.0
77.0
138.0
96.0
93.0
90.0
133.0
93.0
96.0
138.0
96.0
90.0
142.0
92.0
133.0
94.0
140.0
94.0
137.0
94.0
140.0
93.0
88.0
96.0
77.0
96.0
136.0
93.0
92.0
138.0
94.0
93.0
133.0
93.0
139.0
86.0
137.0
95.0
132.0
93.0
99.0
94.0
97.0
92.0
98.0
136.0
96.0
92.0
139.0
93.0
135.0
98.0
135.0
96.0
134.0
86.0
93.0
90.0
141.0
90.0
96.0
138.0
90.0
92.0
133.0
97.0
136.0
93.0
137.0
91.0
93.0
97.0
137.0
97.0
93.0
93.0
93.0
140.0
93.0
140.0
90.0
138.0
98.0
139.0
95.0
133.0
98.0
139.0
90.0
138.0
95.0
137.0
94.0
141.0
90.0
86.0
98.0
92.0
94.0
96.0
138.0
98.0
87.0
96.0
90.0
136.0
92.0
139.0
93.0
134.0
94.0
139.0
91.0
142.0
94.0
137.0
89.0
140.0
163.0
90.0
139.0
99.0
135.0
98.0
134.0
90.0
138.0
91.0
138.0
90.0
138.0
90.0
134.0
95.0
140.0
445.0
136.0
96.0
91.0
138.0
340.0
137.0
96.0
91.0
82.0
141.0
89.0
91.0
139.0
93.0
142.0
93.0
137.0
94.0
133.0
85.0
91.0
96.0
98.0
93.0
137.0
95.0
136.0
99.0
136.0
230.0
134.0
97.0
134.0
88.0
88.0
86.0
139.0
98.0
136.0
92.0
95.0
135.0
90.0
140.0
96.0
140.0
94.0
96.0
138.0
89.0
138.0
96.0
94.0
135.0
92.0
106.0
90.0
96.0
100.0
136.0
90.0
135.0
93.0
136.0
91.0
95.0
141.0
85.0
136.0
93.0
93.0
138.0
96.0
93.0
136.0
94.0
137.0
97.0
92.0
140.0
97.0
138.0
95.0
138.0
91.0
93.0
94.0
92.0
88.0
140.0
94.0
139.0
93.0
144.0
90.0
134.0
91.0
139.0
90.0
138.0
322.0
135.0
90.0
138.0
93.0
138.0
94.0
134.0
98.0
139.0
92.0
138.0
94.0
142.0
91.0
90.0
136.0
96.0
140.0
93.0
90.0
137.0
93.0
139.0
96.0
137.0
76.0
137.0
93.0
136.0
94.0
139.0
93.0
94.0
86.0
94.0
138.0
94.0
137.0
93.0
94.0
134.0
98.0
137.0
93.0
138.0
97.0
134.0
89.0
138.0
93.0
132.0
97.0
95.0
90.0
88.0
136.0
93.0
136.0
90.0
140.0
91.0
91.0
96.0
99.0
133.0
96.0
92.0
93.0
99.0
139.0
90.0
93.0
91.0
137.0
89.0
137.0
97.0
141.0
93.0
96.0
137.0
94.0
139.0
91.0
136.0
93.0
137.0
90.0
92.0
494.0
95.0
137.0
94.0
90.0
140.0
94.0
98.0
138.0
93.0
91.0
97.0
133.0
93.0
138.0
98.0
138.0
89.0
90.0
134.0
95.0
131.0
88.0
133.0
95.0
94.0
88.0
141.0
251.0
129.0
97.0
94.0
138.0
98.0
94.0
97.0
94.0
141.0
91.0
138.0
95.0
133.0
96.0
138.0
94.0
137.0
93.0
94.0
138.0
90.0
137.0
96.0
138.0
92.0
138.0
94.0
89.0
139.0
84.0
81.0
143.0
93.0
136.0
83.0
138.0
96.0
93.0
137.0
95.0
92.0
96.0
90.0
94.0
131.0
97.0
94.0
139.0
92.0
136.0
92.0
139.0
93.0
135.0
90.0
142.0
97.0
137.0
93.0
141.0
93.0
93.0
136.0
94.0
138.0
85.0
134.0
96.0
137.0
96.0
102.0
140.0
91.0
96.0
139.0
90.0
130.0
90.0
139.0
94.0
95.0
136.0
93.0
133.0
94.0
141.0
82.0
141.0
93.0
89.0
86.0
137.0
93.0
94.0
139.0
93.0
96.0
91.0
91.0
92.0
139.0
96.0
138.0
92.0
91.0
90.0
138.0
89.0
137.0
93.0
138.0
94.0
93.0
137.0
92.0
138.0
93.0
93.0
94.0
138.0
91.0
94.0
141.0
91.0
95.0
94.0
98.0
98.0
96.0
352.0
86.0
135.0
90.0
90.0
96.0
136.0
83.0
91.0
141.0
81.0
135.0
93.0
137.0
93.0
97.0
88.0
136.0
91.0
135.0
101.0
93.0
138.0
94.0
94.0
162.0
142.0
98.0
139.0
85.0
136.0
86.0
140.0
96.0
138.0
91.0
138.0
90.0
142.0
93.0
134.0
192.0
93.0
138.0
93.0
94.0
135.0
93.0
137.0
97.0
94.0
99.0
137.0
90.0
92.0
137.0
96.0
136.0
90.0
87.0
136.0
92.0
142.0
81.0
136.0
96.0
94.0
138.0
89.0
95.0
97.0
97.0
94.0
130.0
82.0
137.0
93.0
97.0
138.0
98.0
97.0
98.0
137.0
94.0
97.0
95.0
96.0
91.0
97.0
134.0
100.0
96.0
98.0
90.0
92.0
134.0
91.0
137.0
94.0
97.0
140.0
90.0
94.0
94.0
88.0
92.0
138.0
97.0
88.0
133.0
96.0
90.0
135.0
96.0
96.0
92.0
132.0
97.0
90.0
138.0
93.0
138.0
93.0
91.0
142.0
88.0
138.0
91.0
138.0
87.0
135.0
97.0
97.0
96.0
141.0
94.0
141.0
94.0
133.0
96.0
94.0
91.0
140.0
96.0
94.0
90.0
138.0
93.0
89.0
93.0
141.0
92.0
91.0
96.0
139.0
82.0
95.0
96.0
133.0
96.0
90.0
95.0
137.0
92.0
92.0
87.0
137.0
92.0
91.0
137.0
96.0
139.0
67.0
142.0
85.0
137.0
96.0
165.0
136.0
93.0
86.0
138.0
94.0
139.0
94.0
93.0
142.0
95.0
98.0
93.0
87.0
95.0
137.0
93.0
135.0
96.0
87.0
91.0
136.0
95.0
94.0
85.0
93.0
94.0
133.0
87.0
136.0
91.0
173.0
94.0
138.0
86.0
136.0
96.0
96.0
138.0
93.0
141.0
100.0
95.0
91.0
95.0
136.0
97.0
135.0
93.0
136.0
89.0
98.0
87.0
140.0
96.0
90.0
137.0
94.0
135.0
96.0
91.0
137.0
456.0
141.0
94.0
82.0
138.0
94.0
88.0
96.0
139.0
94.0
139.0
87.0
139.0
92.0
141.0
94.0
136.0
98.0
139.0
89.0
140.0
91.0
93.0
94.0
138.0
90.0
93.0
94.0
85.0
142.0
98.0
98.0
133.0
93.0
96.0
138.0
94.0
96.0
136.0
90.0
136.0
92.0
137.0
93.0
139.0
91.0
137.0
98.0
96.0
136.0
94.0
90.0
94.0
95.0
93.0
95.0
136.0
95.0
133.0
93.0
135.0
91.0
131.0
92.0
138.0
74.0
138.0
94.0
140.0
89.0
80.0
139.0
93.0
93.0
97.0
97.0
136.0
96.0
92.0
137.0
96.0
98.0
138.0
94.0
135.0
91.0
137.0
96.0
94.0
94.0
139.0
94.0
138.0
90.0
139.0
89.0
139.0
98.0
142.0
97.0
91.0
135.0
97.0
93.0
133.0
93.0
134.0
95.0
137.0
90.0
136.0
93.0
95.0
85.0
93.0
96.0
138.0
95.0
137.0
89.0
141.0
91.0
141.0
273.0
91.0
140.0
93.0
95.0
97.0
134.0
79.0
90.0
94.0
90.0
132.0
93.0
136.0
92.0
136.0
94.0
137.0
92.0
91.0
96.0
136.0
91.0
139.0
92.0
90.0
137.0
226.0
92.0
134.0
98.0
142.0
101.0
96.0
139.0
93.0
97.0
101.0
138.0
75.0
144.0
96.0
139.0
94.0
87.0
89.0
95.0
138.0
97.0
94.0
82.0
91.0
136.0
92.0
93.0
129.0
92.0
138.0
96.0
94.0
91.0
137.0
93.0
138.0
89.0
84.0
140.0
92.0
138.0
95.0
133.0
96.0
133.0
90.0
93.0
85.0
135.0
93.0
142.0
93.0
93.0
139.0
94.0
140.0
92.0
138.0
91.0
137.0
94.0
139.0
98.0
93.0
98.0
141.0
93.0
135.0
93.0
138.0
94.0
96.0
137.0
93.0
67.0
143.0
96.0
139.0
94.0
85.0
93.0
92.0
138.0
96.0
139.0
92.0
93.0
98.0
89.0
94.0
136.0
97.0
138.0
90.0
138.0
94.0
90.0
91.0
137.0
93.0
136.0
90.0
137.0
93.0
139.0
94.0
90.0
138.0
96.0
138.0
91.0
92.0
137.0
91.0
133.0
97.0
137.0
86.0
96.0
141.0
90.0
93.0
88.0
90.0
95.0
136.0
85.0
139.0
96.0
140.0
90.0
138.0
86.0
88.0
93.0
141.0
93.0
141.0
94.0
134.0
94.0
136.0
96.0
95.0
136.0
94.0
138.0
83.0
88.0
133.0
98.0
138.0
94.0
141.0
92.0
101.0
138.0
96.0
133.0
93.0
137.0
96.0
137.0
101.0
138.0
93.0
138.0
92.0
138.0
165.0
139.0
93.0
94.0
137.0
99.0
91.0
136.0
91.0
93.0
95.0
139.0
90.0
139.0
96.0
139.0
96.0
93.0
92.0
136.0
93.0
136.0
88.0
92.0
97.0
138.0
90.0
96.0
134.0
95.0
97.0
139.0
93.0
93.0
81.0
136.0
76.0
90.0
133.0
478.0
96.0
140.0
92.0
94.0
134.0
96.0
89.0
141.0
93.0
93.0
137.0
90.0
85.0
136.0
94.0
137.0
95.0
137.0
95.0
98.0
98.0
93.0
135.0
96.0
101.0
136.0
93.0
139.0
92.0
136.0
84.0
138.0
94.0
85.0
138.0
478.0
84.0
140.0
444.0
135.0
409.0
95.0
90.0
136.0
95.0
138.0
90.0
138.0
96.0
133.0
96.0
95.0
138.0
94.0
138.0
98.0
137.0
93.0
94.0
139.0
97.0
87.0
138.0
94.0
135.0
96.0
134.0
93.0
141.0
91.0
86.0
96.0
131.0
96.0
91.0
85.0
92.0
94.0
93.0
139.0
91.0
96.0
94.0
138.0
78.0
96.0
138.0
85.0
137.0
94.0
93.0
136.0
97.0
132.0
90.0
134.0
91.0
93.0
131.0
91.0
136.0
94.0
138.0
101.0
134.0
95.0
134.0
90.0
93.0
91.0
139.0
93.0
91.0
135.0
88.0
137.0
91.0
98.0
134.0
96.0
136.0
93.0
137.0
93.0
139.0
96.0
139.0
90.0
139.0
96.0
138.0
89.0
138.0
94.0
138.0
94.0
138.0
98.0
96.0
137.0
93.0
135.0
87.0
138.0
80.0
144.0
91.0
91.0
132.0
97.0
139.0
97.0
96.0
135.0
96.0
139.0
93.0
138.0
91.0
85.0
133.0
91.0
90.0
139.0
91.0
96.0
96.0
96.0
90.0
133.0
96.0
94.0
92.0
143.0
94.0
138.0
97.0
92.0
141.0
91.0
88.0
140.0
92.0
139.0
93.0
91.0
95.0
134.0
96.0
85.0
138.0
93.0
138.0
90.0
137.0
77.0
142.0
98.0
140.0
93.0
137.0
98.0
96.0
92.0
136.0
88.0
95.0
139.0
89.0
84.0
95.0
133.0
97.0
139.0
91.0
132.0
96.0
138.0
96.0
97.0
93.0
137.0
90.0
136.0
97.0
94.0
134.0
91.0
95.0
139.0
85.0
136.0
94.0
136.0
524.0
92.0
139.0
98.0
96.0
91.0
137.0
92.0
55.0
149.0
74.0
93.0
142.0
98.0
96.0
136.0
94.0
91.0
95.0
94.0
93.0
96.0
96.0
133.0
98.0
136.0
96.0
86.0
138.0
98.0
94.0
139.0
96.0
139.0
96.0
136.0
91.0
142.0
96.0
136.0
88.0
134.0
97.0
135.0
94.0
94.0
96.0
91.0
96.0
89.0
97.0
138.0
90.0
81.0
89.0
140.0
90.0
136.0
93.0
91.0
85.0
136.0
91.0
136.0
97.0
87.0
144.0
97.0
94.0
100.0
88.0
86.0
90.0
134.0
94.0
138.0
97.0
134.0
90.0
137.0
99.0
138.0
94.0
86.0
91.0
136.0
93.0
144.0
80.0
213.0
93.0
90.0
138.0
97.0
97.0
137.0
98.0
140.0
91.0
133.0
89.0
95.0
141.0
86.0
93.0
92.0
140.0
91.0
94.0
91.0
90.0
144.0
89.0
139.0
188.0
140.0
94.0
134.0
96.0
85.0
90.0
141.0
99.0
132.0
94.0
134.0
85.0
152.0
96.0
137.0
98.0
138.0
92.0
94.0
91.0
91.0
142.0
90.0
137.0
94.0
136.0
98.0
138.0
89.0
90.0
137.0
89.0
138.0
94.0
135.0
98.0
91.0
92.0
97.0
95.0
138.0
94.0
137.0
94.0
276.0
90.0
136.0
95.0
138.0
97.0
132.0
88.0
142.0
90.0
135.0
98.0
139.0
97.0
138.0
89.0
141.0
84.0
134.0
97.0
136.0
94.0
137.0
98.0
139.0
94.0
89.0
136.0
89.0
139.0
95.0
140.0
98.0
133.0
93.0
95.0
136.0
91.0
301.0
133.0
94.0
139.0
96.0
92.0
96.0
133.0
94.0
87.0
140.0
89.0
141.0
87.0
141.0
96.0
444.0
95.0
97.0
135.0
260.0
93.0
92.0
97.0
138.0
96.0
135.0
94.0
94.0
140.0
166.0
138.0
88.0
91.0
140.0
96.0
141.0
90.0
94.0
94.0
94.0
96.0
93.0
130.0
93.0
143.0
94.0
94.0
140.0
95.0
91.0
136.0
92.0
138.0
96.0
140.0
93.0
95.0
94.0
94.0
133.0
81.0
93.0
92.0
93.0
98.0
137.0
97.0
97.0
138.0
83.0
141.0
94.0
137.0
90.0
135.0
97.0
133.0
94.0
134.0
96.0
140.0
92.0
96.0
93.0
134.0
94.0
138.0
90.0
141.0
98.0
137.0
96.0
90.0
138.0
91.0
141.0
97.0
84.0
137.0
98.0
137.0
94.0
138.0
93.0
137.0
404.0
94.0
141.0
92.0
133.0
91.0
137.0
98.0
137.0
97.0
137.0
99.0
140.0
91.0
93.0
88.0
93.0
141.0
94.0
133.0
93.0
91.0
133.0
96.0
91.0
93.0
137.0
94.0
136.0
98.0
137.0
434.0
89.0
137.0
94.0
133.0
92.0
90.0
139.0
101.0
93.0
140.0
93.0
96.0
138.0
92.0
96.0
137.0
93.0
139.0
94.0
93.0
133.0
78.0
88.0
136.0
95.0
144.0
94.0
93.0
97.0
93.0
96.0
139.0
89.0
89.0
141.0
97.0
136.0
94.0
94.0
136.0
96.0
140.0
86.0
94.0
138.0
91.0
135.0
96.0
92.0
135.0
92.0
134.0
92.0
93.0
139.0
93.0
78.0
137.0
98.0
92.0
135.0
94.0
137.0
100.0
89.0
133.0
94.0
142.0
92.0
97.0
138.0
90.0
138.0
93.0
101.0
92.0
137.0
86.0
91.0
138.0
92.0
138.0
84.0
140.0
96.0
138.0
96.0
96.0
91.0
136.0
98.0
137.0
145.0
142.0
93.0
137.0
92.0
90.0
142.0
94.0
137.0
97.0
92.0
135.0
97.0
93.0
66.0
144.0
90.0
93.0
137.0
91.0
95.0
136.0
88.0
137.0
91.0
95.0
397.0
130.0
93.0
141.0
100.0
136.0
98.0
94.0
85.0
135.0
88.0
96.0
98.0
82.0
96.0
138.0
93.0
93.0
90.0
138.0
177.0
93.0
141.0
101.0
136.0
90.0
134.0
90.0
146.0
94.0
98.0
135.0
98.0
93.0
137.0
94.0
96.0
94.0
97.0
138.0
89.0
91.0
133.0
93.0
138.0
83.0
138.0
90.0
135.0
93.0
92.0
135.0
95.0
139.0
87.0
99.0
137.0
96.0
138.0
91.0
95.0
98.0
136.0
95.0
93.0
88.0
86.0
138.0
91.0
136.0
92.0
143.0
99.0
90.0
141.0
95.0
133.0
90.0
87.0
138.0
94.0
137.0
517.0
285.0
132.0
88.0
95.0
134.0
94.0
96.0
138.0
90.0
93.0
134.0
378.0
94.0
94.0
130.0
95.0
141.0
93.0
90.0
141.0
93.0
140.0
80.0
136.0
94.0
145.0
96.0
93.0
138.0
91.0
138.0
96.0
137.0
90.0
137.0
96.0
136.0
88.0
134.0
90.0
133.0
95.0
97.0
132.0
91.0
97.0
92.0
96.0
138.0
93.0
93.0
137.0
94.0
136.0
73.0
138.0
89.0
89.0
136.0
95.0
93.0
90.0
134.0
91.0
151.0
96.0
97.0
94.0
138.0
93.0
135.0
97.0
96.0
137.0
100.0
88.0
140.0
94.0
94.0
91.0
94.0
96.0
136.0
92.0
138.0
96.0
92.0
138.0
87.0
141.0
96.0
96.0
137.0
94.0
137.0
94.0
98.0
100.0
142.0
93.0
135.0
90.0
91.0
136.0
90.0
93.0
138.0
90.0
96.0
136.0
89.0
98.0
98.0
139.0
95.0
136.0
96.0
134.0
89.0
134.0
96.0
101.0
138.0
98.0
136.0
89.0
138.0
93.0
90.0
93.0
93.0
136.0
93.0
90.0
94.0
140.0
91.0
94.0
137.0
94.0
224.0
88.0
138.0
86.0
96.0
98.0
92.0
92.0
93.0
137.0
193.0
134.0
95.0
93.0
138.0
93.0
96.0
97.0
96.0
94.0
97.0
97.0
92.0
137.0
93.0
141.0
99.0
137.0
94.0
93.0
139.0
94.0
140.0
96.0
141.0
93.0
93.0
138.0
94.0
135.0
90.0
139.0
90.0
137.0
91.0
94.0
137.0
96.0
136.0
96.0
136.0
90.0
140.0
94.0
139.0
93.0
136.0
88.0
138.0
90.0
101.0
94.0
137.0
91.0
133.0
89.0
133.0
87.0
138.0
96.0
98.0
97.0
85.0
139.0
93.0
94.0
141.0
91.0
136.0
93.0
91.0
136.0
92.0
84.0
139.0
83.0
138.0
91.0
140.0
93.0
97.0
143.0
93.0
139.0
91.0
92.0
93.0
89.0
142.0
94.0
94.0
94.0
137.0
94.0
139.0
95.0
90.0
94.0
138.0
94.0
136.0
98.0
139.0
95.0
81.0
138.0
90.0
139.0
81.0
140.0
96.0
141.0
98.0
138.0
86.0
93.0
90.0
89.0
91.0
96.0
91.0
187.0
473.0
139.0
94.0
138.0
84.0
133.0
86.0
135.0
168.0
90.0
96.0
137.0
90.0
94.0
139.0
88.0
140.0
97.0
92.0
136.0
96.0
132.0
93.0
133.0
85.0
95.0
85.0
91.0
136.0
97.0
101.0
98.0
96.0
138.0
90.0
88.0
150.0
97.0
133.0
98.0
92.0
136.0
90.0
94.0
138.0
88.0
93.0
133.0
93.0
131.0
91.0
90.0
94.0
93.0
139.0
93.0
137.0
95.0
93.0
140.0
96.0
97.0
135.0
90.0
99.0
139.0
87.0
141.0
92.0
92.0
141.0
93.0
87.0
99.0
98.0
94.0
141.0
96.0
136.0
94.0
90.0
138.0
92.0
141.0
93.0
139.0
97.0
138.0
169.0
136.0
80.0
137.0
88.0
133.0
90.0
279.0
134.0
89.0
132.0
97.0
139.0
92.0
140.0
93.0
90.0
93.0
97.0
137.0
94.0
136.0
94.0
136.0
96.0
138.0
98.0
88.0
140.0
90.0
94.0
134.0
98.0
139.0
98.0
88.0
136.0
98.0
96.0
139.0
92.0
138.0
92.0
138.0
90.0
96.0
138.0
74.0
146.0
95.0
92.0
137.0
96.0
65.0
145.0
90.0
96.0
94.0
90.0
93.0
101.0
137.0
93.0
97.0
137.0
90.0
139.0
97.0
94.0
91.0
92.0
133.0
90.0
138.0
98.0
92.0
96.0
88.0
136.0
97.0
94.0
135.0
94.0
97.0
95.0
136.0
92.0
96.0
98.0
91.0
93.0
96.0
142.0
93.0
84.0
101.0
97.0
88.0
135.0
164.0
133.0
91.0
136.0
93.0
132.0
92.0
135.0
98.0
92.0
93.0
134.0
90.0
138.0
90.0
93.0
142.0
94.0
96.0
134.0
94.0
139.0
90.0
136.0
94.0
69.0
140.0
93.0
89.0
132.0
96.0
94.0
87.0
135.0
92.0
138.0
96.0
133.0
97.0
137.0
96.0
96.0
94.0
134.0
93.0
139.0
42.0
162.0
96.0
138.0
88.0
95.0
133.0
93.0
93.0
139.0
93.0
90.0
95.0
93.0
97.0
90.0
138.0
363.0
97.0
96.0
94.0
96.0
137.0
93.0
136.0
93.0
138.0
90.0
92.0
139.0
90.0
137.0
93.0
92.0
134.0
97.0
137.0
99.0
137.0
89.0
90.0
138.0
94.0
142.0
91.0
139.0
91.0
137.0
94.0
93.0
136.0
92.0
136.0
97.0
92.0
137.0
94.0
90.0
139.0
92.0
94.0
133.0
85.0
131.0
93.0
91.0
98.0
132.0
90.0
139.0
92.0
140.0
93.0
138.0
92.0
94.0
91.0
139.0
90.0
139.0
87.0
138.0
86.0
138.0
96.0
137.0
93.0
136.0
93.0
138.0
96.0
137.0
93.0
136.0
96.0
135.0
90.0
92.0
137.0
92.0
137.0
91.0
137.0
98.0
133.0
93.0
136.0
93.0
138.0
96.0
138.0
96.0
138.0
93.0
94.0
92.0
137.0
100.0
138.0
97.0
94.0
138.0
94.0
135.0
93.0
93.0
94.0
97.0
86.0
96.0
136.0
86.0
137.0
91.0
137.0
93.0
138.0
100.0
139.0
97.0
135.0
94.0
94.0
96.0
137.0
90.0
140.0
93.0
91.0
141.0
92.0
134.0
93.0
138.0
87.0
93.0
93.0
139.0
93.0
139.0
94.0
92.0
138.0
94.0
137.0
78.0
140.0
94.0
93.0
141.0
91.0
137.0
86.0
138.0
98.0
135.0
96.0
142.0
90.0
134.0
93.0
139.0
95.0
136.0
85.0
90.0
138.0
97.0
137.0
98.0
95.0
87.0
136.0
91.0
143.0
97.0
93.0
93.0
92.0
98.0
80.0
141.0
96.0
136.0
95.0
136.0
94.0
140.0
98.0
134.0
93.0
96.0
98.0
96.0
94.0
138.0
90.0
139.0
91.0
133.0
93.0
136.0
93.0
92.0
93.0
90.0
96.0
135.0
96.0
91.0
98.0
138.0
89.0
139.0
94.0
134.0
88.0
141.0
90.0
141.0
95.0
137.0
93.0
136.0
97.0
139.0
96.0
136.0
93.0
133.0
96.0
136.0
98.0
84.0
97.0
136.0
93.0
141.0
93.0
138.0
421.0
75.0
140.0
87.0
134.0
94.0
138.0
80.0
86.0
97.0
91.0
136.0
94.0
139.0
86.0
491.0
82.0
135.0
96.0
137.0
90.0
134.0
97.0
133.0
92.0
87.0
137.0
92.0
138.0
495.0
93.0
138.0
96.0
141.0
98.0
137.0
275.0
96.0
137.0
97.0
136.0
97.0
140.0
94.0
137.0
90.0
138.0
88.0
95.0
98.0
94.0
142.0
89.0
139.0
96.0
133.0
92.0
136.0
98.0
93.0
91.0
139.0
91.0
96.0
91.0
136.0
90.0
94.0
133.0
93.0
139.0
97.0
137.0
90.0
94.0
91.0
98.0
133.0
86.0
137.0
91.0
83.0
137.0
93.0
139.0
91.0
91.0
138.0
95.0
97.0
138.0
93.0
133.0
96.0
93.0
94.0
139.0
94.0
91.0
140.0
93.0
86.0
141.0
93.0
92.0
136.0
93.0
136.0
93.0
135.0
98.0
89.0
141.0
94.0
95.0
138.0
97.0
134.0
92.0
91.0
138.0
100.0
144.0
94.0
138.0
94.0
137.0
88.0
138.0
94.0
84.0
94.0
140.0
91.0
81.0
96.0
93.0
90.0
91.0
134.0
96.0
139.0
94.0
138.0
87.0
138.0
96.0
92.0
137.0
98.0
88.0
141.0
90.0
93.0
136.0
90.0
138.0
92.0
97.0
95.0
134.0
90.0
137.0
90.0
136.0
83.0
133.0
94.0
137.0
96.0
91.0
142.0
92.0
138.0
97.0
142.0
91.0
138.0
96.0
97.0
98.0
94.0
135.0
96.0
138.0
92.0
93.0
139.0
92.0
139.0
94.0
137.0
88.0
136.0
98.0
93.0
137.0
87.0
139.0
90.0
96.0
90.0
140.0
94.0
94.0
90.0
93.0
89.0
95.0
136.0
87.0
141.0
95.0
135.0
95.0
96.0
138.0
90.0
94.0
136.0
90.0
91.0
96.0
97.0
85.0
139.0
90.0
138.0
90.0
95.0
134.0
90.0
98.0
91.0
98.0
92.0
85.0
141.0
88.0
138.0
94.0
138.0
236.0
96.0
141.0
94.0
91.0
135.0
96.0
95.0
137.0
86.0
143.0
89.0
415.0
132.0
92.0
132.0
85.0
139.0
94.0
91.0
139.0
100.0
91.0
86.0
138.0
93.0
93.0
137.0
97.0
90.0
139.0
94.0
138.0
88.0
138.0
74.0
139.0
98.0
90.0
138.0
98.0
80.0
137.0
97.0
137.0
97.0
138.0
98.0
91.0
138.0
87.0
97.0
92.0
82.0
136.0
87.0
95.0
133.0
93.0
137.0
92.0
93.0
135.0
224.0
89.0
134.0
94.0
90.0
93.0
144.0
90.0
138.0
87.0
139.0
93.0
88.0
133.0
97.0
137.0
93.0
90.0
132.0
87.0
135.0
93.0
85.0
138.0
94.0
93.0
139.0
80.0
139.0
86.0
136.0
95.0
136.0
94.0
136.0
96.0
136.0
90.0
90.0
137.0
80.0
96.0
138.0
92.0
93.0
134.0
94.0
93.0
90.0
138.0
91.0
87.0
94.0
94.0
136.0
93.0
138.0
101.0
136.0
93.0
135.0
93.0
96.0
96.0
96.0
98.0
94.0
142.0
98.0
136.0
94.0
93.0
138.0
96.0
134.0
98.0
90.0
95.0
141.0
94.0
142.0
98.0
87.0
96.0
136.0
96.0
137.0
97.0
94.0
85.0
141.0
95.0
137.0
95.0
97.0
92.0
136.0
87.0
140.0
89.0
133.0
92.0
136.0
93.0
83.0
92.0
140.0
97.0
101.0
138.0
98.0
94.0
137.0
72.0
141.0
93.0
138.0
91.0
94.0
95.0
138.0
93.0
141.0
94.0
100.0
93.0
95.0
138.0
157.0
98.0
137.0
89.0
91.0
140.0
97.0
91.0
136.0
85.0
94.0
140.0
96.0
138.0
98.0
102.0
136.0
95.0
132.0
91.0
94.0
139.0
94.0
133.0
95.0
91.0
133.0
97.0
135.0
96.0
85.0
137.0
93.0
137.0
90.0
87.0
137.0
94.0
139.0
98.0
92.0
90.0
138.0
93.0
136.0
93.0
141.0
94.0
137.0
97.0
90.0
137.0
95.0
140.0
90.0
136.0
93.0
135.0
88.0
139.0
94.0
137.0
88.0
94.0
141.0
98.0
143.0
94.0
95.0
94.0
93.0
140.0
90.0
137.0
90.0
92.0
136.0
91.0
131.0
102.0
141.0
93.0
93.0
90.0
141.0
92.0
140.0
93.0
92.0
98.0
90.0
91.0
141.0
96.0
86.0
135.0
89.0
139.0
91.0
81.0
136.0
94.0
136.0
94.0
133.0
93.0
135.0
91.0
93.0
91.0
141.0
92.0
93.0
134.0
93.0
138.0
94.0
139.0
94.0
91.0
137.0
95.0
136.0
407.0
93.0
92.0
137.0
95.0
90.0
95.0
89.0
97.0
97.0
94.0
136.0
96.0
98.0
136.0
93.0
93.0
135.0
96.0
136.0
96.0
96.0
93.0
91.0
141.0
90.0
91.0
138.0
97.0
87.0
94.0
96.0
96.0
88.0
133.0
98.0
86.0
93.0
91.0
86.0
139.0
94.0
98.0
89.0
133.0
90.0
92.0
98.0
138.0
98.0
134.0
91.0
139.0
92.0
136.0
93.0
138.0
482.0
92.0
137.0
97.0
94.0
135.0
96.0
94.0
140.0
97.0
139.0
103.0
93.0
93.0
139.0
93.0
90.0
135.0
93.0
97.0
93.0
98.0
93.0
93.0
139.0
89.0
140.0
96.0
138.0
92.0
141.0
98.0
140.0
94.0
90.0
135.0
89.0
93.0
96.0
94.0
92.0
93.0
137.0
210.0
137.0
93.0
101.0
138.0
96.0
136.0
94.0
138.0
94.0
138.0
91.0
136.0
92.0
133.0
90.0
136.0
94.0
97.0
142.0
95.0
94.0
142.0
99.0
138.0
93.0
138.0
94.0
136.0
96.0
136.0
90.0
96.0
94.0
96.0
83.0
135.0
98.0
94.0
505.0
100.0
97.0
138.0
92.0
134.0
92.0
96.0
141.0
90.0
138.0
98.0
140.0
98.0
93.0
95.0
133.0
96.0
140.0
97.0
94.0
94.0
136.0
91.0
95.0
141.0
90.0
139.0
93.0
141.0
91.0
93.0
90.0
137.0
91.0
137.0
91.0
142.0
86.0
94.0
96.0
135.0
95.0
141.0
97.0
136.0
96.0
134.0
95.0
82.0
90.0
138.0
92.0
97.0
94.0
91.0
138.0
91.0
96.0
141.0
82.0
138.0
80.0
138.0
92.0
94.0
93.0
136.0
89.0
138.0
89.0
95.0
135.0
91.0
140.0
89.0
134.0
94.0
138.0
96.0
96.0
139.0
96.0
97.0
138.0
96.0
137.0
96.0
138.0
91.0
136.0
93.0
90.0
138.0
94.0
139.0
388.0
98.0
137.0
93.0
142.0
93.0
94.0
90.0
96.0
97.0
97.0
138.0
91.0
93.0
135.0
97.0
133.0
96.0
98.0
137.0
93.0
138.0
180.0
136.0
91.0
453.0
94.0
138.0
92.0
139.0
93.0
133.0
91.0
138.0
84.0
144.0
90.0
96.0
95.0
140.0
90.0
87.0
138.0
93.0
139.0
94.0
134.0
96.0
91.0
91.0
91.0
90.0
85.0
137.0
96.0
84.0
137.0
253.0
91.0
96.0
139.0
90.0
137.0
92.0
98.0
93.0
95.0
138.0
90.0
140.0
96.0
306.0
95.0
142.0
96.0
93.0
93.0
93.0
136.0
93.0
91.0
136.0
91.0
142.0
92.0
97.0
132.0
98.0
85.0
138.0
84.0
96.0
94.0
93.0
139.0
98.0
138.0
90.0
93.0
94.0
134.0
93.0
133.0
93.0
98.0
141.0
97.0
139.0
97.0
94.0
142.0
98.0
140.0
97.0
94.0
137.0
91.0
137.0
94.0
94.0
94.0
138.0
87.0
94.0
135.0
82.0
91.0
88.0
140.0
96.0
96.0
93.0
93.0
93.0
138.0
90.0
138.0
95.0
136.0
92.0
137.0
96.0
94.0
94.0
100.0
96.0
94.0
100.0
93.0
93.0
99.0
137.0
93.0
91.0
92.0
97.0
140.0
85.0
90.0
133.0
94.0
93.0
96.0
136.0
96.0
97.0
93.0
96.0
98.0
137.0
96.0
96.0
138.0
95.0
134.0
94.0
90.0
136.0
96.0
96.0
93.0
139.0
93.0
137.0
547.0
139.0
93.0
96.0
97.0
136.0
95.0
139.0
96.0
89.0
140.0
91.0
89.0
138.0
90.0
91.0
98.0
91.0
141.0
91.0
93.0
92.0
97.0
84.0
137.0
96.0
93.0
138.0
85.0
92.0
90.0
94.0
139.0
276.0
98.0
86.0
137.0
99.0
90.0
512.0
94.0
95.0
139.0
90.0
139.0
88.0
91.0
138.0
94.0
141.0
87.0
91.0
141.0
92.0
94.0
134.0
98.0
140.0
100.0
94.0
88.0
136.0
96.0
134.0
97.0
101.0
96.0
137.0
95.0
138.0
89.0
136.0
99.0
93.0
141.0
94.0
136.0
90.0
97.0
142.0
95.0
131.0
93.0
91.0
138.0
93.0
98.0
141.0
92.0
134.0
97.0
135.0
96.0
94.0
96.0
137.0
94.0
141.0
100.0
96.0
90.0
138.0
93.0
96.0
90.0
93.0
93.0
98.0
81.0
143.0
95.0
93.0
142.0
94.0
91.0
137.0
100.0
78.0
140.0
94.0
84.0
98.0
141.0
93.0
140.0
93.0
94.0
96.0
94.0
93.0
136.0
95.0
140.0
94.0
139.0
93.0
138.0
91.0
139.0
96.0
93.0
96.0
138.0
93.0
97.0
91.0
138.0
94.0
138.0
98.0
93.0
97.0
94.0
138.0
94.0
141.0
93.0
138.0
94.0
136.0
92.0
85.0
73.0
144.0
94.0
93.0
94.0
140.0
97.0
135.0
93.0
137.0
96.0
138.0
94.0
91.0
92.0
95.0
90.0
138.0
92.0
94.0
89.0
142.0
96.0
136.0
95.0
141.0
94.0
138.0
96.0
97.0
138.0
95.0
134.0
90.0
135.0
94.0
141.0
101.0
98.0
139.0
98.0
139.0
97.0
136.0
90.0
140.0
93.0
90.0
95.0
136.0
89.0
97.0
96.0
141.0
98.0
143.0
98.0
96.0
91.0
96.0
91.0
137.0
174.0
93.0
95.0
136.0
98.0
98.0
142.0
96.0
135.0
93.0
95.0
93.0
97.0
141.0
91.0
91.0
91.0
139.0
456.0
94.0
94.0
137.0
512.0
93.0
97.0
141.0
97.0
138.0
91.0
97.0
101.0
140.0
93.0
94.0
101.0
96.0
93.0
92.0
93.0
136.0
86.0
138.0
97.0
87.0
136.0
89.0
94.0
94.0
135.0
92.0
131.0
90.0
136.0
102.0
94.0
96.0
140.0
91.0
89.0
138.0
94.0
93.0
135.0
96.0
91.0
138.0
98.0
94.0
137.0
90.0
96.0
84.0
138.0
97.0
140.0
98.0
139.0
97.0
139.0
94.0
137.0
94.0
140.0
92.0
98.0
136.0
93.0
92.0
91.0
97.0
92.0
139.0
91.0
91.0
96.0
93.0
98.0
136.0
95.0
91.0
138.0
93.0
98.0
93.0
136.0
93.0
137.0
99.0
138.0
96.0
94.0
139.0
93.0
141.0
92.0
100.0
94.0
329.0
91.0
139.0
94.0
141.0
100.0
137.0
95.0
137.0
92.0
138.0
538.0
88.0
136.0
89.0
138.0
94.0
237.0
90.0
93.0
88.0
99.0
96.0
94.0
93.0
139.0
98.0
92.0
141.0
89.0
141.0
96.0
98.0
140.0
93.0
91.0
137.0
90.0
94.0
100.0
97.0
89.0
138.0
96.0
98.0
89.0
96.0
100.0
140.0
97.0
133.0
97.0
140.0
94.0
138.0
89.0
139.0
90.0
139.0
205.0
136.0
88.0
94.0
96.0
94.0
82.0
138.0
92.0
138.0
96.0
93.0
90.0
133.0
96.0
89.0
274.0
90.0
93.0
139.0
92.0
93.0
94.0
133.0
399.0
96.0
134.0
94.0
137.0
94.0
103.0
89.0
142.0
579.0
114.0
96.0
137.0
95.0
138.0
93.0
101.0
139.0
97.0
94.0
141.0
93.0
141.0
93.0
139.0
96.0
99.0
81.0
93.0
139.0
89.0
64.0
142.0
98.0
94.0
134.0
97.0
92.0
137.0
94.0
141.0
96.0
138.0
94.0
136.0
91.0
90.0
95.0
138.0
82.0
98.0
91.0
98.0
90.0
95.0
140.0
95.0
91.0
139.0
92.0
92.0
94.0
85.0
95.0
141.0
91.0
137.0
91.0
139.0
102.0
89.0
141.0
93.0
93.0
169.0
94.0
140.0
95.0
91.0
137.0
96.0
134.0
179.0
93.0
96.0
91.0
139.0
97.0
95.0
138.0
94.0
140.0
95.0
90.0
97.0
96.0
93.0
95.0
134.0
96.0
139.0
97.0
89.0
141.0
96.0
143.0
95.0
94.0
95.0
142.0
93.0
134.0
86.0
98.0
136.0
94.0
138.0
90.0
89.0
98.0
132.0
532.0
135.0
98.0
139.0
84.0
139.0
97.0
137.0
145.0
139.0
502.0
138.0
517.0
138.0
96.0
141.0
91.0
97.0
137.0
93.0
95.0
89.0
94.0
132.0
96.0
136.0
96.0
94.0
94.0
98.0
134.0
91.0
98.0
97.0
139.0
96.0
94.0
141.0
96.0
137.0
97.0
136.0
94.0
87.0
139.0
98.0
138.0
92.0
138.0
94.0
89.0
81.0
94.0
141.0
89.0
95.0
93.0
92.0
92.0
91.0
136.0
95.0
98.0
91.0
96.0
138.0
92.0
96.0
92.0
95.0
91.0
140.0
90.0
138.0
91.0
86.0
134.0
94.0
134.0
98.0
97.0
134.0
96.0
97.0
132.0
93.0
134.0
93.0
138.0
96.0
136.0
96.0
87.0
100.0
93.0
137.0
93.0
136.0
93.0
93.0
96.0
95.0
136.0
92.0
142.0
90.0
136.0
97.0
139.0
93.0
95.0
137.0
90.0
138.0
96.0
138.0
92.0
100.0
89.0
94.0
138.0
97.0
74.0
92.0
142.0
96.0
135.0
93.0
136.0
95.0
141.0
94.0
133.0
93.0
141.0
95.0
95.0
138.0
94.0
136.0
89.0
137.0
93.0
100.0
139.0
97.0
93.0
95.0
94.0
132.0
94.0
138.0
94.0
136.0
98.0
139.0
93.0
137.0
84.0
83.0
138.0
91.0
138.0
91.0
136.0
90.0
134.0
96.0
94.0
140.0
93.0
138.0
97.0
96.0
136.0
451.0
134.0
94.0
100.0
333.0
138.0
97.0
95.0
136.0
94.0
136.0
97.0
138.0
469.0
138.0
96.0
162.0
93.0
93.0
138.0
94.0
141.0
96.0
91.0
136.0
84.0
90.0
137.0
93.0
91.0
140.0
93.0
149.0
90.0
133.0
92.0
137.0
97.0
135.0
81.0
137.0
88.0
141.0
90.0
141.0
98.0
92.0
139.0
94.0
94.0
138.0
91.0
85.0
139.0
98.0
140.0
96.0
140.0
91.0
138.0
91.0
89.0
89.0
134.0
96.0
133.0
90.0
257.0
138.0
89.0
94.0
93.0
96.0
139.0
91.0
137.0
93.0
136.0
75.0
137.0
90.0
97.0
93.0
93.0
493.0
96.0
95.0
138.0
96.0
95.0
92.0
136.0
97.0
141.0
95.0
93.0
94.0
135.0
497.0
89.0
134.0
83.0
138.0
93.0
96.0
94.0
133.0
99.0
137.0
98.0
93.0
87.0
136.0
92.0
96.0
93.0
91.0
96.0
134.0
86.0
134.0
90.0
134.0
87.0
94.0
139.0
93.0
94.0
137.0
98.0
136.0
93.0
94.0
97.0
134.0
91.0
91.0
92.0
93.0
141.0
93.0
136.0
98.0
137.0
98.0
94.0
137.0
93.0
96.0
78.0
141.0
97.0
138.0
93.0
136.0
96.0
139.0
96.0
93.0
89.0
96.0
138.0
93.0
133.0
92.0
97.0
138.0
91.0
138.0
89.0
139.0
96.0
139.0
99.0
89.0
91.0
94.0
96.0
137.0
85.0
138.0
94.0
97.0
97.0
91.0
138.0
96.0
91.0
136.0
94.0
137.0
93.0
141.0
94.0
97.0
91.0
93.0
139.0
98.0
98.0
97.0
135.0
95.0
95.0
132.0
93.0
87.0
98.0
138.0
101.0
138.0
90.0
98.0
96.0
137.0
96.0
96.0
134.0
96.0
136.0
92.0
142.0
92.0
93.0
137.0
86.0
140.0
88.0
133.0
92.0
94.0
134.0
171.0
141.0
88.0
141.0
87.0
136.0
93.0
138.0
96.0
138.0
93.0
137.0
88.0
138.0
90.0
141.0
83.0
138.0
96.0
93.0
135.0
98.0
92.0
136.0
98.0
138.0
89.0
77.0
93.0
138.0
91.0
90.0
97.0
92.0
144.0
96.0
93.0
139.0
92.0
141.0
96.0
138.0
94.0
137.0
94.0
136.0
92.0
136.0
93.0
88.0
134.0
84.0
92.0
97.0
91.0
96.0
134.0
93.0
136.0
93.0
137.0
98.0
97.0
138.0
92.0
96.0
97.0
100.0
94.0
95.0
92.0
92.0
140.0
93.0
134.0
95.0
91.0
139.0
95.0
135.0
101.0
138.0
96.0
138.0
93.0
140.0
89.0
137.0
91.0
87.0
91.0
141.0
77.0
140.0
94.0
96.0
139.0
96.0
137.0
98.0
142.0
96.0
138.0
100.0
96.0
93.0
139.0
90.0
136.0
93.0
146.0
92.0
139.0
94.0
138.0
96.0
141.0
91.0
138.0
84.0
141.0
94.0
91.0
98.0
142.0
98.0
136.0
85.0
137.0
96.0
89.0
137.0
98.0
93.0
138.0
92.0
93.0
138.0
90.0
137.0
95.0
137.0
84.0
98.0
138.0
95.0
86.0
94.0
137.0
96.0
92.0
139.0
96.0
96.0
90.0
136.0
95.0
94.0
90.0
96.0
